23
229
443
563
581
507
329
33
-281
-431
-395
-363
-403
-381
-187
137
437
571
539
385
111
-193
-343
-311
-281
-399
-581
-617
-455
-275
-197
-127
55
309
477
441
263
91
-17
-93
-149
-133
-57
-17
-43
-15
143
357
521
591
573
461
213
-125
-357
-381
-343
-369
-397
-292
-17
305
517
577
499
263
-61
-281
-311
-267
-321
-503
-621
-531
-345
-235
-183
-49
197
415
461
339
169
39
-61
-145
-161
-91
-33
-55
-67
39
237
431
547
579
535
353
25
-267
-365
-347
-357
-409
-383
-177
143
409
543
549
385
81
-195
-305
-273
-277
-425
-595
-585
-417
-279
-221
-127
81
327
449
395
247
107
-9
-117
-175
-123
-39
-35
-63
-7
155
347
491
571
589
481
191
-137
-319
-345
-337
-379
-409
-287
-7
285
491
583
503
241
-65
-251
-263
-235
-337
-523
-585
-469
-329
-257
-193
-29
219
411
431
315
173
57
-67
-167
-153
-63
-31
-65
-53
65
251
413
519
591
563
339
5
-241
-329
-329
-365
-433
-389
-167
121
373
547
561
365
57
-193
-269
-237
-289
-467
-593
-539
-397
-305
-259
-137
93
319
407
347
231
117
-15
-143
-173
-105
-53
-65
-79
-9
155
327
449
555
605
471
169
-125
-279
-307
-333
-409
-425
-273
-19
251
483
585
485
217
-73
-227
-223
-233
-379
-539
-551
-433
