0	-14.912
10.7666	-14.9089
21.5332	-14.8994
32.2998	-14.8836
43.0664	-14.8616
53.833	-14.8333
64.5996	-14.7989
75.3662	-14.7583
86.1328	-14.7117
96.8994	-14.6591
107.666	-14.6007
118.433	-14.5364
129.199	-14.4665
139.966	-14.3909
150.732	-14.3098
161.499	-14.2234
172.266	-14.1317
183.032	-14.0349
193.799	-13.933
204.565	-13.8262
215.332	-13.7145
226.099	-13.5982
236.865	-13.4772
247.632	-13.3517
258.398	-13.2219
269.165	-13.0877
279.932	-12.9493
290.698	-12.8067
301.465	-12.6601
312.231	-12.5095
322.998	-12.3549
333.765	-12.1964
344.531	-12.0341
355.298	-11.868
366.064	-11.6981
376.831	-11.5244
387.598	-11.347
398.364	-11.1659
409.131	-10.981
419.897	-10.7923
430.664	-10.5998
441.431	-10.4035
452.197	-10.2033
462.964	-9.99921
473.73	-9.79108
484.497	-9.57886
495.264	-9.36246
506.03	-9.14179
516.797	-8.9167
527.563	-8.68708
538.33	-8.45278
549.097	-8.21363
559.863	-7.96945
570.63	-7.72004
581.396	-7.46518
592.163	-7.20464
602.93	-6.93814
613.696	-6.66541
624.463	-6.38612
635.229	-6.09993
645.996	-5.80645
656.763	-5.50528
667.529	-5.19595
678.296	-4.87797
689.062	-4.55077
699.829	-4.21373
710.596	-3.8662
721.362	-3.5074
732.129	-3.13651
742.896	-2.75259
753.662	-2.3546
764.429	-1.94138
775.195	-1.5116
785.962	-1.06377
796.729	-0.596231
807.495	-0.107057
818.262	0.405923
829.028	0.94519
839.795	1.51358
850.562	2.1143
861.328	2.75102
872.095	3.42776
882.861	4.14884
893.628	4.91844
904.395	5.73959
915.161	6.61136
925.928	7.5215
936.694	8.42438
947.461	9.16282
958.228	9.08668
968.994	2.39396
979.761	22.3777
990.527	55.2382
1001.29	60.7736
1012.06	51.3681
1022.83	15.1703
1033.59	6.82214
1044.36	9.725
1055.13	9.4576
1065.89	8.67669
1076.66	7.80305
1087.43	6.94522
1098.19	6.1342
1108.96	5.37695
1119.73	4.67226
1130.49	4.01623
1141.26	3.40428
1152.03	2.83197
1162.79	2.2952
1173.56	1.79034
1184.33	1.31418
1195.09	0.863927
1205.86	0.437136
1216.63	0.0316635
1227.39	-0.354373
1238.16	-0.722631
1248.93	-1.07457
1259.69	-1.4115
1270.46	-1.73456
1281.23	-2.04479
1291.99	-2.34312
1302.76	-2.63038
1313.53	-2.9073
1324.29	-3.17459
1335.06	-3.43284
1345.83	-3.68263
1356.59	-3.92445
1367.36	-4.15879
1378.12	-4.38606
1388.89	-4.60666
1399.66	-4.82097
1410.42	-5.02929
1421.19	-5.23195
1431.96	-5.42924
1442.72	-5.62141
1453.49	-5.80873
1464.26	-5.9914
1475.02	-6.16966
1485.79	-6.34371
1496.56	-6.51371
1507.32	-6.67987
1518.09	-6.84233
1528.86	-7.00125
1539.62	-7.15679
1550.39	-7.30906
1561.16	-7.45822
1571.92	-7.60436
1582.69	-7.74762
1593.46	-7.88809
1604.22	-8.02589
1614.99	-8.1611
1625.76	-8.29382
1636.52	-8.42414
1647.29	-8.55214
1658.06	-8.6779
1668.82	-8.8015
1679.59	-8.923
1690.36	-9.04247
1701.12	-9.15999
1711.89	-9.2756
1722.66	-9.38937
1733.42	-9.50136
1744.19	-9.61162
1754.96	-9.72021
1765.72	-9.82716
1776.49	-9.93253
1787.26	-10.0364
1798.02	-10.1387
1808.79	-10.2396
1819.56	-10.3391
1830.32	-10.4372
1841.09	-10.5339
1851.86	-10.6294
1862.62	-10.7236
1873.39	-10.8166
1884.16	-10.9083
1894.92	-10.9989
1905.69	-11.0884
1916.46	-11.1767
1927.22	-11.264
1937.99	-11.3502
1948.75	-11.4353
1959.52	-11.5195
1970.29	-11.6026
1981.05	-11.6848
1991.82	-11.766
2002.59	-11.8464
2013.35	-11.9258
2024.12	-12.0044
2034.89	-12.082
2045.65	-12.1589
2056.42	-12.2349
2067.19	-12.3101
2077.95	-12.3845
2088.72	-12.4582
2099.49	-12.5311
2110.25	-12.6032
2121.02	-12.6746
2131.79	-12.7453
2142.55	-12.8153
2153.32	-12.8847
2164.09	-12.9533
2174.85	-13.0213
2185.62	-13.0887
2196.39	-13.1554
2207.15	-13.2215
2217.92	-13.287
2228.69	-13.3519
2239.45	-13.4162
2250.22	-13.4799
2260.99	-13.543
2271.75	-13.6056
2282.52	-13.6677
2293.29	-13.7292
2304.05	-13.7902
2314.82	-13.8507
2325.59	-13.9106
2336.35	-13.9701
2347.12	-14.029
2357.89	-14.0875
2368.65	-14.1455
2379.42	-14.2031
2390.19	-14.2602
2400.95	-14.3168
2411.72	-14.373
2422.49	-14.4287
2433.25	-14.484
2444.02	-14.5389
2454.79	-14.5933
2465.55	-14.6474
2476.32	-14.701
2487.08	-14.7543
2497.85	-14.8071
2508.62	-14.8596
2519.38	-14.9117
2530.15	-14.9634
2540.92	-15.0147
2551.68	-15.0657
2562.45	-15.1163
2573.22	-15.1665
2583.98	-15.2164
2594.75	-15.266
2605.52	-15.3152
2616.28	-15.3641
2627.05	-15.4126
2637.82	-15.4609
2648.58	-15.5088
2659.35	-15.5564
2670.12	-15.6036
2680.88	-15.6506
2691.65	-15.6973
2702.42	-15.7436
2713.18	-15.7897
2723.95	-15.8354
2734.72	-15.8809
2745.48	-15.9261
2756.25	-15.971
2767.02	-16.0157
2777.78	-16.06
2788.55	-16.1041
2799.32	-16.1479
2810.08	-16.1915
2820.85	-16.2348
2831.62	-16.2778
2842.38	-16.3206
2853.15	-16.3631
2863.92	-16.4054
2874.68	-16.4474
2885.45	-16.4892
2896.22	-16.5308
2906.98	-16.5721
2917.75	-16.6131
2928.52	-16.654
2939.28	-16.6946
2950.05	-16.735
2960.82	-16.7752
2971.58	-16.8151
2982.35	-16.8548
2993.12	-16.8943
3003.88	-16.9336
3014.65	-16.9727
3025.42	-17.0116
3036.18	-17.0503
3046.95	-17.0887
3057.71	-17.127
3068.48	-17.165
3079.25	-17.2029
3090.01	-17.2406
3100.78	-17.2781
3111.55	-17.3153
3122.31	-17.3524
3133.08	-17.3893
3143.85	-17.426
3154.61	-17.4625
3165.38	-17.4989
3176.15	-17.535
3186.91	-17.571
3197.68	-17.6068
3208.45	-17.6425
3219.21	-17.6779
3229.98	-17.7132
3240.75	-17.7483
3251.51	-17.7833
3262.28	-17.8181
3273.05	-17.8527
3283.81	-17.8871
3294.58	-17.9214
3305.35	-17.9556
3316.11	-17.9895
3326.88	-18.0234
3337.65	-18.057
3348.41	-18.0905
3359.18	-18.1239
3369.95	-18.1571
3380.71	-18.1901
3391.48	-18.223
3402.25	-18.2558
3413.01	-18.2884
3423.78	-18.3208
3434.55	-18.3532
3445.31	-18.3853
3456.08	-18.4174
3466.85	-18.4493
3477.61	-18.481
3488.38	-18.5127
3499.15	-18.5441
3509.91	-18.5755
3520.68	-18.6067
3531.45	-18.6378
3542.21	-18.6687
3552.98	-18.6996
3563.75	-18.7303
3574.51	-18.7608
3585.28	-18.7912
3596.04	-18.8216
3606.81	-18.8517
3617.58	-18.8818
3628.34	-18.9117
3639.11	-18.9416
3649.88	-18.9713
3660.64	-19.0008
3671.41	-19.0303
3682.18	-19.0596
3692.94	-19.0888
3703.71	-19.118
3714.48	-19.1469
3725.24	-19.1758
3736.01	-19.2046
3746.78	-19.2332
3757.54	-19.2618
3768.31	-19.2902
3779.08	-19.3185
3789.84	-19.3467
3800.61	-19.3749
3811.38	-19.4028
3822.14	-19.4307
3832.91	-19.4585
3843.68	-19.4862
3854.44	-19.5138
3865.21	-19.5412
3875.98	-19.5686
3886.74	-19.5959
3897.51	-19.623
3908.28	-19.6501
3919.04	-19.677
3929.81	-19.7039
3940.58	-19.7307
3951.34	-19.7574
3962.11	-19.7839
3972.88	-19.8104
3983.64	-19.8368
3994.41	-19.8631
4005.18	-19.8893
4015.94	-19.9154
4026.71	-19.9414
4037.48	-19.9673
4048.24	-19.9931
4059.01	-20.0188
4069.78	-20.0445
4080.54	-20.07
4091.31	-20.0955
4102.08	-20.1209
4112.84	-20.1462
4123.61	-20.1714
4134.38	-20.1965
4145.14	-20.2215
4155.91	-20.2465
4166.67	-20.2713
4177.44	-20.2961
4188.21	-20.3208
4198.97	-20.3454
4209.74	-20.3699
4220.51	-20.3944
4231.27	-20.4187
4242.04	-20.443
4252.81	-20.4672
4263.57	-20.4914
4274.34	-20.5154
4285.11	-20.5394
4295.87	-20.5633
4306.64	-20.587
4317.41	-20.6108
4328.17	-20.6344
4338.94	-20.658
4349.71	-20.6815
4360.47	-20.705
4371.24	-20.7283
4382.01	-20.7516
4392.77	-20.7748
4403.54	-20.7979
4414.31	-20.821
4425.07	-20.844
4435.84	-20.8669
4446.61	-20.8897
4457.37	-20.9125
4468.14	-20.9352
4478.91	-20.9578
4489.67	-20.9804
4500.44	-21.0028
4511.21	-21.0253
4521.97	-21.0476
4532.74	-21.0699
4543.51	-21.0921
4554.27	-21.1143
4565.04	-21.1363
4575.81	-21.1584
4586.57	-21.1803
4597.34	-21.2022
4608.11	-21.224
4618.87	-21.2458
4629.64	-21.2674
4640.41	-21.2891
4651.17	-21.3106
4661.94	-21.3321
4672.71	-21.3535
4683.47	-21.3749
4694.24	-21.3962
4705	-21.4175
4715.77	-21.4386
4726.54	-21.4598
4737.3	-21.4808
4748.07	-21.5018
4758.84	-21.5227
4769.6	-21.5436
4780.37	-21.5644
4791.14	-21.5852
4801.9	-21.6059
4812.67	-21.6265
4823.44	-21.6471
4834.2	-21.6676
4844.97	-21.6881
4855.74	-21.7085
4866.5	-21.7288
4877.27	-21.7491
4888.04	-21.7694
4898.8	-21.7895
4909.57	-21.8097
4920.34	-21.8297
4931.1	-21.8497
4941.87	-21.8697
4952.64	-21.8896
4963.4	-21.9094
4974.17	-21.9292
4984.94	-21.949
4995.7	-21.9686
5006.47	-21.9883
5017.24	-22.0078
5028	-22.0274
5038.77	-22.0468
5049.54	-22.0663
5060.3	-22.0856
5071.07	-22.1049
5081.84	-22.1242
5092.6	-22.1434
5103.37	-22.1625
5114.14	-22.1817
5124.9	-22.2007
5135.67	-22.2197
5146.44	-22.2387
5157.2	-22.2576
5167.97	-22.2765
5178.74	-22.2953
5189.5	-22.314
5200.27	-22.3327
5211.04	-22.3514
5221.8	-22.37
5232.57	-22.3886
5243.33	-22.4071
5254.1	-22.4255
5264.87	-22.444
5275.63	-22.4623
5286.4	-22.4807
5297.17	-22.4989
5307.93	-22.5172
5318.7	-22.5354
5329.47	-22.5535
5340.23	-22.5716
5351	-22.5896
5361.77	-22.6076
5372.53	-22.6256
5383.3	-22.6435
5394.07	-22.6614
5404.83	-22.6792
5415.6	-22.697
5426.37	-22.7147
5437.13	-22.7324
5447.9	-22.75
5458.67	-22.7676
5469.43	-22.7852
5480.2	-22.8027
5490.97	-22.8202
5501.73	-22.8376
5512.5	-22.855
5523.27	-22.8723
5534.03	-22.8896
5544.8	-22.9069
5555.57	-22.9241
5566.33	-22.9413
5577.1	-22.9584
5587.87	-22.9755
5598.63	-22.9926
5609.4	-23.0095
5620.17	-23.0265
5630.93	-23.0435
5641.7	-23.0604
5652.47	-23.0772
5663.23	-23.094
5674	-23.1108
5684.77	-23.1275
5695.53	-23.1442
5706.3	-23.1609
5717.07	-23.1774
5727.83	-23.194
5738.6	-23.2106
5749.37	-23.227
5760.13	-23.2435
5770.9	-23.2599
5781.67	-23.2763
5792.43	-23.2926
5803.2	-23.3089
5813.96	-23.3252
5824.73	-23.3414
5835.5	-23.3576
5846.26	-23.3737
5857.03	-23.3899
5867.8	-23.4059
5878.56	-23.422
5889.33	-23.438
5900.1	-23.4539
5910.86	-23.4699
5921.63	-23.4857
5932.4	-23.5016
5943.16	-23.5174
5953.93	-23.5332
5964.7	-23.549
5975.46	-23.5647
5986.23	-23.5803
5997	-23.596
6007.76	-23.6116
6018.53	-23.6272
6029.3	-23.6427
6040.06	-23.6582
6050.83	-23.6737
6061.6	-23.6891
6072.36	-23.7045
6083.13	-23.7198
6093.9	-23.7352
6104.66	-23.7505
6115.43	-23.7657
6126.2	-23.781
6136.96	-23.7962
6147.73	-23.8113
6158.5	-23.8264
6169.26	-23.8415
6180.03	-23.8566
6190.8	-23.8716
6201.56	-23.8866
6212.33	-23.9016
6223.1	-23.9165
6233.86	-23.9314
6244.63	-23.9463
6255.4	-23.9611
6266.16	-23.9759
6276.93	-23.9907
6287.7	-24.0054
6298.46	-24.0201
6309.23	-24.0348
6320	-24.0494
6330.76	-24.064
6341.53	-24.0786
6352.29	-24.0932
6363.06	-24.1077
6373.83	-24.1222
6384.59	-24.1366
6395.36	-24.1511
6406.13	-24.1655
6416.89	-24.1798
6427.66	-24.1942
6438.43	-24.2085
6449.19	-24.2227
6459.96	-24.237
6470.73	-24.2512
6481.49	-24.2654
6492.26	-24.2795
6503.03	-24.2936
6513.79	-24.3077
6524.56	-24.3218
6535.33	-24.3358
6546.09	-24.3498
6556.86	-24.3638
6567.63	-24.3778
6578.39	-24.3917
6589.16	-24.4056
6599.93	-24.4195
6610.69	-24.4333
6621.46	-24.4471
6632.23	-24.4609
6642.99	-24.4746
6653.76	-24.4883
6664.53	-24.502
6675.29	-24.5157
6686.06	-24.5293
6696.83	-24.5429
6707.59	-24.5565
6718.36	-24.5701
6729.13	-24.5836
6739.89	-24.5971
6750.66	-24.6106
6761.43	-24.624
6772.19	-24.6374
6782.96	-24.6508
6793.73	-24.6642
6804.49	-24.6775
6815.26	-24.6908
6826.03	-24.7041
6836.79	-24.7174
6847.56	-24.7306
6858.33	-24.7438
6869.09	-24.757
6879.86	-24.7701
6890.62	-24.7832
6901.39	-24.7964
6912.16	-24.8094
6922.92	-24.8225
6933.69	-24.8355
6944.46	-24.8485
6955.22	-24.8614
6965.99	-24.8744
6976.76	-24.8873
6987.52	-24.9002
6998.29	-24.9131
7009.06	-24.9259
7019.82	-24.9387
7030.59	-24.9515
7041.36	-24.9643
7052.12	-24.977
7062.89	-24.9897
7073.66	-25.0024
7084.42	-25.0151
7095.19	-25.0277
7105.96	-25.0403
7116.72	-25.0529
7127.49	-25.0655
7138.26	-25.0781
7149.02	-25.0906
7159.79	-25.1031
7170.56	-25.1156
7181.32	-25.128
7192.09	-25.1404
7202.86	-25.1528
7213.62	-25.1652
7224.39	-25.1776
7235.16	-25.1899
7245.92	-25.2022
7256.69	-25.2145
7267.46	-25.2267
7278.22	-25.239
7288.99	-25.2512
7299.76	-25.2633
7310.52	-25.2756
7321.29	-25.2877
7332.06	-25.2998
7342.82	-25.3119
7353.59	-25.324
7364.36	-25.336
7375.12	-25.348
7385.89	-25.3601
7396.66	-25.372
7407.42	-25.384
7418.19	-25.3959
7428.96	-25.4079
7439.72	-25.4197
7450.49	-25.4316
7461.25	-25.4435
7472.02	-25.4553
7482.79	-25.4671
7493.55	-25.4789
7504.32	-25.4906
7515.09	-25.5024
7525.85	-25.5141
7536.62	-25.5258
7547.39	-25.5375
7558.15	-25.5491
7568.92	-25.5608
7579.69	-25.5724
7590.45	-25.584
7601.22	-25.5955
7611.99	-25.6071
7622.75	-25.6186
7633.52	-25.6301
7644.29	-25.6416
7655.05	-25.653
7665.82	-25.6645
7676.59	-25.6759
7687.35	-25.6873
7698.12	-25.6986
7708.89	-25.7101
7719.65	-25.7214
7730.42	-25.7327
7741.19	-25.744
7751.95	-25.7552
7762.72	-25.7665
7773.49	-25.7777
7784.25	-25.7889
7795.02	-25.8001
7805.79	-25.8113
7816.55	-25.8224
7827.32	-25.8336
7838.09	-25.8447
7848.85	-25.8558
7859.62	-25.8669
7870.39	-25.8779
7881.15	-25.8889
7891.92	-25.9
7902.69	-25.9109
7913.45	-25.9219
7924.22	-25.9329
7934.99	-25.9438
7945.75	-25.9547
7956.52	-25.9656
7967.29	-25.9765
7978.05	-25.9873
7988.82	-25.9982
7999.58	-26.009
8010.35	-26.0198
8021.12	-26.0306
8031.88	-26.0413
8042.65	-26.0521
8053.42	-26.0628
8064.18	-26.0735
8074.95	-26.0842
8085.72	-26.0948
8096.48	-26.1054
8107.25	-26.1161
8118.02	-26.1267
8128.78	-26.1373
8139.55	-26.1479
8150.32	-26.1584
8161.08	-26.169
8171.85	-26.1795
8182.62	-26.19
8193.38	-26.2004
8204.15	-26.2109
8214.92	-26.2213
8225.68	-26.2318
8236.45	-26.2422
8247.22	-26.2526
8257.98	-26.2629
8268.75	-26.2733
8279.52	-26.2836
8290.28	-26.2939
8301.05	-26.3042
8311.82	-26.3145
8322.58	-26.3248
8333.35	-26.335
8344.12	-26.3452
8354.88	-26.3554
8365.65	-26.3656
8376.42	-26.3758
8387.18	-26.3859
8397.95	-26.396
8408.72	-26.4062
8419.48	-26.4163
8430.25	-26.4264
8441.02	-26.4364
8451.78	-26.4465
8462.55	-26.4565
8473.32	-26.4665
8484.08	-26.4765
8494.85	-26.4865
8505.62	-26.4965
8516.38	-26.5064
8527.15	-26.5164
8537.92	-26.5263
8548.68	-26.5362
8559.45	-26.5461
8570.21	-26.5559
8580.98	-26.5658
8591.75	-26.5756
8602.51	-26.5854
8613.28	-26.5952
8624.05	-26.605
8634.81	-26.6147
8645.58	-26.6245
8656.35	-26.6342
8667.11	-26.6439
8677.88	-26.6536
8688.65	-26.6633
8699.41	-26.6729
8710.18	-26.6826
8720.95	-26.6922
8731.71	-26.7018
8742.48	-26.7114
8753.25	-26.721
8764.01	-26.7306
8774.78	-26.7401
8785.55	-26.7497
8796.31	-26.7591
8807.08	-26.7687
8817.85	-26.7782
8828.61	-26.7876
8839.38	-26.7971
8850.15	-26.8065
8860.91	-26.8159
8871.68	-26.8254
8882.45	-26.8347
8893.21	-26.8441
8903.98	-26.8535
8914.75	-26.8628
8925.51	-26.8721
8936.28	-26.8815
8947.05	-26.8908
8957.81	-26.9
8968.58	-26.9093
8979.35	-26.9185
8990.11	-26.9278
9000.88	-26.937
9011.65	-26.9462
9022.41	-26.9554
9033.18	-26.9646
9043.95	-26.9737
9054.71	-26.9829
9065.48	-26.992
9076.25	-27.0011
9087.01	-27.0102
9097.78	-27.0193
9108.54	-27.0283
9119.31	-27.0374
9130.08	-27.0464
9140.84	-27.0555
9151.61	-27.0645
9162.38	-27.0735
9173.14	-27.0824
9183.91	-27.0914
9194.68	-27.1003
9205.44	-27.1093
9216.21	-27.1182
9226.98	-27.1271
9237.74	-27.136
9248.51	-27.1449
9259.28	-27.1537
9270.04	-27.1626
9280.81	-27.1714
9291.58	-27.1802
9302.34	-27.189
9313.11	-27.1978
9323.88	-27.2066
9334.64	-27.2153
9345.41	-27.2241
9356.18	-27.2328
9366.94	-27.2415
9377.71	-27.2502
9388.48	-27.2589
9399.24	-27.2676
9410.01	-27.2763
9420.78	-27.2849
9431.54	-27.2935
9442.31	-27.3021
9453.08	-27.3107
9463.84	-27.3193
9474.61	-27.3279
9485.38	-27.3365
9496.14	-27.3449
9506.91	-27.3536
9517.68	-27.3621
9528.44	-27.3706
9539.21	-27.3791
9549.98	-27.3875
9560.74	-27.396
9571.51	-27.4045
9582.28	-27.4129
9593.04	-27.4213
9603.81	-27.4297
9614.58	-27.4381
9625.34	-27.4465
9636.11	-27.4549
9646.88	-27.4632
9657.64	-27.4716
9668.41	-27.4799
9679.17	-27.4882
9689.94	-27.4965
9700.71	-27.5048
9711.47	-27.5131
9722.24	-27.5213
9733.01	-27.5296
9743.77	-27.5378
9754.54	-27.546
9765.31	-27.5542
9776.07	-27.5624
9786.84	-27.5706
9797.61	-27.5787
9808.37	-27.587
9819.14	-27.5951
9829.91	-27.6032
9840.67	-27.6113
9851.44	-27.6194
9862.21	-27.6275
9872.97	-27.6356
9883.74	-27.6437
9894.51	-27.6518
9905.27	-27.6597
9916.04	-27.6678
9926.81	-27.6758
9937.57	-27.6838
9948.34	-27.6918
9959.11	-27.6998
9969.87	-27.7077
9980.64	-27.7157
9991.41	-27.7236
10002.2	-27.7315
10012.9	-27.7394
10023.7	-27.7473
10034.5	-27.7552
10045.2	-27.7631
10056	-27.771
10066.8	-27.7788
10077.5	-27.7866
10088.3	-27.7945
10099.1	-27.8022
10109.8	-27.8101
10120.6	-27.8179
10131.4	-27.8256
10142.1	-27.8334
10152.9	-27.8411
10163.7	-27.8489
10174.4	-27.8566
10185.2	-27.8643
10196	-27.872
10206.7	-27.8797
10217.5	-27.8874
10228.3	-27.895
10239	-27.9027
10249.8	-27.9103
10260.6	-27.918
10271.3	-27.9256
10282.1	-27.9332
10292.9	-27.9408
10303.6	-27.9484
10314.4	-27.9559
10325.2	-27.9635
10335.9	-27.971
10346.7	-27.9785
10357.5	-27.9861
10368.2	-27.9936
10379	-28.0011
10389.8	-28.0086
10400.5	-28.016
10411.3	-28.0235
10422.1	-28.0309
10432.8	-28.0384
10443.6	-28.0458
10454.4	-28.0532
10465.1	-28.0606
10475.9	-28.068
10486.7	-28.0753
10497.4	-28.0828
10508.2	-28.09
10519	-28.0974
10529.7	-28.1048
10540.5	-28.1121
10551.3	-28.1194
10562	-28.1267
10572.8	-28.134
10583.6	-28.1412
10594.3	-28.1485
10605.1	-28.1558
10615.9	-28.163
10626.6	-28.1702
10637.4	-28.1774
10648.2	-28.1846
10658.9	-28.1918
10669.7	-28.199
10680.5	-28.2062
10691.2	-28.2133
10702	-28.2205
10712.8	-28.2276
10723.5	-28.2348
10734.3	-28.2419
10745.1	-28.249
10755.8	-28.2561
10766.6	-28.2631
10777.4	-28.2702
10788.1	-28.2772
10798.9	-28.2845
10809.7	-28.2913
10820.4	-28.2984
10831.2	-28.3054
10842	-28.3124
10852.7	-28.3194
10863.5	-28.3264
10874.3	-28.3334
10885	-28.3403
10895.8	-28.3473
10906.6	-28.3542
10917.3	-28.3611
10928.1	-28.368
10938.9	-28.3749
10949.6	-28.3818
10960.4	-28.3887
10971.2	-28.3956
10981.9	-28.4025
10992.7	-28.4093
11003.5	-28.4162
11014.2	-28.423
11025	-28.4298
11035.8	-28.4366
11046.5	-28.4434
11057.3	-28.4502
11068.1	-28.457
11078.8	-28.4637
11089.6	-28.4705
11100.4	-28.4772
11111.1	-28.484
11121.9	-28.4907
11132.7	-28.4974
11143.4	-28.5041
11154.2	-28.5108
11165	-28.5175
11175.7	-28.5242
11186.5	-28.5308
11197.3	-28.5374
11208	-28.5442
11218.8	-28.5507
11229.6	-28.5574
11240.3	-28.564
11251.1	-28.5706
11261.9	-28.5772
11272.6	-28.5837
11283.4	-28.5903
11294.2	-28.5969
11304.9	-28.6034
11315.7	-28.6099
11326.5	-28.6165
11337.2	-28.623
11348	-28.6295
11358.8	-28.636
11369.5	-28.6425
11380.3	-28.649
11391.1	-28.6554
11401.8	-28.6619
11412.6	-28.6683
11423.4	-28.6748
11434.1	-28.6812
11444.9	-28.6876
11455.7	-28.694
11466.4	-28.7004
11477.2	-28.7068
11488	-28.7132
11498.7	-28.7195
11509.5	-28.7259
11520.3	-28.7322
11531	-28.7386
11541.8	-28.7449
11552.6	-28.7512
11563.3	-28.7575
11574.1	-28.7638
11584.9	-28.7701
11595.6	-28.7764
11606.4	-28.7826
11617.2	-28.7889
11627.9	-28.7951
11638.7	-28.8014
11649.5	-28.8076
11660.2	-28.8138
11671	-28.82
11681.8	-28.8262
11692.5	-28.8324
11703.3	-28.8386
11714.1	-28.8447
11724.8	-28.8509
11735.6	-28.857
11746.4	-28.8632
11757.1	-28.8693
11767.9	-28.8754
11778.7	-28.8815
11789.4	-28.8876
11800.2	-28.8938
11811	-28.8998
11821.7	-28.9059
11832.5	-28.912
11843.3	-28.918
11854	-28.9241
11864.8	-28.9301
11875.6	-28.9361
11886.3	-28.9421
11897.1	-28.9482
11907.9	-28.9541
11918.6	-28.9601
11929.4	-28.9661
11940.2	-28.9721
11950.9	-28.978
11961.7	-28.984
11972.5	-28.9899
11983.2	-28.9958
11994	-29.0018
12004.8	-29.0077
12015.5	-29.0136
12026.3	-29.0195
12037.1	-29.0254
12047.8	-29.0312
12058.6	-29.0371
12069.4	-29.0429
12080.1	-29.0488
12090.9	-29.0546
12101.7	-29.0605
12112.4	-29.0663
12123.2	-29.0721
12134	-29.0779
12144.7	-29.0837
12155.5	-29.0895
12166.3	-29.0952
12177	-29.101
12187.8	-29.1068
12198.6	-29.1125
12209.3	-29.1183
12220.1	-29.124
12230.9	-29.1297
12241.6	-29.1354
12252.4	-29.1411
12263.2	-29.1468
12273.9	-29.1525
12284.7	-29.1581
12295.5	-29.1639
12306.2	-29.1694
12317	-29.1751
12327.8	-29.1808
12338.5	-29.1864
12349.3	-29.192
12360.1	-29.1976
12370.8	-29.2032
12381.6	-29.2088
12392.4	-29.2144
12403.1	-29.22
12413.9	-29.2255
12424.7	-29.2311
12435.4	-29.2367
12446.2	-29.2422
12457	-29.2477
12467.7	-29.2533
12478.5	-29.2588
12489.3	-29.2643
12500	-29.2698
12510.8	-29.2753
12521.6	-29.2807
12532.3	-29.2862
12543.1	-29.2917
12553.9	-29.2971
12564.6	-29.3026
12575.4	-29.308
12586.2	-29.3134
12596.9	-29.3189
12607.7	-29.3242
12618.5	-29.3297
12629.2	-29.3351
12640	-29.3404
12650.8	-29.3458
12661.5	-29.3512
12672.3	-29.3565
12683.1	-29.3619
12693.8	-29.3672
12704.6	-29.3726
12715.4	-29.3779
12726.1	-29.3832
12736.9	-29.3885
12747.7	-29.3938
12758.4	-29.3991
12769.2	-29.4044
12780	-29.4097
12790.7	-29.4149
12801.5	-29.4202
12812.3	-29.4254
12823	-29.4307
12833.8	-29.4359
12844.6	-29.4411
12855.3	-29.4463
12866.1	-29.4515
12876.9	-29.4567
12887.6	-29.4619
12898.4	-29.4672
12909.2	-29.4722
12919.9	-29.4774
12930.7	-29.4826
12941.5	-29.4877
12952.2	-29.4929
12963	-29.498
12973.8	-29.5031
12984.5	-29.5082
12995.3	-29.5134
13006.1	-29.5184
13016.8	-29.5235
13027.6	-29.5286
13038.4	-29.5337
13049.1	-29.5388
13059.9	-29.5438
13070.7	-29.5489
13081.4	-29.5539
13092.2	-29.559
13103	-29.5639
13113.7	-29.569
13124.5	-29.574
13135.3	-29.579
13146	-29.584
13156.8	-29.589
13167.6	-29.5939
13178.3	-29.5989
13189.1	-29.6039
13199.9	-29.6088
13210.6	-29.6138
13221.4	-29.6187
13232.2	-29.6236
13242.9	-29.6285
13253.7	-29.6334
13264.5	-29.6383
13275.2	-29.6432
13286	-29.6481
13296.8	-29.6531
13307.5	-29.6578
13318.3	-29.6627
13329.1	-29.6676
13339.8	-29.6724
13350.6	-29.6773
13361.4	-29.6821
13372.1	-29.6869
13382.9	-29.6918
13393.7	-29.6966
13404.4	-29.7014
13415.2	-29.7061
13426	-29.7109
13436.7	-29.7157
13447.5	-29.7205
13458.3	-29.7252
13469	-29.73
13479.8	-29.7347
13490.6	-29.7395
13501.3	-29.7442
13512.1	-29.7489
13522.9	-29.7536
13533.6	-29.7583
13544.4	-29.763
13555.2	-29.7677
13565.9	-29.7724
13576.7	-29.7771
13587.5	-29.7818
13598.2	-29.7864
13609	-29.7911
13619.8	-29.7957
13630.5	-29.8003
13641.3	-29.805
13652.1	-29.8096
13662.8	-29.8142
13673.6	-29.8188
13684.4	-29.8234
13695.1	-29.828
13705.9	-29.8325
13716.7	-29.8371
13727.4	-29.8417
13738.2	-29.8463
13749	-29.8508
13759.7	-29.8554
13770.5	-29.8599
13781.2	-29.8644
13792	-29.8689
13802.8	-29.8735
13813.5	-29.878
13824.3	-29.8825
13835.1	-29.887
13845.8	-29.8914
13856.6	-29.8959
13867.4	-29.9004
13878.1	-29.9048
13888.9	-29.9093
13899.7	-29.9136
13910.4	-29.9182
13921.2	-29.9226
13932	-29.927
13942.7	-29.9315
13953.5	-29.9359
13964.3	-29.9403
13975	-29.9447
13985.8	-29.9491
13996.6	-29.9533
14007.3	-29.9579
14018.1	-29.9621
14028.9	-29.9665
14039.6	-29.9709
14050.4	-29.9752
14061.2	-29.9795
14071.9	-29.9839
14082.7	-29.9882
14093.5	-29.9924
14104.2	-29.9968
14115	-30.0011
14125.8	-30.0054
14136.5	-30.0097
14147.3	-30.0139
14158.1	-30.0182
14168.8	-30.0225
14179.6	-30.0267
14190.4	-30.0309
14201.1	-30.0352
14211.9	-30.0394
14222.7	-30.0437
14233.4	-30.0479
14244.2	-30.0521
14255	-30.0563
14265.7	-30.0605
14276.5	-30.0647
14287.3	-30.0689
14298	-30.073
14308.8	-30.0772
14319.6	-30.0813
14330.3	-30.0855
14341.1	-30.0896
14351.9	-30.0938
14362.6	-30.0979
14373.4	-30.102
14384.2	-30.1062
14394.9	-30.1102
14405.7	-30.1144
14416.5	-30.1184
14427.2	-30.1225
14438	-30.1266
14448.8	-30.1307
14459.5	-30.1348
14470.3	-30.1388
14481.1	-30.1429
14491.8	-30.1469
14502.6	-30.1509
14513.4	-30.155
14524.1	-30.159
14534.9	-30.163
14545.7	-30.167
14556.4	-30.171
14567.2	-30.175
14578	-30.179
14588.7	-30.183
14599.5	-30.1869
14610.3	-30.191
14621	-30.1949
14631.8	-30.1988
14642.6	-30.2028
14653.3	-30.2067
14664.1	-30.2107
14674.9	-30.2146
14685.6	-30.2185
14696.4	-30.2224
14707.2	-30.2263
14717.9	-30.2302
14728.7	-30.2341
14739.5	-30.238
14750.2	-30.2419
14761	-30.2457
14771.8	-30.2496
14782.5	-30.2534
14793.3	-30.2573
14804.1	-30.2611
14814.8	-30.265
14825.6	-30.2688
14836.4	-30.2726
14847.1	-30.2764
14857.9	-30.2802
14868.7	-30.284
14879.4	-30.2878
14890.2	-30.2916
14901	-30.2954
14911.7	-30.2992
14922.5	-30.3029
14933.3	-30.3067
14944	-30.3104
14954.8	-30.3142
14965.6	-30.3179
14976.3	-30.3216
14987.1	-30.3254
14997.9	-30.3291
15008.6	-30.3328
15019.4	-30.3365
15030.2	-30.3402
15040.9	-30.3439
15051.7	-30.3476
15062.5	-30.3513
15073.2	-30.3549
15084	-30.3586
15094.8	-30.3623
15105.5	-30.3659
15116.3	-30.3695
15127.1	-30.3732
15137.8	-30.3768
15148.6	-30.3804
15159.4	-30.384
15170.1	-30.3877
15180.9	-30.3913
15191.7	-30.3949
15202.4	-30.3984
15213.2	-30.402
15224	-30.4056
15234.7	-30.4092
15245.5	-30.4127
15256.3	-30.4163
15267	-30.4198
15277.8	-30.4234
15288.6	-30.4269
15299.3	-30.4305
15310.1	-30.434
15320.9	-30.4375
15331.6	-30.441
15342.4	-30.4445
15353.2	-30.448
15363.9	-30.4515
15374.7	-30.455
15385.5	-30.4585
15396.2	-30.4619
15407	-30.4654
15417.8	-30.4688
15428.5	-30.4723
15439.3	-30.4757
15450.1	-30.4792
15460.8	-30.4826
15471.6	-30.486
15482.4	-30.4894
15493.1	-30.4928
15503.9	-30.4963
15514.7	-30.4996
15525.4	-30.503
15536.2	-30.5064
15547	-30.5098
15557.7	-30.5132
15568.5	-30.5165
15579.3	-30.5199
15590	-30.5233
15600.8	-30.5266
15611.6	-30.53
15622.3	-30.5333
15633.1	-30.5366
15643.9	-30.5399
15654.6	-30.5432
15665.4	-30.5465
15676.2	-30.5498
15686.9	-30.5531
15697.7	-30.5565
15708.5	-30.5597
15719.2	-30.563
15730	-30.5662
15740.8	-30.5695
15751.5	-30.5728
15762.3	-30.576
15773.1	-30.5793
15783.8	-30.5825
15794.6	-30.5859
15805.4	-30.5888
15816.1	-30.5922
15826.9	-30.5954
15837.7	-30.5986
15848.4	-30.6018
15859.2	-30.605
15870	-30.6082
15880.7	-30.6113
15891.5	-30.6145
15902.3	-30.6177
15913	-30.6208
15923.8	-30.624
15934.6	-30.6271
15945.3	-30.6303
15956.1	-30.6334
15966.9	-30.6365
15977.6	-30.6397
15988.4	-30.6428
15999.2	-30.6459
16009.9	-30.649
16020.7	-30.6521
16031.5	-30.6552
16042.2	-30.6583
16053	-30.6613
16063.8	-30.6644
16074.5	-30.6675
16085.3	-30.6705
16096.1	-30.6735
16106.8	-30.6767
16117.6	-30.6797
16128.4	-30.6827
16139.1	-30.6857
16149.9	-30.6887
16160.7	-30.6918
16171.4	-30.6948
16182.2	-30.6978
16193	-30.7007
16203.7	-30.7038
16214.5	-30.7067
16225.3	-30.7097
16236	-30.7127
16246.8	-30.7157
16257.6	-30.7186
16268.3	-30.7216
16279.1	-30.7245
16289.9	-30.7274
16300.6	-30.7304
16311.4	-30.7333
16322.2	-30.7362
16332.9	-30.7392
16343.7	-30.7421
16354.5	-30.745
16365.2	-30.7479
16376	-30.7508
16386.8	-30.7536
16397.5	-30.7566
16408.3	-30.7594
16419.1	-30.7623
16429.8	-30.7651
16440.6	-30.768
16451.4	-30.7708
16462.1	-30.7737
16472.9	-30.7765
16483.7	-30.7793
16494.4	-30.7822
16505.2	-30.7849
16516	-30.7878
16526.7	-30.7906
16537.5	-30.7934
16548.3	-30.7962
16559	-30.799
16569.8	-30.8018
16580.6	-30.8045
16591.3	-30.8073
16602.1	-30.8101
16612.9	-30.8128
16623.6	-30.8156
16634.4	-30.8183
16645.2	-30.8211
16655.9	-30.8238
16666.7	-30.8265
16677.5	-30.8292
16688.2	-30.8319
16699	-30.8347
16709.8	-30.8374
16720.5	-30.8401
16731.3	-30.8427
16742.1	-30.8454
16752.8	-30.8481
16763.6	-30.8508
16774.4	-30.8534
16785.1	-30.8561
16795.9	-30.8589
16806.7	-30.8613
16817.4	-30.8641
16828.2	-30.8667
16839	-30.8693
16849.7	-30.8719
16860.5	-30.8746
16871.3	-30.8772
16882	-30.8798
16892.8	-30.8823
16903.6	-30.885
16914.3	-30.8875
16925.1	-30.8901
16935.9	-30.8927
16946.6	-30.8953
16957.4	-30.8979
16968.2	-30.9004
16978.9	-30.903
16989.7	-30.9055
17000.5	-30.908
17011.2	-30.9106
17022	-30.9131
17032.8	-30.9156
17043.5	-30.9182
17054.3	-30.9207
17065.1	-30.9232
17075.8	-30.9257
17086.6	-30.9282
17097.4	-30.9306
17108.1	-30.9332
17118.9	-30.9356
17129.7	-30.9381
17140.4	-30.9405
17151.2	-30.943
17162	-30.9455
17172.7	-30.9479
17183.5	-30.9504
17194.3	-30.9527
17205	-30.9553
17215.8	-30.9576
17226.6	-30.96
17237.3	-30.9625
17248.1	-30.9649
17258.9	-30.9673
17269.6	-30.9697
17280.4	-30.972
17291.2	-30.9744
17301.9	-30.9768
17312.7	-30.9792
17323.5	-30.9815
17334.2	-30.9839
17345	-30.9863
17355.8	-30.9886
17366.5	-30.9909
17377.3	-30.9933
17388.1	-30.9957
17398.8	-30.9978
17409.6	-31.0003
17420.4	-31.0026
17431.1	-31.0049
17441.9	-31.0072
17452.7	-31.0095
17463.4	-31.0118
17474.2	-31.014
17485	-31.0163
17495.7	-31.0186
17506.5	-31.0209
17517.3	-31.0231
17528	-31.0254
17538.8	-31.0276
17549.6	-31.0299
17560.3	-31.0321
17571.1	-31.0343
17581.9	-31.0366
17592.6	-31.0387
17603.4	-31.0411
17614.2	-31.0432
17624.9	-31.0454
17635.7	-31.0476
17646.5	-31.0498
17657.2	-31.052
17668	-31.0541
17678.8	-31.0563
17689.5	-31.0585
17700.3	-31.0606
17711.1	-31.0628
17721.8	-31.065
17732.6	-31.0671
17743.4	-31.0692
17754.1	-31.0714
17764.9	-31.0735
17775.7	-31.0756
17786.4	-31.0778
17797.2	-31.0798
17808	-31.082
17818.7	-31.0841
17829.5	-31.0862
17840.3	-31.0882
17851	-31.0903
17861.8	-31.0924
17872.6	-31.0945
17883.3	-31.0966
17894.1	-31.0986
17904.9	-31.1007
17915.6	-31.1027
17926.4	-31.1048
17937.2	-31.1068
17947.9	-31.1088
17958.7	-31.1108
17969.5	-31.1129
17980.2	-31.1149
17991	-31.1169
18001.8	-31.1189
18012.5	-31.1209
18023.3	-31.1229
18034.1	-31.1249
18044.8	-31.1269
18055.6	-31.1288
18066.4	-31.1308
18077.1	-31.1328
18087.9	-31.1347
18098.7	-31.1367
18109.4	-31.1386
18120.2	-31.1406
18131	-31.1425
18141.7	-31.1444
18152.5	-31.1464
18163.3	-31.1483
18174	-31.1502
18184.8	-31.1521
18195.6	-31.1539
18206.3	-31.156
18217.1	-31.1578
18227.9	-31.1597
18238.6	-31.1616
18249.4	-31.1634
18260.2	-31.1653
18270.9	-31.1672
18281.7	-31.169
18292.5	-31.1709
18303.2	-31.1726
18314	-31.1746
18324.8	-31.1764
18335.5	-31.1782
18346.3	-31.18
18357.1	-31.1819
18367.8	-31.1837
18378.6	-31.1855
18389.4	-31.1873
18400.1	-31.1891
18410.9	-31.1909
18421.7	-31.1927
18432.4	-31.1944
18443.2	-31.1962
18454	-31.198
18464.7	-31.1998
18475.5	-31.2015
18486.3	-31.2033
18497	-31.205
18507.8	-31.2068
18518.6	-31.2085
18529.3	-31.2102
18540.1	-31.2119
18550.9	-31.2137
18561.6	-31.2154
18572.4	-31.2171
18583.2	-31.2188
18593.9	-31.2206
18604.7	-31.2221
18615.5	-31.2239
18626.2	-31.2255
18637	-31.2272
18647.8	-31.2289
18658.5	-31.2305
18669.3	-31.2322
18680.1	-31.2339
18690.8	-31.2355
18701.6	-31.2371
18712.4	-31.2388
18723.1	-31.2404
18733.9	-31.242
18744.7	-31.2437
18755.4	-31.2453
18766.2	-31.2469
18777	-31.2485
18787.7	-31.2501
18798.5	-31.2516
18809.3	-31.2533
18820	-31.2548
18830.8	-31.2564
18841.6	-31.258
18852.3	-31.2596
18863.1	-31.2611
18873.9	-31.2627
18884.6	-31.2642
18895.4	-31.2658
18906.2	-31.2673
18916.9	-31.2688
18927.7	-31.2704
18938.5	-31.2719
18949.2	-31.2734
18960	-31.2749
18970.8	-31.2764
18981.5	-31.2779
18992.3	-31.2794
19003.1	-31.2809
19013.8	-31.2824
19024.6	-31.2839
19035.4	-31.2853
19046.1	-31.2868
19056.9	-31.2883
19067.7	-31.2897
19078.4	-31.2912
19089.2	-31.2926
19100	-31.294
19110.7	-31.2955
19121.5	-31.2969
19132.3	-31.2984
19143	-31.2998
19153.8	-31.3012
19164.6	-31.3026
19175.3	-31.304
19186.1	-31.3054
19196.9	-31.3067
19207.6	-31.3082
19218.4	-31.3096
19229.2	-31.3109
19239.9	-31.3123
19250.7	-31.3137
19261.5	-31.315
19272.2	-31.3164
19283	-31.3177
19293.8	-31.319
19304.5	-31.3205
19315.3	-31.3217
19326	-31.3231
19336.8	-31.3244
19347.6	-31.3257
19358.3	-31.327
19369.1	-31.3283
19379.9	-31.3296
19390.6	-31.3309
19401.4	-31.3322
19412.2	-31.3335
19422.9	-31.3348
19433.7	-31.3361
19444.5	-31.3373
19455.2	-31.3386
19466	-31.3398
19476.8	-31.3411
19487.5	-31.3424
19498.3	-31.3435
19509.1	-31.3449
19519.8	-31.3461
19530.6	-31.3473
19541.4	-31.3485
19552.1	-31.3497
19562.9	-31.3509
19573.7	-31.3521
19584.4	-31.3533
19595.2	-31.3545
19606	-31.3557
19616.7	-31.3569
19627.5	-31.3581
19638.3	-31.3592
19649	-31.3604
19659.8	-31.3616
19670.6	-31.3627
19681.3	-31.3639
19692.1	-31.365
19702.9	-31.3662
19713.6	-31.3673
19724.4	-31.3684
19735.2	-31.3696
19745.9	-31.3707
19756.7	-31.3718
19767.5	-31.3729
19778.2	-31.374
19789	-31.3751
19799.8	-31.3762
19810.5	-31.3773
19821.3	-31.3784
19832.1	-31.3794
19842.8	-31.3805
19853.6	-31.3816
19864.4	-31.3826
19875.1	-31.3837
19885.9	-31.3847
19896.7	-31.3858
19907.4	-31.3868
19918.2	-31.3879
19929	-31.3889
19939.7	-31.3899
19950.5	-31.3909
19961.3	-31.3919
19972	-31.3929
19982.8	-31.394
19993.6	-31.3949
20004.3	-31.396
20015.1	-31.3969
20025.9	-31.3979
20036.6	-31.3989
20047.4	-31.3998
20058.2	-31.4008
20068.9	-31.4018
20079.7	-31.4027
20090.5	-31.4037
20101.2	-31.4046
20112	-31.4056
20122.8	-31.4065
20133.5	-31.4074
20144.3	-31.4083
20155.1	-31.4093
20165.8	-31.4102
20176.6	-31.4111
20187.4	-31.412
20198.1	-31.4129
20208.9	-31.4137
20219.7	-31.4147
20230.4	-31.4155
20241.2	-31.4164
20252	-31.4173
20262.7	-31.4182
20273.5	-31.419
20284.3	-31.4199
20295	-31.4207
20305.8	-31.4216
20316.6	-31.4224
20327.3	-31.4232
20338.1	-31.4241
20348.9	-31.4249
20359.6	-31.4257
20370.4	-31.4265
20381.2	-31.4273
20391.9	-31.4281
20402.7	-31.4289
20413.5	-31.4297
20424.2	-31.4305
20435	-31.4313
20445.8	-31.4321
20456.5	-31.4328
20467.3	-31.4336
20478.1	-31.4344
20488.8	-31.4351
20499.6	-31.4359
20510.4	-31.4366
20521.1	-31.4373
20531.9	-31.4381
20542.7	-31.4388
20553.4	-31.4395
20564.2	-31.4403
20575	-31.441
20585.7	-31.4416
20596.5	-31.4425
20607.3	-31.443
20618	-31.4438
20628.8	-31.4445
20639.6	-31.4451
20650.3	-31.4458
20661.1	-31.4465
20671.9	-31.4471
20682.6	-31.4478
20693.4	-31.4485
20704.2	-31.4491
20714.9	-31.4498
20725.7	-31.4504
20736.5	-31.451
20747.2	-31.4517
20758	-31.4523
20768.8	-31.4529
20779.5	-31.4535
20790.3	-31.4541
20801.1	-31.4547
20811.8	-31.4553
20822.6	-31.4559
20833.4	-31.4565
20844.1	-31.4571
20854.9	-31.4577
20865.7	-31.4582
20876.4	-31.4588
20887.2	-31.4594
20898	-31.4599
20908.7	-31.4605
20919.5	-31.461
20930.3	-31.4616
20941	-31.4621
20951.8	-31.4626
20962.6	-31.4632
20973.3	-31.4637
20984.1	-31.4642
20994.9	-31.4646
21005.6	-31.4653
21016.4	-31.4657
21027.2	-31.4662
21037.9	-31.4667
21048.7	-31.4672
21059.5	-31.4677
21070.2	-31.4681
21081	-31.4686
21091.8	-31.4691
21102.5	-31.4695
21113.3	-31.47
21124.1	-31.4704
21134.8	-31.4709
21145.6	-31.4713
21156.4	-31.4717
21167.1	-31.4722
21177.9	-31.4726
21188.7	-31.473
21199.4	-31.4734
21210.2	-31.4738
21221	-31.4742
21231.7	-31.4746
21242.5	-31.475
21253.3	-31.4754
21264	-31.4758
21274.8	-31.4762
21285.6	-31.4765
21296.3	-31.4768
21307.1	-31.4773
21317.9	-31.4776
21328.6	-31.4779
21339.4	-31.4783
21350.2	-31.4786
21360.9	-31.479
21371.7	-31.4793
21382.5	-31.4796
21393.2	-31.4799
21404	-31.4803
21414.8	-31.4805
21425.5	-31.4809
21436.3	-31.4812
21447.1	-31.4814
21457.8	-31.4817
21468.6	-31.482
21479.4	-31.4823
21490.1	-31.4826
21500.9	-31.4829
21511.7	-31.4831
21522.4	-31.4833
21533.2	-31.4836
21544	-31.4838
21554.7	-31.4841
21565.5	-31.4843
21576.3	-31.4846
21587	-31.4848
21597.8	-31.485
21608.6	-31.4852
21619.3	-31.4854
21630.1	-31.4856
21640.9	-31.4858
21651.6	-31.486
21662.4	-31.4862
21673.2	-31.4864
21683.9	-31.4865
21694.7	-31.4869
21705.5	-31.4867
21716.2	-31.4871
21727	-31.4872
21737.8	-31.4874
21748.5	-31.4875
21759.3	-31.4877
21770.1	-31.4878
21780.8	-31.4879
21791.6	-31.4881
21802.4	-31.4882
21813.1	-31.4883
21823.9	-31.4884
21834.7	-31.4885
21845.4	-31.4886
21856.2	-31.4887
21867	-31.4888
21877.7	-31.4889
21888.5	-31.489
21899.3	-31.489
21910	-31.4891
21920.8	-31.4892
21931.6	-31.4892
21942.3	-31.4893
21953.1	-31.4893
21963.9	-31.4894
21974.6	-31.4894
21985.4	-31.4895
21996.2	-31.4895
22006.9	-31.4895
22017.7	-31.4895
22028.5	-31.4895
22039.2	-31.4896
22050	-31.4896
22060.8	-31.4896
22071.5	-31.4895
22082.3	-31.4895
22093.1	-31.4895
22103.8	-31.4895
22114.6	-31.4895
22125.4	-31.4894
22136.1	-31.4894
22146.9	-31.4893
22157.7	-31.4893
22168.4	-31.4892
22179.2	-31.4892
22190	-31.4891
22200.7	-31.489
22211.5	-31.489
22222.3	-31.4889
22233	-31.4888
22243.8	-31.4887
22254.6	-31.4886
22265.3	-31.4885
22276.1	-31.4884
22286.9	-31.4883
22297.6	-31.4882
22308.4	-31.4881
22319.2	-31.4879
22329.9	-31.4878
22340.7	-31.4877
22351.5	-31.4875
22362.2	-31.4874
22373	-31.4872
22383.8	-31.4871
22394.5	-31.4867
22405.3	-31.4869
22416.1	-31.4865
22426.8	-31.4864
22437.6	-31.4862
22448.4	-31.486
22459.1	-31.4858
22469.9	-31.4856
22480.7	-31.4854
22491.4	-31.4852
22502.2	-31.485
22513	-31.4848
22523.7	-31.4846
22534.5	-31.4843
22545.3	-31.4841
22556	-31.4838
22566.8	-31.4836
22577.6	-31.4833
22588.3	-31.4831
22599.1	-31.4829
22609.9	-31.4826
22620.6	-31.4823
22631.4	-31.482
22642.2	-31.4817
22652.9	-31.4814
22663.7	-31.4812
22674.5	-31.4809
22685.2	-31.4805
22696	-31.4803
22706.8	-31.4799
22717.5	-31.4796
22728.3	-31.4793
22739.1	-31.479
22749.8	-31.4786
22760.6	-31.4783
22771.4	-31.4779
22782.1	-31.4776
22792.9	-31.4773
22803.7	-31.4768
22814.4	-31.4765
22825.2	-31.4762
22836	-31.4758
22846.7	-31.4754
22857.5	-31.475
22868.3	-31.4746
22879	-31.4742
22889.8	-31.4738
22900.6	-31.4734
22911.3	-31.473
22922.1	-31.4726
22932.9	-31.4722
22943.6	-31.4717
22954.4	-31.4713
22965.2	-31.4709
22975.9	-31.4704
22986.7	-31.47
22997.5	-31.4695
23008.2	-31.4691
23019	-31.4686
23029.8	-31.4681
23040.5	-31.4677
23051.3	-31.4672
23062.1	-31.4667
23072.8	-31.4662
23083.6	-31.4657
23094.4	-31.4653
23105.1	-31.4646
23115.9	-31.4642
23126.7	-31.4637
23137.4	-31.4632
23148.2	-31.4626
23159	-31.4621
23169.7	-31.4616
23180.5	-31.461
23191.3	-31.4605
23202	-31.4599
23212.8	-31.4594
23223.6	-31.4588
23234.3	-31.4582
23245.1	-31.4577
23255.9	-31.4571
23266.6	-31.4565
23277.4	-31.4559
23288.2	-31.4553
23298.9	-31.4547
23309.7	-31.4541
23320.5	-31.4535
23331.2	-31.4529
23342	-31.4523
23352.8	-31.4517
23363.5	-31.451
23374.3	-31.4504
23385.1	-31.4498
23395.8	-31.4491
23406.6	-31.4485
23417.4	-31.4478
23428.1	-31.4471
23438.9	-31.4465
23449.7	-31.4458
23460.4	-31.4451
23471.2	-31.4445
23482	-31.4438
23492.7	-31.443
23503.5	-31.4425
23514.3	-31.4416
23525	-31.441
23535.8	-31.4403
23546.6	-31.4395
23557.3	-31.4388
23568.1	-31.4381
23578.9	-31.4373
23589.6	-31.4366
23600.4	-31.4359
23611.2	-31.4351
23621.9	-31.4344
23632.7	-31.4336
23643.5	-31.4328
23654.2	-31.4321
23665	-31.4313
23675.8	-31.4305
23686.5	-31.4297
23697.3	-31.4289
23708.1	-31.4281
23718.8	-31.4273
23729.6	-31.4265
23740.4	-31.4257
23751.1	-31.4249
23761.9	-31.4241
23772.7	-31.4232
23783.4	-31.4224
23794.2	-31.4216
23805	-31.4207
23815.7	-31.4199
23826.5	-31.419
23837.3	-31.4182
23848	-31.4173
23858.8	-31.4164
23869.6	-31.4155
23880.3	-31.4147
23891.1	-31.4137
23901.9	-31.4129
23912.6	-31.412
23923.4	-31.4111
23934.2	-31.4102
23944.9	-31.4093
23955.7	-31.4083
23966.5	-31.4074
23977.2	-31.4065
23988	-31.4056
23998.8	-31.4046
24009.5	-31.4037
24020.3	-31.4027
24031.1	-31.4018
24041.8	-31.4008
24052.6	-31.3998
24063.4	-31.3989
24074.1	-31.3979
24084.9	-31.3969
24095.7	-31.396
24106.4	-31.3949
24117.2	-31.394
24128	-31.3929
24138.7	-31.3919
24149.5	-31.3909
24160.3	-31.3899
24171	-31.3889
24181.8	-31.3879
24192.6	-31.3868
24203.3	-31.3858
24214.1	-31.3847
24224.9	-31.3837
24235.6	-31.3826
24246.4	-31.3816
24257.2	-31.3805
24267.9	-31.3794
24278.7	-31.3784
24289.5	-31.3773
24300.2	-31.3762
24311	-31.3751
24321.8	-31.374
24332.5	-31.3729
24343.3	-31.3718
24354.1	-31.3707
24364.8	-31.3696
24375.6	-31.3684
24386.4	-31.3673
24397.1	-31.3662
24407.9	-31.365
24418.7	-31.3639
24429.4	-31.3627
24440.2	-31.3616
24451	-31.3604
24461.7	-31.3592
24472.5	-31.3581
24483.3	-31.3569
24494	-31.3557
24504.8	-31.3545
24515.6	-31.3533
24526.3	-31.3521
24537.1	-31.3509
24547.9	-31.3497
24558.6	-31.3485
24569.4	-31.3473
24580.2	-31.3461
24590.9	-31.3449
24601.7	-31.3435
24612.5	-31.3424
24623.2	-31.3411
24634	-31.3398
24644.8	-31.3386
24655.5	-31.3373
24666.3	-31.3361
24677.1	-31.3348
24687.8	-31.3335
24698.6	-31.3322
24709.4	-31.3309
24720.1	-31.3296
24730.9	-31.3283
24741.7	-31.327
24752.4	-31.3257
24763.2	-31.3244
24774	-31.3231
24784.7	-31.3217
24795.5	-31.3205
24806.2	-31.319
24817	-31.3177
24827.8	-31.3164
24838.5	-31.315
24849.3	-31.3137
24860.1	-31.3123
24870.8	-31.3109
24881.6	-31.3096
24892.4	-31.3082
24903.1	-31.3067
24913.9	-31.3054
24924.7	-31.304
24935.4	-31.3026
24946.2	-31.3012
24957	-31.2998
24967.7	-31.2984
24978.5	-31.2969
24989.3	-31.2955
25000	-31.294
25010.8	-31.2926
25021.6	-31.2912
25032.3	-31.2897
25043.1	-31.2883
25053.9	-31.2868
25064.6	-31.2853
25075.4	-31.2839
25086.2	-31.2824
25096.9	-31.2809
25107.7	-31.2794
25118.5	-31.2779
25129.2	-31.2764
25140	-31.2749
25150.8	-31.2734
25161.5	-31.2719
25172.3	-31.2704
25183.1	-31.2688
25193.8	-31.2673
25204.6	-31.2658
25215.4	-31.2642
25226.1	-31.2627
25236.9	-31.2611
25247.7	-31.2596
25258.4	-31.258
25269.2	-31.2564
25280	-31.2548
25290.7	-31.2533
25301.5	-31.2516
25312.3	-31.2501
25323	-31.2485
25333.8	-31.2469
25344.6	-31.2453
25355.3	-31.2437
25366.1	-31.242
25376.9	-31.2404
25387.6	-31.2388
25398.4	-31.2371
25409.2	-31.2355
25419.9	-31.2339
25430.7	-31.2322
25441.5	-31.2305
25452.2	-31.2289
25463	-31.2272
25473.8	-31.2255
25484.5	-31.2239
25495.3	-31.2221
25506.1	-31.2206
25516.8	-31.2188
25527.6	-31.2171
25538.4	-31.2154
25549.1	-31.2137
25559.9	-31.2119
25570.7	-31.2102
25581.4	-31.2085
25592.2	-31.2068
25603	-31.205
25613.7	-31.2033
25624.5	-31.2015
25635.3	-31.1998
25646	-31.198
25656.8	-31.1962
25667.6	-31.1944
25678.3	-31.1927
25689.1	-31.1909
25699.9	-31.1891
25710.6	-31.1873
25721.4	-31.1855
25732.2	-31.1837
25742.9	-31.1819
25753.7	-31.18
25764.5	-31.1782
25775.2	-31.1764
25786	-31.1746
25796.8	-31.1726
25807.5	-31.1709
25818.3	-31.169
25829.1	-31.1672
25839.8	-31.1653
25850.6	-31.1634
25861.4	-31.1616
25872.1	-31.1597
25882.9	-31.1578
25893.7	-31.156
25904.4	-31.1539
25915.2	-31.1521
25926	-31.1502
25936.7	-31.1483
25947.5	-31.1464
25958.3	-31.1444
25969	-31.1425
25979.8	-31.1406
25990.6	-31.1386
26001.3	-31.1367
26012.1	-31.1347
26022.9	-31.1328
26033.6	-31.1308
26044.4	-31.1288
26055.2	-31.1269
26065.9	-31.1249
26076.7	-31.1229
26087.5	-31.1209
26098.2	-31.1189
26109	-31.1169
26119.8	-31.1149
26130.5	-31.1129
26141.3	-31.1108
26152.1	-31.1088
26162.8	-31.1068
26173.6	-31.1048
26184.4	-31.1027
26195.1	-31.1007
26205.9	-31.0986
26216.7	-31.0966
26227.4	-31.0945
26238.2	-31.0924
26249	-31.0903
26259.7	-31.0882
26270.5	-31.0862
26281.3	-31.0841
26292	-31.082
26302.8	-31.0798
26313.6	-31.0778
26324.3	-31.0756
26335.1	-31.0735
26345.9	-31.0714
26356.6	-31.0692
26367.4	-31.0671
26378.2	-31.065
26388.9	-31.0628
26399.7	-31.0606
26410.5	-31.0585
26421.2	-31.0563
26432	-31.0541
26442.8	-31.052
26453.5	-31.0498
26464.3	-31.0476
26475.1	-31.0454
26485.8	-31.0432
26496.6	-31.0411
26507.4	-31.0387
26518.1	-31.0366
26528.9	-31.0343
26539.7	-31.0321
26550.4	-31.0299
26561.2	-31.0276
26572	-31.0254
26582.7	-31.0231
26593.5	-31.0209
26604.3	-31.0186
26615	-31.0163
26625.8	-31.014
26636.6	-31.0118
26647.3	-31.0095
26658.1	-31.0072
26668.9	-31.0049
26679.6	-31.0026
26690.4	-31.0003
26701.2	-30.9978
26711.9	-30.9957
26722.7	-30.9933
26733.5	-30.9909
26744.2	-30.9886
26755	-30.9863
26765.8	-30.9839
26776.5	-30.9815
26787.3	-30.9792
26798.1	-30.9768
26808.8	-30.9744
26819.6	-30.972
26830.4	-30.9697
26841.1	-30.9673
26851.9	-30.9649
26862.7	-30.9625
26873.4	-30.96
26884.2	-30.9576
26895	-30.9553
26905.7	-30.9527
26916.5	-30.9504
26927.3	-30.9479
26938	-30.9455
26948.8	-30.943
26959.6	-30.9405
26970.3	-30.9381
26981.1	-30.9356
26991.9	-30.9332
27002.6	-30.9306
27013.4	-30.9282
27024.2	-30.9257
27034.9	-30.9232
27045.7	-30.9207
27056.5	-30.9182
27067.2	-30.9156
27078	-30.9131
27088.8	-30.9106
27099.5	-30.908
27110.3	-30.9055
27121.1	-30.903
27131.8	-30.9004
27142.6	-30.8979
27153.4	-30.8953
27164.1	-30.8927
27174.9	-30.8901
27185.7	-30.8875
27196.4	-30.885
27207.2	-30.8823
27218	-30.8798
27228.7	-30.8772
27239.5	-30.8746
27250.3	-30.8719
27261	-30.8693
27271.8	-30.8667
27282.6	-30.8641
27293.3	-30.8613
27304.1	-30.8589
27314.9	-30.8561
27325.6	-30.8534
27336.4	-30.8508
27347.2	-30.8481
27357.9	-30.8454
27368.7	-30.8427
27379.5	-30.8401
27390.2	-30.8374
27401	-30.8347
27411.8	-30.8319
27422.5	-30.8292
27433.3	-30.8265
27444.1	-30.8238
27454.8	-30.8211
27465.6	-30.8183
27476.4	-30.8156
27487.1	-30.8128
27497.9	-30.8101
27508.7	-30.8073
27519.4	-30.8045
27530.2	-30.8018
27541	-30.799
27551.7	-30.7962
27562.5	-30.7934
27573.3	-30.7906
27584	-30.7878
27594.8	-30.7849
27605.6	-30.7822
27616.3	-30.7793
27627.1	-30.7765
27637.9	-30.7737
27648.6	-30.7708
27659.4	-30.768
27670.2	-30.7651
27680.9	-30.7623
27691.7	-30.7594
27702.5	-30.7566
27713.2	-30.7536
27724	-30.7508
27734.8	-30.7479
27745.5	-30.745
27756.3	-30.7421
27767.1	-30.7392
27777.8	-30.7362
27788.6	-30.7333
27799.4	-30.7304
27810.1	-30.7274
27820.9	-30.7245
27831.7	-30.7216
27842.4	-30.7186
27853.2	-30.7157
27864	-30.7127
27874.7	-30.7097
27885.5	-30.7067
27896.3	-30.7038
27907	-30.7007
27917.8	-30.6978
27928.6	-30.6948
27939.3	-30.6918
27950.1	-30.6887
27960.9	-30.6857
27971.6	-30.6827
27982.4	-30.6797
27993.2	-30.6767
28003.9	-30.6735
28014.7	-30.6705
28025.5	-30.6675
28036.2	-30.6644
28047	-30.6613
28057.8	-30.6583
28068.5	-30.6552
28079.3	-30.6521
28090.1	-30.649
28100.8	-30.6459
28111.6	-30.6428
28122.4	-30.6397
28133.1	-30.6365
28143.9	-30.6334
28154.7	-30.6303
28165.4	-30.6271
28176.2	-30.624
28187	-30.6208
28197.7	-30.6177
28208.5	-30.6145
28219.3	-30.6113
28230	-30.6082
28240.8	-30.605
28251.6	-30.6018
28262.3	-30.5986
28273.1	-30.5954
28283.9	-30.5922
28294.6	-30.5888
28305.4	-30.5859
28316.2	-30.5825
28326.9	-30.5793
28337.7	-30.576
28348.5	-30.5728
28359.2	-30.5695
28370	-30.5662
28380.8	-30.563
28391.5	-30.5597
28402.3	-30.5565
28413.1	-30.5531
28423.8	-30.5498
28434.6	-30.5465
28445.4	-30.5432
28456.1	-30.5399
28466.9	-30.5366
28477.7	-30.5333
28488.4	-30.53
28499.2	-30.5266
28510	-30.5233
28520.7	-30.5199
28531.5	-30.5165
28542.3	-30.5132
28553	-30.5098
28563.8	-30.5064
28574.6	-30.503
28585.3	-30.4996
28596.1	-30.4963
28606.9	-30.4928
28617.6	-30.4894
28628.4	-30.486
28639.2	-30.4826
28649.9	-30.4792
28660.7	-30.4757
28671.5	-30.4723
28682.2	-30.4688
28693	-30.4654
28703.8	-30.4619
28714.5	-30.4585
28725.3	-30.455
28736.1	-30.4515
28746.8	-30.448
28757.6	-30.4445
28768.4	-30.441
28779.1	-30.4375
28789.9	-30.434
28800.7	-30.4305
28811.4	-30.4269
28822.2	-30.4234
28833	-30.4198
28843.7	-30.4163
28854.5	-30.4127
28865.3	-30.4092
28876	-30.4056
28886.8	-30.402
28897.6	-30.3984
28908.3	-30.3949
28919.1	-30.3913
28929.9	-30.3877
28940.6	-30.384
28951.4	-30.3804
28962.2	-30.3768
28972.9	-30.3732
28983.7	-30.3695
28994.5	-30.3659
29005.2	-30.3623
29016	-30.3586
29026.8	-30.3549
29037.5	-30.3513
29048.3	-30.3476
29059.1	-30.3439
29069.8	-30.3402
29080.6	-30.3365
29091.4	-30.3328
29102.1	-30.3291
29112.9	-30.3254
29123.7	-30.3216
29134.4	-30.3179
29145.2	-30.3142
29156	-30.3104
29166.7	-30.3067
29177.5	-30.3029
29188.3	-30.2992
29199	-30.2954
29209.8	-30.2916
29220.6	-30.2878
29231.3	-30.284
29242.1	-30.2802
29252.9	-30.2764
29263.6	-30.2726
29274.4	-30.2688
29285.2	-30.265
29295.9	-30.2611
29306.7	-30.2573
29317.5	-30.2534
29328.2	-30.2496
29339	-30.2457
29349.8	-30.2419
29360.5	-30.238
29371.3	-30.2341
29382.1	-30.2302
29392.8	-30.2263
29403.6	-30.2224
29414.4	-30.2185
29425.1	-30.2146
29435.9	-30.2107
29446.7	-30.2067
29457.4	-30.2028
29468.2	-30.1988
29479	-30.1949
29489.7	-30.191
29500.5	-30.1869
29511.3	-30.183
29522	-30.179
29532.8	-30.175
29543.6	-30.171
29554.3	-30.167
29565.1	-30.163
29575.9	-30.159
29586.6	-30.155
29597.4	-30.1509
29608.2	-30.1469
29618.9	-30.1429
29629.7	-30.1388
29640.5	-30.1348
29651.2	-30.1307
29662	-30.1266
29672.8	-30.1225
29683.5	-30.1184
29694.3	-30.1144
29705.1	-30.1102
29715.8	-30.1062
29726.6	-30.102
29737.4	-30.0979
29748.1	-30.0938
29758.9	-30.0896
29769.7	-30.0855
29780.4	-30.0813
29791.2	-30.0772
29802	-30.073
29812.7	-30.0689
29823.5	-30.0647
29834.3	-30.0605
29845	-30.0563
29855.8	-30.0521
29866.6	-30.0479
29877.3	-30.0437
29888.1	-30.0394
29898.9	-30.0352
29909.6	-30.0309
29920.4	-30.0267
29931.2	-30.0225
29941.9	-30.0182
29952.7	-30.0139
29963.5	-30.0097
29974.2	-30.0054
29985	-30.0011
29995.8	-29.9968
30006.5	-29.9924
30017.3	-29.9882
30028.1	-29.9839
30038.8	-29.9795
30049.6	-29.9752
30060.4	-29.9709
30071.1	-29.9665
30081.9	-29.9621
30092.7	-29.9579
30103.4	-29.9533
30114.2	-29.9491
30125	-29.9447
30135.7	-29.9403
30146.5	-29.9359
30157.3	-29.9315
30168	-29.927
30178.8	-29.9226
30189.6	-29.9182
30200.3	-29.9136
30211.1	-29.9093
30221.9	-29.9048
30232.6	-29.9004
30243.4	-29.8959
30254.2	-29.8914
30264.9	-29.887
30275.7	-29.8825
30286.5	-29.878
30297.2	-29.8735
30308	-29.8689
30318.8	-29.8644
30329.5	-29.8599
30340.3	-29.8554
30351	-29.8508
30361.8	-29.8463
30372.6	-29.8417
30383.3	-29.8371
30394.1	-29.8325
30404.9	-29.828
30415.6	-29.8234
30426.4	-29.8188
30437.2	-29.8142
30447.9	-29.8096
30458.7	-29.805
30469.5	-29.8003
30480.2	-29.7957
30491	-29.7911
30501.8	-29.7864
30512.5	-29.7818
30523.3	-29.7771
30534.1	-29.7724
30544.8	-29.7677
30555.6	-29.763
30566.4	-29.7583
30577.1	-29.7536
30587.9	-29.7489
30598.7	-29.7442
30609.4	-29.7395
30620.2	-29.7347
30631	-29.73
30641.7	-29.7252
30652.5	-29.7205
30663.3	-29.7157
30674	-29.7109
30684.8	-29.7061
30695.6	-29.7014
30706.3	-29.6966
30717.1	-29.6918
30727.9	-29.6869
30738.6	-29.6821
30749.4	-29.6773
30760.2	-29.6724
30770.9	-29.6676
30781.7	-29.6627
30792.5	-29.6578
30803.2	-29.6531
30814	-29.6481
30824.8	-29.6432
30835.5	-29.6383
30846.3	-29.6334
30857.1	-29.6285
30867.8	-29.6236
30878.6	-29.6187
30889.4	-29.6138
30900.1	-29.6088
30910.9	-29.6039
30921.7	-29.5989
30932.4	-29.5939
30943.2	-29.589
30954	-29.584
30964.7	-29.579
30975.5	-29.574
30986.3	-29.569
30997	-29.5639
31007.8	-29.559
31018.6	-29.5539
31029.3	-29.5489
31040.1	-29.5438
31050.9	-29.5388
31061.6	-29.5337
31072.4	-29.5286
31083.2	-29.5235
31093.9	-29.5184
31104.7	-29.5134
31115.5	-29.5082
31126.2	-29.5031
31137	-29.498
31147.8	-29.4929
31158.5	-29.4877
31169.3	-29.4826
31180.1	-29.4774
31190.8	-29.4722
31201.6	-29.4672
31212.4	-29.4619
31223.1	-29.4567
31233.9	-29.4515
31244.7	-29.4463
31255.4	-29.4411
31266.2	-29.4359
31277	-29.4307
31287.7	-29.4254
31298.5	-29.4202
31309.3	-29.4149
31320	-29.4097
31330.8	-29.4044
31341.6	-29.3991
31352.3	-29.3938
31363.1	-29.3885
31373.9	-29.3832
31384.6	-29.3779
31395.4	-29.3726
31406.2	-29.3672
31416.9	-29.3619
31427.7	-29.3565
31438.5	-29.3512
31449.2	-29.3458
31460	-29.3404
31470.8	-29.3351
31481.5	-29.3297
31492.3	-29.3242
31503.1	-29.3189
31513.8	-29.3134
31524.6	-29.308
31535.4	-29.3026
31546.1	-29.2971
31556.9	-29.2917
31567.7	-29.2862
31578.4	-29.2807
31589.2	-29.2753
31600	-29.2698
31610.7	-29.2643
31621.5	-29.2588
31632.3	-29.2533
31643	-29.2477
31653.8	-29.2422
31664.6	-29.2367
31675.3	-29.2311
31686.1	-29.2255
31696.9	-29.22
31707.6	-29.2144
31718.4	-29.2088
31729.2	-29.2032
31739.9	-29.1976
31750.7	-29.192
31761.5	-29.1864
31772.2	-29.1808
31783	-29.1751
31793.8	-29.1694
31804.5	-29.1639
31815.3	-29.1581
31826.1	-29.1525
31836.8	-29.1468
31847.6	-29.1411
31858.4	-29.1354
31869.1	-29.1297
31879.9	-29.124
31890.7	-29.1183
31901.4	-29.1125
31912.2	-29.1068
31923	-29.101
31933.7	-29.0952
31944.5	-29.0895
31955.3	-29.0837
31966	-29.0779
31976.8	-29.0721
31987.6	-29.0663
31998.3	-29.0605
32009.1	-29.0546
32019.9	-29.0488
32030.6	-29.0429
32041.4	-29.0371
32052.2	-29.0312
32062.9	-29.0254
32073.7	-29.0195
32084.5	-29.0136
32095.2	-29.0077
32106	-29.0018
32116.8	-28.9958
32127.5	-28.9899
32138.3	-28.984
32149.1	-28.978
32159.8	-28.9721
32170.6	-28.9661
32181.4	-28.9601
32192.1	-28.9541
32202.9	-28.9482
32213.7	-28.9421
32224.4	-28.9361
32235.2	-28.9301
32246	-28.9241
32256.7	-28.918
32267.5	-28.912
32278.3	-28.9059
32289	-28.8998
32299.8	-28.8938
32310.6	-28.8876
32321.3	-28.8815
32332.1	-28.8754
32342.9	-28.8693
32353.6	-28.8632
32364.4	-28.857
32375.2	-28.8509
32385.9	-28.8447
32396.7	-28.8386
32407.5	-28.8324
32418.2	-28.8262
32429	-28.82
32439.8	-28.8138
32450.5	-28.8076
32461.3	-28.8014
32472.1	-28.7951
32482.8	-28.7889
32493.6	-28.7826
32504.4	-28.7764
32515.1	-28.7701
32525.9	-28.7638
32536.7	-28.7575
32547.4	-28.7512
32558.2	-28.7449
32569	-28.7386
32579.7	-28.7322
32590.5	-28.7259
32601.3	-28.7195
32612	-28.7132
32622.8	-28.7068
32633.6	-28.7004
32644.3	-28.694
32655.1	-28.6876
32665.9	-28.6812
32676.6	-28.6748
32687.4	-28.6683
32698.2	-28.6619
32708.9	-28.6554
32719.7	-28.649
32730.5	-28.6425
32741.2	-28.636
32752	-28.6295
32762.8	-28.623
32773.5	-28.6165
32784.3	-28.6099
32795.1	-28.6034
32805.8	-28.5969
32816.6	-28.5903
32827.4	-28.5837
32838.1	-28.5772
32848.9	-28.5706
32859.7	-28.564
32870.4	-28.5574
32881.2	-28.5507
32892	-28.5442
32902.7	-28.5374
32913.5	-28.5308
32924.3	-28.5242
32935	-28.5175
32945.8	-28.5108
32956.6	-28.5041
32967.3	-28.4974
32978.1	-28.4907
32988.9	-28.484
32999.6	-28.4772
33010.4	-28.4705
33021.2	-28.4637
33031.9	-28.457
33042.7	-28.4502
33053.5	-28.4434
33064.2	-28.4366
33075	-28.4298
33085.8	-28.423
33096.5	-28.4162
33107.3	-28.4093
33118.1	-28.4025
33128.8	-28.3956
33139.6	-28.3887
33150.4	-28.3818
33161.1	-28.3749
33171.9	-28.368
33182.7	-28.3611
33193.4	-28.3542
33204.2	-28.3473
33215	-28.3403
33225.7	-28.3334
33236.5	-28.3264
33247.3	-28.3194
33258	-28.3124
33268.8	-28.3054
33279.6	-28.2984
33290.3	-28.2913
33301.1	-28.2845
33311.9	-28.2772
33322.6	-28.2702
33333.4	-28.2631
33344.2	-28.2561
33354.9	-28.249
33365.7	-28.2419
33376.5	-28.2348
33387.2	-28.2276
33398	-28.2205
33408.8	-28.2133
33419.5	-28.2062
33430.3	-28.199
33441.1	-28.1918
33451.8	-28.1846
33462.6	-28.1774
33473.4	-28.1702
33484.1	-28.163
33494.9	-28.1558
33505.7	-28.1485
33516.4	-28.1412
33527.2	-28.134
33538	-28.1267
33548.7	-28.1194
33559.5	-28.1121
33570.3	-28.1048
33581	-28.0974
33591.8	-28.09
33602.6	-28.0828
33613.3	-28.0753
33624.1	-28.068
33634.9	-28.0606
33645.6	-28.0532
33656.4	-28.0458
33667.2	-28.0384
33677.9	-28.0309
33688.7	-28.0235
33699.5	-28.016
33710.2	-28.0086
33721	-28.0011
33731.8	-27.9936
33742.5	-27.9861
33753.3	-27.9785
33764.1	-27.971
33774.8	-27.9635
33785.6	-27.9559
33796.4	-27.9484
33807.1	-27.9408
33817.9	-27.9332
33828.7	-27.9256
33839.4	-27.918
33850.2	-27.9103
33861	-27.9027
33871.7	-27.895
33882.5	-27.8874
33893.3	-27.8797
33904	-27.872
33914.8	-27.8643
33925.6	-27.8566
33936.3	-27.8489
33947.1	-27.8411
33957.9	-27.8334
33968.6	-27.8256
33979.4	-27.8179
33990.2	-27.8101
34000.9	-27.8022
34011.7	-27.7945
34022.5	-27.7866
34033.2	-27.7788
34044	-27.771
34054.8	-27.7631
34065.5	-27.7552
34076.3	-27.7473
34087.1	-27.7394
34097.8	-27.7315
34108.6	-27.7236
34119.4	-27.7157
34130.1	-27.7077
34140.9	-27.6998
34151.7	-27.6918
34162.4	-27.6838
34173.2	-27.6758
34184	-27.6678
34194.7	-27.6597
34205.5	-27.6518
34216.3	-27.6437
34227	-27.6356
34237.8	-27.6275
34248.6	-27.6194
34259.3	-27.6113
34270.1	-27.6032
34280.9	-27.5951
34291.6	-27.587
34302.4	-27.5787
34313.2	-27.5706
34323.9	-27.5624
34334.7	-27.5542
34345.5	-27.546
34356.2	-27.5378
34367	-27.5296
34377.8	-27.5213
34388.5	-27.5131
34399.3	-27.5048
34410.1	-27.4965
34420.8	-27.4882
34431.6	-27.4799
34442.4	-27.4716
34453.1	-27.4632
34463.9	-27.4549
34474.7	-27.4465
34485.4	-27.4381
34496.2	-27.4297
34507	-27.4213
34517.7	-27.4129
34528.5	-27.4045
34539.3	-27.396
34550	-27.3875
34560.8	-27.3791
34571.6	-27.3706
34582.3	-27.3621
34593.1	-27.3536
34603.9	-27.3449
34614.6	-27.3365
34625.4	-27.3279
34636.2	-27.3193
34646.9	-27.3107
34657.7	-27.3021
34668.5	-27.2935
34679.2	-27.2849
34690	-27.2763
34700.8	-27.2676
34711.5	-27.2589
34722.3	-27.2502
34733.1	-27.2415
34743.8	-27.2328
34754.6	-27.2241
34765.4	-27.2153
34776.1	-27.2066
34786.9	-27.1978
34797.7	-27.189
34808.4	-27.1802
34819.2	-27.1714
34830	-27.1626
34840.7	-27.1537
34851.5	-27.1449
34862.3	-27.136
34873	-27.1271
34883.8	-27.1182
34894.6	-27.1093
34905.3	-27.1003
34916.1	-27.0914
34926.9	-27.0824
34937.6	-27.0735
34948.4	-27.0645
34959.2	-27.0555
34969.9	-27.0464
34980.7	-27.0374
34991.5	-27.0283
35002.2	-27.0193
35013	-27.0102
35023.8	-27.0011
35034.5	-26.992
35045.3	-26.9829
35056.1	-26.9737
35066.8	-26.9646
35077.6	-26.9554
35088.4	-26.9462
35099.1	-26.937
35109.9	-26.9278
35120.7	-26.9185
35131.4	-26.9093
35142.2	-26.9
35153	-26.8908
35163.7	-26.8815
35174.5	-26.8721
35185.3	-26.8628
35196	-26.8535
35206.8	-26.8441
35217.6	-26.8347
35228.3	-26.8254
35239.1	-26.8159
35249.9	-26.8065
35260.6	-26.7971
35271.4	-26.7876
35282.2	-26.7782
35292.9	-26.7687
35303.7	-26.7591
35314.5	-26.7497
35325.2	-26.7401
35336	-26.7306
35346.8	-26.721
35357.5	-26.7114
35368.3	-26.7018
35379.1	-26.6922
35389.8	-26.6826
35400.6	-26.6729
35411.4	-26.6633
35422.1	-26.6536
35432.9	-26.6439
35443.7	-26.6342
35454.4	-26.6245
35465.2	-26.6147
35476	-26.605
35486.7	-26.5952
35497.5	-26.5854
35508.3	-26.5756
35519	-26.5658
35529.8	-26.5559
35540.6	-26.5461
35551.3	-26.5362
35562.1	-26.5263
35572.9	-26.5164
35583.6	-26.5064
35594.4	-26.4965
35605.2	-26.4865
35615.9	-26.4765
35626.7	-26.4665
35637.5	-26.4565
35648.2	-26.4465
35659	-26.4364
35669.8	-26.4264
35680.5	-26.4163
35691.3	-26.4062
35702.1	-26.396
35712.8	-26.3859
35723.6	-26.3758
35734.4	-26.3656
35745.1	-26.3554
35755.9	-26.3452
35766.7	-26.335
35777.4	-26.3248
35788.2	-26.3145
35799	-26.3042
35809.7	-26.2939
35820.5	-26.2836
35831.2	-26.2733
35842	-26.2629
35852.8	-26.2526
35863.5	-26.2422
35874.3	-26.2318
35885.1	-26.2213
35895.8	-26.2109
35906.6	-26.2004
35917.4	-26.19
35928.1	-26.1795
35938.9	-26.169
35949.7	-26.1584
35960.4	-26.1479
35971.2	-26.1373
35982	-26.1267
35992.7	-26.1161
36003.5	-26.1054
36014.3	-26.0948
36025	-26.0842
36035.8	-26.0735
36046.6	-26.0628
36057.3	-26.0521
36068.1	-26.0413
36078.9	-26.0306
36089.6	-26.0198
36100.4	-26.009
36111.2	-25.9982
36121.9	-25.9873
36132.7	-25.9765
36143.5	-25.9656
36154.2	-25.9547
36165	-25.9438
36175.8	-25.9329
36186.5	-25.9219
36197.3	-25.9109
36208.1	-25.9
36218.8	-25.8889
36229.6	-25.8779
36240.4	-25.8669
36251.1	-25.8558
36261.9	-25.8447
36272.7	-25.8336
36283.4	-25.8224
36294.2	-25.8113
36305	-25.8001
36315.7	-25.7889
36326.5	-25.7777
36337.3	-25.7665
36348	-25.7552
36358.8	-25.744
36369.6	-25.7327
36380.3	-25.7214
36391.1	-25.7101
36401.9	-25.6986
36412.6	-25.6873
36423.4	-25.6759
36434.2	-25.6645
36444.9	-25.653
36455.7	-25.6416
36466.5	-25.6301
36477.2	-25.6186
36488	-25.6071
36498.8	-25.5955
36509.5	-25.584
36520.3	-25.5724
36531.1	-25.5608
36541.8	-25.5491
36552.6	-25.5375
36563.4	-25.5258
36574.1	-25.5141
36584.9	-25.5024
36595.7	-25.4906
36606.4	-25.4789
36617.2	-25.4671
36628	-25.4553
36638.7	-25.4435
36649.5	-25.4316
36660.3	-25.4197
36671	-25.4079
36681.8	-25.3959
36692.6	-25.384
36703.3	-25.372
36714.1	-25.3601
36724.9	-25.348
36735.6	-25.336
36746.4	-25.324
36757.2	-25.3119
36767.9	-25.2998
36778.7	-25.2877
36789.5	-25.2756
36800.2	-25.2633
36811	-25.2512
36821.8	-25.239
36832.5	-25.2267
36843.3	-25.2145
36854.1	-25.2022
36864.8	-25.1899
36875.6	-25.1776
36886.4	-25.1652
36897.1	-25.1528
36907.9	-25.1404
36918.7	-25.128
36929.4	-25.1156
36940.2	-25.1031
36951	-25.0906
36961.7	-25.0781
36972.5	-25.0655
36983.3	-25.0529
36994	-25.0403
37004.8	-25.0277
37015.6	-25.0151
37026.3	-25.0024
37037.1	-24.9897
37047.9	-24.977
37058.6	-24.9643
37069.4	-24.9515
37080.2	-24.9387
37090.9	-24.9259
37101.7	-24.9131
37112.5	-24.9002
37123.2	-24.8873
37134	-24.8744
37144.8	-24.8614
37155.5	-24.8485
37166.3	-24.8355
37177.1	-24.8225
37187.8	-24.8094
37198.6	-24.7964
37209.4	-24.7832
37220.1	-24.7701
37230.9	-24.757
37241.7	-24.7438
37252.4	-24.7306
37263.2	-24.7174
37274	-24.7041
37284.7	-24.6908
37295.5	-24.6775
37306.3	-24.6642
37317	-24.6508
37327.8	-24.6374
37338.6	-24.624
37349.3	-24.6106
37360.1	-24.5971
37370.9	-24.5836
37381.6	-24.5701
37392.4	-24.5565
37403.2	-24.5429
37413.9	-24.5293
37424.7	-24.5157
37435.5	-24.502
37446.2	-24.4883
37457	-24.4746
37467.8	-24.4609
37478.5	-24.4471
37489.3	-24.4333
37500.1	-24.4195
37510.8	-24.4056
37521.6	-24.3917
37532.4	-24.3778
37543.1	-24.3638
37553.9	-24.3498
37564.7	-24.3358
37575.4	-24.3218
37586.2	-24.3077
37597	-24.2936
37607.7	-24.2795
37618.5	-24.2654
37629.3	-24.2512
37640	-24.237
37650.8	-24.2227
37661.6	-24.2085
37672.3	-24.1942
37683.1	-24.1798
37693.9	-24.1655
37704.6	-24.1511
37715.4	-24.1366
37726.2	-24.1222
37736.9	-24.1077
37747.7	-24.0932
37758.5	-24.0786
37769.2	-24.064
37780	-24.0494
37790.8	-24.0348
37801.5	-24.0201
37812.3	-24.0054
37823.1	-23.9907
37833.8	-23.9759
37844.6	-23.9611
37855.4	-23.9463
37866.1	-23.9314
37876.9	-23.9165
37887.7	-23.9016
37898.4	-23.8866
37909.2	-23.8716
37920	-23.8566
37930.7	-23.8415
37941.5	-23.8264
37952.3	-23.8113
37963	-23.7962
37973.8	-23.781
37984.6	-23.7657
37995.3	-23.7505
38006.1	-23.7352
38016.9	-23.7198
38027.6	-23.7045
38038.4	-23.6891
38049.2	-23.6737
38059.9	-23.6582
38070.7	-23.6427
38081.5	-23.6272
38092.2	-23.6116
38103	-23.596
38113.8	-23.5803
38124.5	-23.5647
38135.3	-23.549
38146.1	-23.5332
38156.8	-23.5174
38167.6	-23.5016
38178.4	-23.4857
38189.1	-23.4699
38199.9	-23.4539
38210.7	-23.438
38221.4	-23.422
38232.2	-23.4059
38243	-23.3899
38253.7	-23.3737
38264.5	-23.3576
38275.3	-23.3414
38286	-23.3252
38296.8	-23.3089
38307.6	-23.2926
38318.3	-23.2763
38329.1	-23.2599
38339.9	-23.2435
38350.6	-23.227
38361.4	-23.2106
38372.2	-23.194
38382.9	-23.1774
38393.7	-23.1609
38404.5	-23.1442
38415.2	-23.1275
38426	-23.1108
38436.8	-23.094
38447.5	-23.0772
38458.3	-23.0604
38469.1	-23.0435
38479.8	-23.0265
38490.6	-23.0095
38501.4	-22.9926
38512.1	-22.9755
38522.9	-22.9584
38533.7	-22.9413
38544.4	-22.9241
38555.2	-22.9069
38566	-22.8896
38576.7	-22.8723
38587.5	-22.855
38598.3	-22.8376
38609	-22.8202
38619.8	-22.8027
38630.6	-22.7852
38641.3	-22.7676
38652.1	-22.75
38662.9	-22.7324
38673.6	-22.7147
38684.4	-22.697
38695.2	-22.6792
38705.9	-22.6614
38716.7	-22.6435
38727.5	-22.6256
38738.2	-22.6076
38749	-22.5896
38759.8	-22.5716
38770.5	-22.5535
38781.3	-22.5354
38792.1	-22.5172
38802.8	-22.4989
38813.6	-22.4807
38824.4	-22.4623
38835.1	-22.444
38845.9	-22.4255
38856.7	-22.4071
38867.4	-22.3886
38878.2	-22.37
38889	-22.3514
38899.7	-22.3327
38910.5	-22.314
38921.3	-22.2953
38932	-22.2765
38942.8	-22.2576
38953.6	-22.2387
38964.3	-22.2197
38975.1	-22.2007
38985.9	-22.1817
38996.6	-22.1625
39007.4	-22.1434
39018.2	-22.1242
39028.9	-22.1049
39039.7	-22.0856
39050.5	-22.0663
39061.2	-22.0468
39072	-22.0274
39082.8	-22.0078
39093.5	-21.9883
39104.3	-21.9686
39115.1	-21.949
39125.8	-21.9292
39136.6	-21.9094
39147.4	-21.8896
39158.1	-21.8697
39168.9	-21.8497
39179.7	-21.8297
39190.4	-21.8097
39201.2	-21.7895
39212	-21.7694
39222.7	-21.7491
39233.5	-21.7288
39244.3	-21.7085
39255	-21.6881
39265.8	-21.6676
39276.6	-21.6471
39287.3	-21.6265
39298.1	-21.6059
39308.9	-21.5852
39319.6	-21.5644
39330.4	-21.5436
39341.2	-21.5227
39351.9	-21.5018
39362.7	-21.4808
39373.5	-21.4598
39384.2	-21.4386
39395	-21.4175
39405.8	-21.3962
39416.5	-21.3749
39427.3	-21.3535
39438.1	-21.3321
39448.8	-21.3106
39459.6	-21.2891
39470.4	-21.2674
39481.1	-21.2458
39491.9	-21.224
39502.7	-21.2022
39513.4	-21.1803
39524.2	-21.1584
39535	-21.1363
39545.7	-21.1143
39556.5	-21.0921
39567.3	-21.0699
39578	-21.0476
39588.8	-21.0253
39599.6	-21.0028
39610.3	-20.9804
39621.1	-20.9578
39631.9	-20.9352
39642.6	-20.9125
39653.4	-20.8897
39664.2	-20.8669
39674.9	-20.844
39685.7	-20.821
39696.5	-20.7979
39707.2	-20.7748
39718	-20.7516
39728.8	-20.7283
39739.5	-20.705
39750.3	-20.6815
39761.1	-20.658
39771.8	-20.6344
39782.6	-20.6108
39793.4	-20.587
39804.1	-20.5633
39814.9	-20.5394
39825.7	-20.5154
39836.4	-20.4914
39847.2	-20.4672
39858	-20.443
39868.7	-20.4187
39879.5	-20.3944
39890.3	-20.3699
39901	-20.3454
39911.8	-20.3208
39922.6	-20.2961
39933.3	-20.2713
39944.1	-20.2465
39954.9	-20.2215
39965.6	-20.1965
39976.4	-20.1714
39987.2	-20.1462
39997.9	-20.1209
40008.7	-20.0955
40019.5	-20.07
40030.2	-20.0445
40041	-20.0188
40051.8	-19.9931
40062.5	-19.9673
40073.3	-19.9414
40084.1	-19.9154
40094.8	-19.8893
40105.6	-19.8631
40116.4	-19.8368
40127.1	-19.8104
40137.9	-19.7839
40148.7	-19.7574
40159.4	-19.7307
40170.2	-19.7039
40181	-19.677
40191.7	-19.6501
40202.5	-19.623
40213.3	-19.5959
40224	-19.5686
40234.8	-19.5412
40245.6	-19.5138
40256.3	-19.4862
40267.1	-19.4585
40277.9	-19.4307
40288.6	-19.4028
40299.4	-19.3749
40310.2	-19.3467
40320.9	-19.3185
40331.7	-19.2902
40342.5	-19.2618
40353.2	-19.2332
40364	-19.2046
40374.8	-19.1758
40385.5	-19.1469
40396.3	-19.118
40407.1	-19.0888
40417.8	-19.0596
40428.6	-19.0303
40439.4	-19.0008
40450.1	-18.9713
40460.9	-18.9416
40471.7	-18.9117
40482.4	-18.8818
40493.2	-18.8517
40504	-18.8216
40514.7	-18.7912
40525.5	-18.7608
40536.3	-18.7303
40547	-18.6996
40557.8	-18.6687
40568.6	-18.6378
40579.3	-18.6067
40590.1	-18.5755
40600.9	-18.5441
40611.6	-18.5127
40622.4	-18.481
40633.2	-18.4493
40643.9	-18.4174
40654.7	-18.3853
40665.5	-18.3532
40676.2	-18.3208
40687	-18.2884
40697.8	-18.2558
40708.5	-18.223
40719.3	-18.1901
40730.1	-18.1571
40740.8	-18.1239
40751.6	-18.0905
40762.4	-18.057
40773.1	-18.0234
40783.9	-17.9895
40794.7	-17.9556
40805.4	-17.9214
40816.2	-17.8871
40827	-17.8527
40837.7	-17.8181
40848.5	-17.7833
40859.3	-17.7483
40870	-17.7132
40880.8	-17.6779
40891.6	-17.6425
40902.3	-17.6068
40913.1	-17.571
40923.9	-17.535
40934.6	-17.4989
40945.4	-17.4625
40956.2	-17.426
40966.9	-17.3893
40977.7	-17.3524
40988.5	-17.3153
40999.2	-17.2781
41010	-17.2406
41020.8	-17.2029
41031.5	-17.165
41042.3	-17.127
41053.1	-17.0887
41063.8	-17.0503
41074.6	-17.0116
41085.4	-16.9727
41096.1	-16.9336
41106.9	-16.8943
41117.7	-16.8548
41128.4	-16.8151
41139.2	-16.7752
41150	-16.735
41160.7	-16.6946
41171.5	-16.654
41182.3	-16.6131
41193	-16.5721
41203.8	-16.5308
41214.6	-16.4892
41225.3	-16.4474
41236.1	-16.4054
41246.9	-16.3631
41257.6	-16.3206
41268.4	-16.2778
41279.2	-16.2348
41289.9	-16.1915
41300.7	-16.1479
41311.5	-16.1041
41322.2	-16.06
41333	-16.0157
41343.8	-15.971
41354.5	-15.9261
41365.3	-15.8809
41376	-15.8354
41386.8	-15.7897
41397.6	-15.7436
41408.3	-15.6973
41419.1	-15.6506
41429.9	-15.6036
41440.6	-15.5564
41451.4	-15.5088
41462.2	-15.4609
41472.9	-15.4126
41483.7	-15.3641
41494.5	-15.3152
41505.2	-15.266
41516	-15.2164
41526.8	-15.1665
41537.5	-15.1163
41548.3	-15.0657
41559.1	-15.0147
41569.8	-14.9634
41580.6	-14.9117
41591.4	-14.8596
41602.1	-14.8071
41612.9	-14.7543
41623.7	-14.701
41634.4	-14.6474
41645.2	-14.5933
41656	-14.5389
41666.7	-14.484
41677.5	-14.4287
41688.3	-14.373
41699	-14.3168
41709.8	-14.2602
41720.6	-14.2031
41731.3	-14.1455
41742.1	-14.0875
41752.9	-14.029
41763.6	-13.9701
41774.4	-13.9106
41785.2	-13.8507
41795.9	-13.7902
41806.7	-13.7292
41817.5	-13.6677
41828.2	-13.6056
41839	-13.543
41849.8	-13.4799
41860.5	-13.4162
41871.3	-13.3519
41882.1	-13.287
41892.8	-13.2215
41903.6	-13.1554
41914.4	-13.0887
41925.1	-13.0213
41935.9	-12.9533
41946.7	-12.8847
41957.4	-12.8153
41968.2	-12.7453
41979	-12.6746
41989.7	-12.6032
42000.5	-12.5311
42011.3	-12.4582
42022	-12.3845
42032.8	-12.3101
42043.6	-12.2349
42054.3	-12.1589
42065.1	-12.082
42075.9	-12.0044
42086.6	-11.9258
42097.4	-11.8464
42108.2	-11.766
42118.9	-11.6848
42129.7	-11.6026
42140.5	-11.5195
42151.2	-11.4353
42162	-11.3502
42172.8	-11.264
42183.5	-11.1767
42194.3	-11.0884
42205.1	-10.9989
42215.8	-10.9083
42226.6	-10.8166
42237.4	-10.7236
42248.1	-10.6294
42258.9	-10.5339
42269.7	-10.4372
42280.4	-10.3391
42291.2	-10.2396
42302	-10.1387
42312.7	-10.0364
42323.5	-9.93253
42334.3	-9.82716
42345	-9.72021
42355.8	-9.61162
42366.6	-9.50136
42377.3	-9.38937
42388.1	-9.2756
42398.9	-9.15999
42409.6	-9.04247
42420.4	-8.923
42431.2	-8.8015
42441.9	-8.6779
42452.7	-8.55214
42463.5	-8.42414
42474.2	-8.29382
42485	-8.1611
42495.8	-8.02589
42506.5	-7.88809
42517.3	-7.74762
42528.1	-7.60436
42538.8	-7.45822
42549.6	-7.30906
42560.4	-7.15679
42571.1	-7.00125
42581.9	-6.84233
42592.7	-6.67987
42603.4	-6.51371
42614.2	-6.34371
42625	-6.16966
42635.7	-5.9914
42646.5	-5.80873
42657.3	-5.62141
42668	-5.42924
42678.8	-5.23195
42689.6	-5.02929
42700.3	-4.82097
42711.1	-4.60666
42721.9	-4.38606
42732.6	-4.15879
42743.4	-3.92445
42754.2	-3.68263
42764.9	-3.43284
42775.7	-3.17459
42786.5	-2.9073
42797.2	-2.63038
42808	-2.34312
42818.8	-2.04479
42829.5	-1.73456
42840.3	-1.4115
42851.1	-1.07457
42861.8	-0.722631
42872.6	-0.354373
42883.4	0.0316635
42894.1	0.437136
42904.9	0.863927
42915.7	1.31418
42926.4	1.79034
42937.2	2.2952
42948	2.83197
42958.7	3.40428
42969.5	4.01623
42980.3	4.67226
42991	5.37695
43001.8	6.1342
43012.6	6.94522
43023.3	7.80305
43034.1	8.67669
43044.9	9.4576
43055.6	9.725
43066.4	6.82214
43077.2	15.1703
43087.9	51.3681
43098.7	60.7736
43109.5	55.2382
43120.2	22.3777
43131	2.39396
43141.8	9.08668
43152.5	9.16282
43163.3	8.42438
43174.1	7.5215
43184.8	6.61136
43195.6	5.73959
43206.4	4.91844
43217.1	4.14884
43227.9	3.42776
43238.7	2.75102
43249.4	2.1143
43260.2	1.51358
43271	0.94519
43281.7	0.405923
43292.5	-0.107057
43303.3	-0.596231
43314	-1.06377
43324.8	-1.5116
43335.6	-1.94138
43346.3	-2.3546
43357.1	-2.75259
43367.9	-3.13651
43378.6	-3.5074
43389.4	-3.8662
43400.2	-4.21373
43410.9	-4.55077
43421.7	-4.87797
43432.5	-5.19595
43443.2	-5.50528
43454	-5.80645
43464.8	-6.09993
43475.5	-6.38612
43486.3	-6.66541
43497.1	-6.93814
43507.8	-7.20464
43518.6	-7.46518
43529.4	-7.72004
43540.1	-7.96945
43550.9	-8.21363
43561.7	-8.45278
43572.4	-8.68708
43583.2	-8.9167
43594	-9.14179
43604.7	-9.36246
43615.5	-9.57886
43626.3	-9.79108
43637	-9.99921
43647.8	-10.2033
43658.6	-10.4035
43669.3	-10.5998
43680.1	-10.7923
43690.9	-10.981
43701.6	-11.1659
43712.4	-11.347
43723.2	-11.5244
43733.9	-11.6981
43744.7	-11.868
43755.5	-12.0341
43766.2	-12.1964
43777	-12.3549
43787.8	-12.5095
43798.5	-12.6601
43809.3	-12.8067
43820.1	-12.9493
43830.8	-13.0877
43841.6	-13.2219
43852.4	-13.3517
43863.1	-13.4772
43873.9	-13.5982
43884.7	-13.7145
43895.4	-13.8262
43906.2	-13.933
43917	-14.0349
43927.7	-14.1317
43938.5	-14.2234
43949.3	-14.3098
43960	-14.3909
43970.8	-14.4665
43981.6	-14.5364
43992.3	-14.6007
44003.1	-14.6591
44013.9	-14.7117
44024.6	-14.7583
44035.4	-14.7989
44046.2	-14.8333
44056.9	-14.8616
44067.7	-14.8836
44078.5	-14.8994
44089.2	-14.9089

