0	16.178
10.7666	16.2644
21.5332	16.5167
32.2998	16.9066
43.0664	17.3478
53.833	17.542
64.5996	15.9796
75.3662	16.0131
86.1328	47.8049
96.8994	60.3025
107.666	57.2512
118.433	33.6208
129.199	6.44566
139.966	15.4596
150.732	15.8261
161.499	15.1676
172.266	14.3076
183.032	13.4347
193.799	12.6021
204.565	11.8238
215.332	11.1009
226.099	10.4298
236.865	9.80573
247.632	9.22387
258.398	8.6797
269.165	8.16917
279.932	7.68873
290.698	7.23526
301.465	6.80608
312.231	6.39883
322.998	6.01144
333.765	5.64212
344.531	5.28928
355.298	4.95155
366.064	4.62769
376.831	4.3166
387.598	4.01731
398.364	3.72896
409.131	3.45076
419.897	3.18202
430.664	2.92211
441.431	2.67044
452.197	2.42651
462.964	2.18984
473.73	1.96001
484.497	1.73661
495.264	1.51929
506.03	1.30772
516.797	1.10159
527.563	0.900617
538.33	0.70455
549.097	0.513143
559.863	0.326173
570.63	0.143433
581.396	-0.0352702
592.163	-0.210117
602.93	-0.381276
613.696	-0.548904
624.463	-0.713149
635.229	-0.874148
645.996	-1.03203
656.763	-1.18692
667.529	-1.33894
678.296	-1.48818
689.062	-1.63475
699.829	-1.77875
710.596	-1.92028
721.362	-2.05941
732.129	-2.19623
742.896	-2.33082
753.662	-2.46325
764.429	-2.59359
775.195	-2.7219
785.962	-2.84826
796.729	-2.97272
807.495	-3.09534
818.262	-3.21617
829.028	-3.33527
839.795	-3.45269
850.562	-3.56847
861.328	-3.68266
872.095	-3.79531
882.861	-3.90646
893.628	-4.01615
904.395	-4.12441
915.161	-4.23129
925.928	-4.33682
936.694	-4.44103
947.461	-4.54396
958.228	-4.64564
968.994	-4.7461
979.761	-4.84537
990.527	-4.94348
1001.29	-5.04045
1012.06	-5.13631
1022.83	-5.2311
1033.59	-5.32482
1044.36	-5.41751
1055.13	-5.50919
1065.89	-5.59988
1076.66	-5.68961
1087.43	-5.77838
1098.19	-5.86623
1108.96	-5.95318
1119.73	-6.03923
1130.49	-6.12441
1141.26	-6.20875
1152.03	-6.29224
1162.79	-6.37492
1173.56	-6.45679
1184.33	-6.53788
1195.09	-6.6182
1205.86	-6.69776
1216.63	-6.77657
1227.39	-6.85466
1238.16	-6.93203
1248.93	-7.0087
1259.69	-7.08468
1270.46	-7.15998
1281.23	-7.23462
1291.99	-7.3086
1302.76	-7.38194
1313.53	-7.45466
1324.29	-7.52675
1335.06	-7.59823
1345.83	-7.66911
1356.59	-7.73941
1367.36	-7.80912
1378.12	-7.87827
1388.89	-7.94685
1399.66	-8.01489
1410.42	-8.08237
1421.19	-8.14933
1431.96	-8.21576
1442.72	-8.28168
1453.49	-8.34708
1464.26	-8.41198
1475.02	-8.47639
1485.79	-8.54032
1496.56	-8.60376
1507.32	-8.66673
1518.09	-8.72924
1528.86	-8.79129
1539.62	-8.85289
1550.39	-8.91404
1561.16	-8.97475
1571.92	-9.03504
1582.69	-9.09489
1593.46	-9.15433
1604.22	-9.21335
1614.99	-9.27196
1625.76	-9.33018
1636.52	-9.38799
1647.29	-9.44541
1658.06	-9.50244
1668.82	-9.5591
1679.59	-9.61537
1690.36	-9.67127
1701.12	-9.72682
1711.89	-9.78198
1722.66	-9.83681
1733.42	-9.89127
1744.19	-9.94539
1754.96	-9.99916
1765.72	-10.0526
1776.49	-10.1057
1787.26	-10.1585
1798.02	-10.2109
1808.79	-10.263
1819.56	-10.3148
1830.32	-10.3663
1841.09	-10.4175
1851.86	-10.4683
1862.62	-10.5189
1873.39	-10.5692
1884.16	-10.6191
1894.92	-10.6688
1905.69	-10.7182
1916.46	-10.7673
1927.22	-10.8161
1937.99	-10.8646
1948.75	-10.9128
1959.52	-10.9608
1970.29	-11.0085
1981.05	-11.056
1991.82	-11.1031
2002.59	-11.15
2013.35	-11.1967
2024.12	-11.2431
2034.89	-11.2892
2045.65	-11.3351
2056.42	-11.3808
2067.19	-11.4262
2077.95	-11.4713
2088.72	-11.5162
2099.49	-11.5609
2110.25	-11.6053
2121.02	-11.6495
2131.79	-11.6935
2142.55	-11.7373
2153.32	-11.7808
2164.09	-11.8241
2174.85	-11.8672
2185.62	-11.91
2196.39	-11.9527
2207.15	-11.9951
2217.92	-12.0373
2228.69	-12.0793
2239.45	-12.1211
2250.22	-12.1627
2260.99	-12.2041
2271.75	-12.2453
2282.52	-12.2862
2293.29	-12.327
2304.05	-12.3676
2314.82	-12.408
2325.59	-12.4482
2336.35	-12.4882
2347.12	-12.528
2357.89	-12.5676
2368.65	-12.6071
2379.42	-12.6463
2390.19	-12.6854
2400.95	-12.7243
2411.72	-12.763
2422.49	-12.8015
2433.25	-12.8399
2444.02	-12.8781
2454.79	-12.9161
2465.55	-12.9539
2476.32	-12.9916
2487.08	-13.0291
2497.85	-13.0664
2508.62	-13.1036
2519.38	-13.1406
2530.15	-13.1774
2540.92	-13.2141
2551.68	-13.2506
2562.45	-13.287
2573.22	-13.3232
2583.98	-13.3592
2594.75	-13.3951
2605.52	-13.4309
2616.28	-13.4664
2627.05	-13.5019
2637.82	-13.5372
2648.58	-13.5723
2659.35	-13.6073
2670.12	-13.6421
2680.88	-13.6768
2691.65	-13.7114
2702.42	-13.7458
2713.18	-13.78
2723.95	-13.8142
2734.72	-13.8482
2745.48	-13.882
2756.25	-13.9157
2767.02	-13.9493
2777.78	-13.9827
2788.55	-14.0161
2799.32	-14.0492
2810.08	-14.0823
2820.85	-14.1152
2831.62	-14.148
2842.38	-14.1806
2853.15	-14.2132
2863.92	-14.2455
2874.68	-14.2778
2885.45	-14.31
2896.22	-14.342
2906.98	-14.3739
2917.75	-14.4057
2928.52	-14.4373
2939.28	-14.4689
2950.05	-14.5003
2960.82	-14.5316
2971.58	-14.5628
2982.35	-14.5938
2993.12	-14.6248
3003.88	-14.6556
3014.65	-14.6863
3025.42	-14.7169
3036.18	-14.7474
3046.95	-14.7778
3057.71	-14.8081
3068.48	-14.8382
3079.25	-14.8683
3090.01	-14.8982
3100.78	-14.928
3111.55	-14.9577
3122.31	-14.9874
3133.08	-15.0169
3143.85	-15.0463
3154.61	-15.0756
3165.38	-15.1048
3176.15	-15.1339
3186.91	-15.1628
3197.68	-15.1917
3208.45	-15.2205
3219.21	-15.2492
3229.98	-15.2778
3240.75	-15.3063
3251.51	-15.3347
3262.28	-15.363
3273.05	-15.3911
3283.81	-15.4192
3294.58	-15.4472
3305.35	-15.4751
3316.11	-15.503
3326.88	-15.5307
3337.65	-15.5583
3348.41	-15.5858
3359.18	-15.6133
3369.95	-15.6406
3380.71	-15.6679
3391.48	-15.695
3402.25	-15.7221
3413.01	-15.7491
3423.78	-15.776
3434.55	-15.8028
3445.31	-15.8295
3456.08	-15.8561
3466.85	-15.8827
3477.61	-15.9091
3488.38	-15.9355
3499.15	-15.9618
3509.91	-15.988
3520.68	-16.0141
3531.45	-16.0401
3542.21	-16.0661
3552.98	-16.092
3563.75	-16.1178
3574.51	-16.1435
3585.28	-16.1691
3596.04	-16.1946
3606.81	-16.2201
3617.58	-16.2455
3628.34	-16.2708
3639.11	-16.296
3649.88	-16.3211
3660.64	-16.3462
3671.41	-16.3712
3682.18	-16.3961
3692.94	-16.421
3703.71	-16.4457
3714.48	-16.4704
3725.24	-16.495
3736.01	-16.5196
3746.78	-16.544
3757.54	-16.5684
3768.31	-16.5927
3779.08	-16.617
3789.84	-16.6411
3800.61	-16.6653
3811.38	-16.6892
3822.14	-16.7132
3832.91	-16.7371
3843.68	-16.7609
3854.44	-16.7846
3865.21	-16.8083
3875.98	-16.8319
3886.74	-16.8554
3897.51	-16.8789
3908.28	-16.9023
3919.04	-16.9256
3929.81	-16.9489
3940.58	-16.9721
3951.34	-16.9952
3962.11	-17.0183
3972.88	-17.0412
3983.64	-17.0642
3994.41	-17.087
4005.18	-17.1098
4015.94	-17.1326
4026.71	-17.1552
4037.48	-17.1778
4048.24	-17.2004
4059.01	-17.2228
4069.78	-17.2452
4080.54	-17.2676
4091.31	-17.2899
4102.08	-17.3121
4112.84	-17.3343
4123.61	-17.3564
4134.38	-17.3784
4145.14	-17.4004
4155.91	-17.4223
4166.67	-17.4441
4177.44	-17.4659
4188.21	-17.4877
4198.97	-17.5093
4209.74	-17.531
4220.51	-17.5525
4231.27	-17.574
4242.04	-17.5955
4252.81	-17.6169
4263.57	-17.6382
4274.34	-17.6594
4285.11	-17.6807
4295.87	-17.7018
4306.64	-17.7229
4317.41	-17.7439
4328.17	-17.7649
4338.94	-17.7859
4349.71	-17.8067
4360.47	-17.8276
4371.24	-17.8483
4382.01	-17.869
4392.77	-17.8897
4403.54	-17.9103
4414.31	-17.9308
4425.07	-17.9513
4435.84	-17.9718
4446.61	-17.9921
4457.37	-18.0125
4468.14	-18.0328
4478.91	-18.053
4489.67	-18.0732
4500.44	-18.0933
4511.21	-18.1134
4521.97	-18.1334
4532.74	-18.1534
4543.51	-18.1733
4554.27	-18.1931
4565.04	-18.213
4575.81	-18.2327
4586.57	-18.2524
4597.34	-18.2721
4608.11	-18.2917
4618.87	-18.3113
4629.64	-18.3308
4640.41	-18.3503
4651.17	-18.3697
4661.94	-18.3891
4672.71	-18.4084
4683.47	-18.4277
4694.24	-18.4469
4705	-18.4661
4715.77	-18.4852
4726.54	-18.5043
4737.3	-18.5233
4748.07	-18.5423
4758.84	-18.5613
4769.6	-18.5802
4780.37	-18.599
4791.14	-18.6178
4801.9	-18.6366
4812.67	-18.6553
4823.44	-18.674
4834.2	-18.6926
4844.97	-18.7112
4855.74	-18.7297
4866.5	-18.7482
4877.27	-18.7667
4888.04	-18.7851
4898.8	-18.8034
4909.57	-18.8217
4920.34	-18.84
4931.1	-18.8582
4941.87	-18.8764
4952.64	-18.8946
4963.4	-18.9127
4974.17	-18.9307
4984.94	-18.9487
4995.7	-18.9667
5006.47	-18.9846
5017.24	-19.0025
5028	-19.0203
5038.77	-19.0381
5049.54	-19.0559
5060.3	-19.0736
5071.07	-19.0913
5081.84	-19.1089
5092.6	-19.1265
5103.37	-19.1441
5114.14	-19.1616
5124.9	-19.1791
5135.67	-19.1965
5146.44	-19.2139
5157.2	-19.2313
5167.97	-19.2486
5178.74	-19.2658
5189.5	-19.2831
5200.27	-19.3003
5211.04	-19.3174
5221.8	-19.3345
5232.57	-19.3516
5243.33	-19.3687
5254.1	-19.3857
5264.87	-19.4026
5275.63	-19.4196
5286.4	-19.4364
5297.17	-19.4533
5307.93	-19.4701
5318.7	-19.4869
5329.47	-19.5036
5340.23	-19.5203
5351	-19.537
5361.77	-19.5536
5372.53	-19.5702
5383.3	-19.5867
5394.07	-19.6032
5404.83	-19.6197
5415.6	-19.6362
5426.37	-19.6526
5437.13	-19.6689
5447.9	-19.6853
5458.67	-19.7016
5469.43	-19.7178
5480.2	-19.7341
5490.97	-19.7502
5501.73	-19.7664
5512.5	-19.7825
5523.27	-19.7986
5534.03	-19.8147
5544.8	-19.8307
5555.57	-19.8467
5566.33	-19.8626
5577.1	-19.8785
5587.87	-19.8944
5598.63	-19.9102
5609.4	-19.926
5620.17	-19.9418
5630.93	-19.9576
5641.7	-19.9733
5652.47	-19.9889
5663.23	-20.0046
5674	-20.0202
5684.77	-20.0358
5695.53	-20.0513
5706.3	-20.0668
5717.07	-20.0823
5727.83	-20.0977
5738.6	-20.1132
5749.37	-20.1285
5760.13	-20.1439
5770.9	-20.1592
5781.67	-20.1745
5792.43	-20.1897
5803.2	-20.205
5813.96	-20.2201
5824.73	-20.2353
5835.5	-20.2504
5846.26	-20.2655
5857.03	-20.2806
5867.8	-20.2956
5878.56	-20.3106
5889.33	-20.3255
5900.1	-20.3405
5910.86	-20.3554
5921.63	-20.3703
5932.4	-20.3851
5943.16	-20.3999
5953.93	-20.4147
5964.7	-20.4295
5975.46	-20.4442
5986.23	-20.4589
5997	-20.4736
6007.76	-20.4882
6018.53	-20.5028
6029.3	-20.5174
6040.06	-20.5319
6050.83	-20.5464
6061.6	-20.5609
6072.36	-20.5754
6083.13	-20.5898
6093.9	-20.6042
6104.66	-20.6186
6115.43	-20.6329
6126.2	-20.6472
6136.96	-20.6615
6147.73	-20.6758
6158.5	-20.69
6169.26	-20.7042
6180.03	-20.7183
6190.8	-20.7325
6201.56	-20.7466
6212.33	-20.7607
6223.1	-20.7747
6233.86	-20.7888
6244.63	-20.8028
6255.4	-20.8167
6266.16	-20.8307
6276.93	-20.8446
6287.7	-20.8585
6298.46	-20.8723
6309.23	-20.8862
6320	-20.9
6330.76	-20.9138
6341.53	-20.9276
6352.29	-20.9413
6363.06	-20.955
6373.83	-20.9687
6384.59	-20.9823
6395.36	-20.9959
6406.13	-21.0095
6416.89	-21.0231
6427.66	-21.0366
6438.43	-21.0502
6449.19	-21.0636
6459.96	-21.0771
6470.73	-21.0905
6481.49	-21.104
6492.26	-21.1173
6503.03	-21.1307
6513.79	-21.144
6524.56	-21.1574
6535.33	-21.1706
6546.09	-21.1839
6556.86	-21.1971
6567.63	-21.2103
6578.39	-21.2235
6589.16	-21.2367
6599.93	-21.2498
6610.69	-21.2629
6621.46	-21.276
6632.23	-21.2891
6642.99	-21.3021
6653.76	-21.3151
6664.53	-21.3281
6675.29	-21.3411
6686.06	-21.354
6696.83	-21.3669
6707.59	-21.3798
6718.36	-21.3927
6729.13	-21.4055
6739.89	-21.4183
6750.66	-21.4311
6761.43	-21.4439
6772.19	-21.4566
6782.96	-21.4693
6793.73	-21.482
6804.49	-21.4947
6815.26	-21.5073
6826.03	-21.52
6836.79	-21.5326
6847.56	-21.5451
6858.33	-21.5577
6869.09	-21.5702
6879.86	-21.5827
6890.62	-21.5952
6901.39	-21.6077
6912.16	-21.6201
6922.92	-21.6325
6933.69	-21.6449
6944.46	-21.6573
6955.22	-21.6697
6965.99	-21.682
6976.76	-21.6943
6987.52	-21.7066
6998.29	-21.7188
7009.06	-21.7311
7019.82	-21.7433
7030.59	-21.7555
7041.36	-21.7676
7052.12	-21.7798
7062.89	-21.7919
7073.66	-21.804
7084.42	-21.8161
7095.19	-21.8281
7105.96	-21.8402
7116.72	-21.8522
7127.49	-21.8642
7138.26	-21.8762
7149.02	-21.8881
7159.79	-21.9
7170.56	-21.9119
7181.32	-21.9238
7192.09	-21.9357
7202.86	-21.9475
7213.62	-21.9594
7224.39	-21.9712
7235.16	-21.9829
7245.92	-21.9947
7256.69	-22.0064
7267.46	-22.0181
7278.22	-22.0298
7288.99	-22.0415
7299.76	-22.0532
7310.52	-22.0648
7321.29	-22.0764
7332.06	-22.088
7342.82	-22.0996
7353.59	-22.1111
7364.36	-22.1227
7375.12	-22.1342
7385.89	-22.1456
7396.66	-22.1572
7407.42	-22.1685
7418.19	-22.18
7428.96	-22.1914
7439.72	-22.2028
7450.49	-22.2142
7461.25	-22.2255
7472.02	-22.2368
7482.79	-22.2481
7493.55	-22.2594
7504.32	-22.2707
7515.09	-22.282
7525.85	-22.2932
7536.62	-22.3044
7547.39	-22.3156
7558.15	-22.3268
7568.92	-22.3379
7579.69	-22.349
7590.45	-22.3601
7601.22	-22.3712
7611.99	-22.3823
7622.75	-22.3934
7633.52	-22.4044
7644.29	-22.4154
7655.05	-22.4264
7665.82	-22.4374
7676.59	-22.4484
7687.35	-22.4593
7698.12	-22.4702
7708.89	-22.4811
7719.65	-22.492
7730.42	-22.5029
7741.19	-22.5137
7751.95	-22.5245
7762.72	-22.5354
7773.49	-22.5461
7784.25	-22.5569
7795.02	-22.5677
7805.79	-22.5784
7816.55	-22.5891
7827.32	-22.5998
7838.09	-22.6105
7848.85	-22.6212
7859.62	-22.6318
7870.39	-22.6424
7881.15	-22.653
7891.92	-22.6636
7902.69	-22.6742
7913.45	-22.6848
7924.22	-22.6953
7934.99	-22.7058
7945.75	-22.7163
7956.52	-22.7268
7967.29	-22.7373
7978.05	-22.7477
7988.82	-22.7581
7999.58	-22.7686
8010.35	-22.7789
8021.12	-22.7893
8031.88	-22.7997
8042.65	-22.81
8053.42	-22.8203
8064.18	-22.8306
8074.95	-22.8409
8085.72	-22.8512
8096.48	-22.8615
8107.25	-22.8717
8118.02	-22.8819
8128.78	-22.8921
8139.55	-22.9023
8150.32	-22.9125
8161.08	-22.9226
8171.85	-22.9328
8182.62	-22.9429
8193.38	-22.953
8204.15	-22.9631
8214.92	-22.9731
8225.68	-22.9832
8236.45	-22.9932
8247.22	-23.0032
8257.98	-23.0132
8268.75	-23.0232
8279.52	-23.0332
8290.28	-23.0431
8301.05	-23.0531
8311.82	-23.063
8322.58	-23.0729
8333.35	-23.0828
8344.12	-23.0927
8354.88	-23.1025
8365.65	-23.1123
8376.42	-23.1222
8387.18	-23.132
8397.95	-23.1417
8408.72	-23.1515
8419.48	-23.1613
8430.25	-23.171
8441.02	-23.1807
8451.78	-23.1905
8462.55	-23.2001
8473.32	-23.2098
8484.08	-23.2195
8494.85	-23.2291
8505.62	-23.2388
8516.38	-23.2484
8527.15	-23.258
8537.92	-23.2675
8548.68	-23.2771
8559.45	-23.2867
8570.21	-23.2962
8580.98	-23.3057
8591.75	-23.3152
8602.51	-23.3247
8613.28	-23.3342
8624.05	-23.3436
8634.81	-23.3531
8645.58	-23.3625
8656.35	-23.3719
8667.11	-23.3813
8677.88	-23.3907
8688.65	-23.4
8699.41	-23.4094
8710.18	-23.4187
8720.95	-23.4281
8731.71	-23.4374
8742.48	-23.4466
8753.25	-23.4559
8764.01	-23.4652
8774.78	-23.4744
8785.55	-23.4836
8796.31	-23.4929
8807.08	-23.5021
8817.85	-23.5112
8828.61	-23.5204
8839.38	-23.5296
8850.15	-23.5387
8860.91	-23.5478
8871.68	-23.5569
8882.45	-23.566
8893.21	-23.5751
8903.98	-23.5842
8914.75	-23.5932
8925.51	-23.6023
8936.28	-23.6113
8947.05	-23.6203
8957.81	-23.6293
8968.58	-23.6383
8979.35	-23.6473
8990.11	-23.6562
9000.88	-23.6651
9011.65	-23.6741
9022.41	-23.683
9033.18	-23.6919
9043.95	-23.7007
9054.71	-23.7096
9065.48	-23.7185
9076.25	-23.7273
9087.01	-23.7361
9097.78	-23.7449
9108.54	-23.7537
9119.31	-23.7625
9130.08	-23.7713
9140.84	-23.78
9151.61	-23.7888
9162.38	-23.7975
9173.14	-23.8062
9183.91	-23.8149
9194.68	-23.8236
9205.44	-23.8323
9216.21	-23.8409
9226.98	-23.8496
9237.74	-23.8582
9248.51	-23.8668
9259.28	-23.8754
9270.04	-23.884
9280.81	-23.8926
9291.58	-23.9011
9302.34	-23.9097
9313.11	-23.9182
9323.88	-23.9267
9334.64	-23.9352
9345.41	-23.9437
9356.18	-23.9522
9366.94	-23.9607
9377.71	-23.9691
9388.48	-23.9775
9399.24	-23.9861
9410.01	-23.9944
9420.78	-24.0028
9431.54	-24.0112
9442.31	-24.0196
9453.08	-24.0279
9463.84	-24.0363
9474.61	-24.0446
9485.38	-24.0529
9496.14	-24.0612
9506.91	-24.0696
9517.68	-24.0778
9528.44	-24.0861
9539.21	-24.0943
9549.98	-24.1026
9560.74	-24.1108
9571.51	-24.119
9582.28	-24.1272
9593.04	-24.1354
9603.81	-24.1436
9614.58	-24.1518
9625.34	-24.1599
9636.11	-24.1681
9646.88	-24.1762
9657.64	-24.1843
9668.41	-24.1924
9679.17	-24.2005
9689.94	-24.2086
9700.71	-24.2167
9711.47	-24.2247
9722.24	-24.2327
9733.01	-24.2408
9743.77	-24.2488
9754.54	-24.2568
9765.31	-24.2648
9776.07	-24.2727
9786.84	-24.2807
9797.61	-24.2887
9808.37	-24.2966
9819.14	-24.3045
9829.91	-24.3124
9840.67	-24.3203
9851.44	-24.3282
9862.21	-24.3361
9872.97	-24.344
9883.74	-24.3518
9894.51	-24.3596
9905.27	-24.3675
9916.04	-24.3753
9926.81	-24.3831
9937.57	-24.3909
9948.34	-24.3987
9959.11	-24.4065
9969.87	-24.4142
9980.64	-24.422
9991.41	-24.4297
10002.2	-24.4374
10012.9	-24.4451
10023.7	-24.4528
10034.5	-24.4605
10045.2	-24.4682
10056	-24.4758
10066.8	-24.4835
10077.5	-24.4911
10088.3	-24.4987
10099.1	-24.5064
10109.8	-24.514
10120.6	-24.5215
10131.4	-24.5291
10142.1	-24.5367
10152.9	-24.5442
10163.7	-24.5518
10174.4	-24.5593
10185.2	-24.5668
10196	-24.5744
10206.7	-24.5818
10217.5	-24.5893
10228.3	-24.5968
10239	-24.6043
10249.8	-24.6117
10260.6	-24.6192
10271.3	-24.6266
10282.1	-24.634
10292.9	-24.6414
10303.6	-24.6488
10314.4	-24.6562
10325.2	-24.6635
10335.9	-24.6709
10346.7	-24.6783
10357.5	-24.6856
10368.2	-24.6929
10379	-24.7002
10389.8	-24.7076
10400.5	-24.7148
10411.3	-24.7221
10422.1	-24.7294
10432.8	-24.7366
10443.6	-24.7439
10454.4	-24.7511
10465.1	-24.7583
10475.9	-24.7655
10486.7	-24.7728
10497.4	-24.7799
10508.2	-24.7872
10519	-24.7943
10529.7	-24.8014
10540.5	-24.8086
10551.3	-24.8157
10562	-24.8229
10572.8	-24.83
10583.6	-24.8371
10594.3	-24.8442
10605.1	-24.8512
10615.9	-24.8583
10626.6	-24.8654
10637.4	-24.8724
10648.2	-24.8795
10658.9	-24.8865
10669.7	-24.8935
10680.5	-24.9005
10691.2	-24.9075
10702	-24.9145
10712.8	-24.9215
10723.5	-24.9284
10734.3	-24.9354
10745.1	-24.9423
10755.8	-24.9492
10766.6	-24.9562
10777.4	-24.9631
10788.1	-24.97
10798.9	-24.9768
10809.7	-24.9838
10820.4	-24.9906
10831.2	-24.9975
10842	-25.0043
10852.7	-25.0111
10863.5	-25.018
10874.3	-25.0248
10885	-25.0316
10895.8	-25.0383
10906.6	-25.0452
10917.3	-25.0519
10928.1	-25.0587
10938.9	-25.0654
10949.6	-25.0722
10960.4	-25.0789
10971.2	-25.0856
10981.9	-25.0923
10992.7	-25.099
11003.5	-25.1057
11014.2	-25.1124
11025	-25.1191
11035.8	-25.1257
11046.5	-25.1324
11057.3	-25.139
11068.1	-25.1457
11078.8	-25.1523
11089.6	-25.1589
11100.4	-25.1655
11111.1	-25.1721
11121.9	-25.1787
11132.7	-25.1852
11143.4	-25.1918
11154.2	-25.1983
11165	-25.2049
11175.7	-25.2114
11186.5	-25.2179
11197.3	-25.2244
11208	-25.2309
11218.8	-25.2374
11229.6	-25.2439
11240.3	-25.2503
11251.1	-25.2568
11261.9	-25.2633
11272.6	-25.2697
11283.4	-25.2761
11294.2	-25.2825
11304.9	-25.289
11315.7	-25.2953
11326.5	-25.3017
11337.2	-25.3081
11348	-25.3145
11358.8	-25.3208
11369.5	-25.3272
11380.3	-25.3335
11391.1	-25.3399
11401.8	-25.3462
11412.6	-25.3525
11423.4	-25.3588
11434.1	-25.3651
11444.9	-25.3714
11455.7	-25.3776
11466.4	-25.3839
11477.2	-25.3902
11488	-25.3964
11498.7	-25.4026
11509.5	-25.4089
11520.3	-25.4151
11531	-25.4213
11541.8	-25.4275
11552.6	-25.4337
11563.3	-25.4398
11574.1	-25.446
11584.9	-25.4521
11595.6	-25.4584
11606.4	-25.4644
11617.2	-25.4706
11627.9	-25.4767
11638.7	-25.4828
11649.5	-25.4889
11660.2	-25.495
11671	-25.5011
11681.8	-25.5072
11692.5	-25.5132
11703.3	-25.5193
11714.1	-25.5253
11724.8	-25.5313
11735.6	-25.5374
11746.4	-25.5434
11757.1	-25.5494
11767.9	-25.5554
11778.7	-25.5614
11789.4	-25.5674
11800.2	-25.5733
11811	-25.5793
11821.7	-25.5852
11832.5	-25.5912
11843.3	-25.5971
11854	-25.6031
11864.8	-25.609
11875.6	-25.6149
11886.3	-25.6208
11897.1	-25.6267
11907.9	-25.6325
11918.6	-25.6384
11929.4	-25.6443
11940.2	-25.6501
11950.9	-25.656
11961.7	-25.6618
11972.5	-25.6676
11983.2	-25.6734
11994	-25.6793
12004.8	-25.685
12015.5	-25.6908
12026.3	-25.6966
12037.1	-25.7024
12047.8	-25.7081
12058.6	-25.7139
12069.4	-25.7196
12080.1	-25.7254
12090.9	-25.7311
12101.7	-25.7368
12112.4	-25.7425
12123.2	-25.7482
12134	-25.7539
12144.7	-25.7596
12155.5	-25.7653
12166.3	-25.7709
12177	-25.7766
12187.8	-25.7822
12198.6	-25.7878
12209.3	-25.7935
12220.1	-25.7991
12230.9	-25.8047
12241.6	-25.8103
12252.4	-25.8159
12263.2	-25.8215
12273.9	-25.8271
12284.7	-25.8327
12295.5	-25.8382
12306.2	-25.8438
12317	-25.8493
12327.8	-25.8548
12338.5	-25.8604
12349.3	-25.8659
12360.1	-25.8714
12370.8	-25.8769
12381.6	-25.8824
12392.4	-25.8879
12403.1	-25.8933
12413.9	-25.8988
12424.7	-25.9043
12435.4	-25.9097
12446.2	-25.9151
12457	-25.9206
12467.7	-25.926
12478.5	-25.9314
12489.3	-25.9368
12500	-25.9422
12510.8	-25.9476
12521.6	-25.953
12532.3	-25.9584
12543.1	-25.9637
12553.9	-25.9691
12564.6	-25.9744
12575.4	-25.9798
12586.2	-25.9851
12596.9	-25.9904
12607.7	-25.9957
12618.5	-26.001
12629.2	-26.0063
12640	-26.0116
12650.8	-26.0169
12661.5	-26.0222
12672.3	-26.0274
12683.1	-26.0327
12693.8	-26.0379
12704.6	-26.0432
12715.4	-26.0484
12726.1	-26.0536
12736.9	-26.0588
12747.7	-26.064
12758.4	-26.0692
12769.2	-26.0744
12780	-26.0796
12790.7	-26.0848
12801.5	-26.0899
12812.3	-26.0951
12823	-26.1002
12833.8	-26.1054
12844.6	-26.1105
12855.3	-26.1156
12866.1	-26.1207
12876.9	-26.1258
12887.6	-26.1309
12898.4	-26.136
12909.2	-26.1411
12919.9	-26.1462
12930.7	-26.1513
12941.5	-26.1563
12952.2	-26.1614
12963	-26.1664
12973.8	-26.1714
12984.5	-26.1765
12995.3	-26.1815
13006.1	-26.1865
13016.8	-26.1915
13027.6	-26.1965
13038.4	-26.2015
13049.1	-26.2065
13059.9	-26.2114
13070.7	-26.2164
13081.4	-26.2213
13092.2	-26.2263
13103	-26.2312
13113.7	-26.2362
13124.5	-26.2411
13135.3	-26.246
13146	-26.2509
13156.8	-26.2558
13167.6	-26.2607
13178.3	-26.2656
13189.1	-26.2704
13199.9	-26.2753
13210.6	-26.2802
13221.4	-26.285
13232.2	-26.2899
13242.9	-26.2947
13253.7	-26.2995
13264.5	-26.3043
13275.2	-26.3092
13286	-26.314
13296.8	-26.3187
13307.5	-26.3236
13318.3	-26.3283
13329.1	-26.3331
13339.8	-26.3379
13350.6	-26.3426
13361.4	-26.3474
13372.1	-26.3521
13382.9	-26.3569
13393.7	-26.3616
13404.4	-26.3663
13415.2	-26.371
13426	-26.3757
13436.7	-26.3804
13447.5	-26.3851
13458.3	-26.3898
13469	-26.3945
13479.8	-26.3991
13490.6	-26.4038
13501.3	-26.4084
13512.1	-26.4131
13522.9	-26.4177
13533.6	-26.4224
13544.4	-26.427
13555.2	-26.4316
13565.9	-26.4362
13576.7	-26.4408
13587.5	-26.4454
13598.2	-26.4499
13609	-26.4546
13619.8	-26.4591
13630.5	-26.4637
13641.3	-26.4682
13652.1	-26.4728
13662.8	-26.4773
13673.6	-26.4818
13684.4	-26.4864
13695.1	-26.4909
13705.9	-26.4954
13716.7	-26.4999
13727.4	-26.5044
13738.2	-26.5089
13749	-26.5133
13759.7	-26.5178
13770.5	-26.5223
13781.2	-26.5267
13792	-26.5312
13802.8	-26.5356
13813.5	-26.5401
13824.3	-26.5445
13835.1	-26.5489
13845.8	-26.5533
13856.6	-26.5577
13867.4	-26.5621
13878.1	-26.5665
13888.9	-26.5709
13899.7	-26.5753
13910.4	-26.5796
13921.2	-26.584
13932	-26.5883
13942.7	-26.5927
13953.5	-26.597
13964.3	-26.6014
13975	-26.6057
13985.8	-26.61
13996.6	-26.6144
14007.3	-26.6186
14018.1	-26.6229
14028.9	-26.6272
14039.6	-26.6315
14050.4	-26.6358
14061.2	-26.64
14071.9	-26.6443
14082.7	-26.6485
14093.5	-26.6528
14104.2	-26.657
14115	-26.6613
14125.8	-26.6655
14136.5	-26.6697
14147.3	-26.6739
14158.1	-26.6781
14168.8	-26.6823
14179.6	-26.6865
14190.4	-26.6907
14201.1	-26.6948
14211.9	-26.699
14222.7	-26.7032
14233.4	-26.7073
14244.2	-26.7115
14255	-26.7156
14265.7	-26.7197
14276.5	-26.7238
14287.3	-26.728
14298	-26.7321
14308.8	-26.7362
14319.6	-26.7403
14330.3	-26.7444
14341.1	-26.7484
14351.9	-26.7525
14362.6	-26.7566
14373.4	-26.7606
14384.2	-26.7647
14394.9	-26.7687
14405.7	-26.7728
14416.5	-26.7768
14427.2	-26.7808
14438	-26.7849
14448.8	-26.7889
14459.5	-26.7929
14470.3	-26.7969
14481.1	-26.8009
14491.8	-26.8049
14502.6	-26.8088
14513.4	-26.8128
14524.1	-26.8168
14534.9	-26.8207
14545.7	-26.8247
14556.4	-26.8286
14567.2	-26.8325
14578	-26.8365
14588.7	-26.8404
14599.5	-26.8443
14610.3	-26.8482
14621	-26.8521
14631.8	-26.856
14642.6	-26.8599
14653.3	-26.8638
14664.1	-26.8676
14674.9	-26.8715
14685.6	-26.8754
14696.4	-26.8792
14707.2	-26.8831
14717.9	-26.8869
14728.7	-26.8907
14739.5	-26.8946
14750.2	-26.8984
14761	-26.9022
14771.8	-26.906
14782.5	-26.9098
14793.3	-26.9136
14804.1	-26.9174
14814.8	-26.9212
14825.6	-26.9249
14836.4	-26.9287
14847.1	-26.9324
14857.9	-26.9362
14868.7	-26.9399
14879.4	-26.9437
14890.2	-26.9474
14901	-26.9511
14911.7	-26.9549
14922.5	-26.9586
14933.3	-26.9623
14944	-26.966
14954.8	-26.9697
14965.6	-26.9733
14976.3	-26.977
14987.1	-26.9807
14997.9	-26.9844
15008.6	-26.988
15019.4	-26.9917
15030.2	-26.9953
15040.9	-26.9989
15051.7	-27.0026
15062.5	-27.0062
15073.2	-27.0098
15084	-27.0134
15094.8	-27.017
15105.5	-27.0207
15116.3	-27.0242
15127.1	-27.0278
15137.8	-27.0314
15148.6	-27.035
15159.4	-27.0385
15170.1	-27.0421
15180.9	-27.0456
15191.7	-27.0492
15202.4	-27.0527
15213.2	-27.0563
15224	-27.0598
15234.7	-27.0633
15245.5	-27.0668
15256.3	-27.0703
15267	-27.0738
15277.8	-27.0773
15288.6	-27.0808
15299.3	-27.0843
15310.1	-27.0877
15320.9	-27.0912
15331.6	-27.0947
15342.4	-27.0981
15353.2	-27.1016
15363.9	-27.105
15374.7	-27.1085
15385.5	-27.1119
15396.2	-27.1152
15407	-27.1188
15417.8	-27.1221
15428.5	-27.1255
15439.3	-27.1289
15450.1	-27.1323
15460.8	-27.1357
15471.6	-27.1391
15482.4	-27.1424
15493.1	-27.1458
15503.9	-27.1492
15514.7	-27.1525
15525.4	-27.1559
15536.2	-27.1592
15547	-27.1625
15557.7	-27.1659
15568.5	-27.1692
15579.3	-27.1725
15590	-27.1758
15600.8	-27.1791
15611.6	-27.1824
15622.3	-27.1857
15633.1	-27.189
15643.9	-27.1922
15654.6	-27.1955
15665.4	-27.1988
15676.2	-27.202
15686.9	-27.2053
15697.7	-27.2085
15708.5	-27.2117
15719.2	-27.215
15730	-27.2182
15740.8	-27.2214
15751.5	-27.2246
15762.3	-27.2278
15773.1	-27.231
15783.8	-27.2342
15794.6	-27.2374
15805.4	-27.2406
15816.1	-27.2438
15826.9	-27.2469
15837.7	-27.2501
15848.4	-27.2532
15859.2	-27.2564
15870	-27.2595
15880.7	-27.2627
15891.5	-27.2658
15902.3	-27.269
15913	-27.272
15923.8	-27.2751
15934.6	-27.2783
15945.3	-27.2814
15956.1	-27.2844
15966.9	-27.2875
15977.6	-27.2906
15988.4	-27.2937
15999.2	-27.2968
16009.9	-27.2998
16020.7	-27.3029
16031.5	-27.3059
16042.2	-27.309
16053	-27.312
16063.8	-27.315
16074.5	-27.3181
16085.3	-27.3211
16096.1	-27.3241
16106.8	-27.3271
16117.6	-27.3301
16128.4	-27.3331
16139.1	-27.3361
16149.9	-27.339
16160.7	-27.342
16171.4	-27.345
16182.2	-27.348
16193	-27.3509
16203.7	-27.3539
16214.5	-27.3568
16225.3	-27.3597
16236	-27.3627
16246.8	-27.3656
16257.6	-27.3685
16268.3	-27.3714
16279.1	-27.3743
16289.9	-27.3772
16300.6	-27.3801
16311.4	-27.383
16322.2	-27.3859
16332.9	-27.3888
16343.7	-27.3917
16354.5	-27.3945
16365.2	-27.3974
16376	-27.4002
16386.8	-27.4031
16397.5	-27.4059
16408.3	-27.4088
16419.1	-27.4116
16429.8	-27.4144
16440.6	-27.4172
16451.4	-27.42
16462.1	-27.4229
16472.9	-27.4257
16483.7	-27.4284
16494.4	-27.4312
16505.2	-27.434
16516	-27.4368
16526.7	-27.4396
16537.5	-27.4423
16548.3	-27.4451
16559	-27.4478
16569.8	-27.4506
16580.6	-27.4533
16591.3	-27.456
16602.1	-27.4588
16612.9	-27.4615
16623.6	-27.4642
16634.4	-27.4669
16645.2	-27.4696
16655.9	-27.4723
16666.7	-27.475
16677.5	-27.4777
16688.2	-27.4804
16699	-27.483
16709.8	-27.4857
16720.5	-27.4884
16731.3	-27.491
16742.1	-27.4937
16752.8	-27.4963
16763.6	-27.499
16774.4	-27.5016
16785.1	-27.5042
16795.9	-27.5068
16806.7	-27.5095
16817.4	-27.5121
16828.2	-27.5147
16839	-27.5173
16849.7	-27.5199
16860.5	-27.5224
16871.3	-27.525
16882	-27.5276
16892.8	-27.5302
16903.6	-27.5327
16914.3	-27.5353
16925.1	-27.5378
16935.9	-27.5404
16946.6	-27.5429
16957.4	-27.5454
16968.2	-27.548
16978.9	-27.5505
16989.7	-27.553
17000.5	-27.5555
17011.2	-27.558
17022	-27.5605
17032.8	-27.563
17043.5	-27.5655
17054.3	-27.568
17065.1	-27.5704
17075.8	-27.5729
17086.6	-27.5754
17097.4	-27.5777
17108.1	-27.5803
17118.9	-27.5827
17129.7	-27.5852
17140.4	-27.5876
17151.2	-27.59
17162	-27.5925
17172.7	-27.5949
17183.5	-27.5973
17194.3	-27.5996
17205	-27.6022
17215.8	-27.6045
17226.6	-27.6069
17237.3	-27.6092
17248.1	-27.6116
17258.9	-27.614
17269.6	-27.6164
17280.4	-27.6187
17291.2	-27.6211
17301.9	-27.6234
17312.7	-27.6258
17323.5	-27.6281
17334.2	-27.6304
17345	-27.6327
17355.8	-27.6351
17366.5	-27.6374
17377.3	-27.6397
17388.1	-27.642
17398.8	-27.6442
17409.6	-27.6466
17420.4	-27.6488
17431.1	-27.6511
17441.9	-27.6534
17452.7	-27.6557
17463.4	-27.6579
17474.2	-27.6602
17485	-27.6624
17495.7	-27.6648
17506.5	-27.6668
17517.3	-27.6692
17528	-27.6714
17538.8	-27.6736
17549.6	-27.6758
17560.3	-27.678
17571.1	-27.6802
17581.9	-27.6824
17592.6	-27.6846
17603.4	-27.6868
17614.2	-27.689
17624.9	-27.6912
17635.7	-27.6933
17646.5	-27.6955
17657.2	-27.6976
17668	-27.6998
17678.8	-27.7019
17689.5	-27.7041
17700.3	-27.7062
17711.1	-27.7084
17721.8	-27.7105
17732.6	-27.7126
17743.4	-27.7147
17754.1	-27.7168
17764.9	-27.7189
17775.7	-27.721
17786.4	-27.7231
17797.2	-27.7251
17808	-27.7273
17818.7	-27.7294
17829.5	-27.7314
17840.3	-27.7335
17851	-27.7355
17861.8	-27.7376
17872.6	-27.7396
17883.3	-27.7417
17894.1	-27.7437
17904.9	-27.7458
17915.6	-27.7478
17926.4	-27.7498
17937.2	-27.7518
17947.9	-27.7538
17958.7	-27.7558
17969.5	-27.7578
17980.2	-27.7598
17991	-27.7618
18001.8	-27.7638
18012.5	-27.7657
18023.3	-27.7677
18034.1	-27.7697
18044.8	-27.7716
18055.6	-27.7736
18066.4	-27.7755
18077.1	-27.7775
18087.9	-27.7794
18098.7	-27.7814
18109.4	-27.7832
18120.2	-27.7852
18131	-27.7871
18141.7	-27.789
18152.5	-27.7909
18163.3	-27.7928
18174	-27.7947
18184.8	-27.7966
18195.6	-27.7983
18206.3	-27.8004
18217.1	-27.8022
18227.9	-27.8041
18238.6	-27.8059
18249.4	-27.8078
18260.2	-27.8096
18270.9	-27.8115
18281.7	-27.8133
18292.5	-27.8151
18303.2	-27.817
18314	-27.8187
18324.8	-27.8206
18335.5	-27.8224
18346.3	-27.8242
18357.1	-27.826
18367.8	-27.8278
18378.6	-27.8296
18389.4	-27.8313
18400.1	-27.8331
18410.9	-27.8349
18421.7	-27.8367
18432.4	-27.8384
18443.2	-27.8402
18454	-27.8419
18464.7	-27.8437
18475.5	-27.8454
18486.3	-27.8472
18497	-27.8487
18507.8	-27.8507
18518.6	-27.8523
18529.3	-27.854
18540.1	-27.8557
18550.9	-27.8574
18561.6	-27.8591
18572.4	-27.8608
18583.2	-27.8625
18593.9	-27.8642
18604.7	-27.8658
18615.5	-27.8675
18626.2	-27.8691
18637	-27.8708
18647.8	-27.8724
18658.5	-27.8741
18669.3	-27.8757
18680.1	-27.8774
18690.8	-27.879
18701.6	-27.8806
18712.4	-27.8822
18723.1	-27.8838
18733.9	-27.8854
18744.7	-27.8871
18755.4	-27.8886
18766.2	-27.8902
18777	-27.8918
18787.7	-27.8934
18798.5	-27.895
18809.3	-27.8966
18820	-27.8981
18830.8	-27.8997
18841.6	-27.9012
18852.3	-27.9028
18863.1	-27.9043
18873.9	-27.9058
18884.6	-27.9074
18895.4	-27.9089
18906.2	-27.9105
18916.9	-27.9119
18927.7	-27.9134
18938.5	-27.915
18949.2	-27.9165
18960	-27.9179
18970.8	-27.9194
18981.5	-27.9209
18992.3	-27.9224
19003.1	-27.9238
19013.8	-27.9253
19024.6	-27.9268
19035.4	-27.9283
19046.1	-27.9297
19056.9	-27.9311
19067.7	-27.9326
19078.4	-27.934
19089.2	-27.9354
19100	-27.9369
19110.7	-27.9383
19121.5	-27.9397
19132.3	-27.9411
19143	-27.9425
19153.8	-27.9439
19164.6	-27.9453
19175.3	-27.9467
19186.1	-27.948
19196.9	-27.9495
19207.6	-27.9507
19218.4	-27.9522
19229.2	-27.9535
19239.9	-27.9549
19250.7	-27.9562
19261.5	-27.9576
19272.2	-27.9589
19283	-27.9603
19293.8	-27.9616
19304.5	-27.9629
19315.3	-27.9642
19326	-27.9655
19336.8	-27.9669
19347.6	-27.9682
19358.3	-27.9694
19369.1	-27.9707
19379.9	-27.972
19390.6	-27.9733
19401.4	-27.9746
19412.2	-27.9759
19422.9	-27.9771
19433.7	-27.9784
19444.5	-27.9796
19455.2	-27.9809
19466	-27.9821
19476.8	-27.9834
19487.5	-27.9846
19498.3	-27.9858
19509.1	-27.9871
19519.8	-27.9883
19530.6	-27.9895
19541.4	-27.9907
19552.1	-27.9919
19562.9	-27.9931
19573.7	-27.9943
19584.4	-27.9954
19595.2	-27.9966
19606	-27.9978
19616.7	-27.999
19627.5	-28.0001
19638.3	-28.0013
19649	-28.0024
19659.8	-28.0036
19670.6	-28.0047
19681.3	-28.0059
19692.1	-28.007
19702.9	-28.0082
19713.6	-28.0092
19724.4	-28.0104
19735.2	-28.0115
19745.9	-28.0126
19756.7	-28.0137
19767.5	-28.0148
19778.2	-28.0159
19789	-28.017
19799.8	-28.018
19810.5	-28.0191
19821.3	-28.0202
19832.1	-28.0213
19842.8	-28.0223
19853.6	-28.0234
19864.4	-28.0244
19875.1	-28.0255
19885.9	-28.0265
19896.7	-28.0275
19907.4	-28.0286
19918.2	-28.0296
19929	-28.0306
19939.7	-28.0316
19950.5	-28.0326
19961.3	-28.0336
19972	-28.0346
19982.8	-28.0356
19993.6	-28.0366
20004.3	-28.0376
20015.1	-28.0385
20025.9	-28.0395
20036.6	-28.0405
20047.4	-28.0414
20058.2	-28.0424
20068.9	-28.0433
20079.7	-28.0443
20090.5	-28.0452
20101.2	-28.0462
20112	-28.0471
20122.8	-28.048
20133.5	-28.0489
20144.3	-28.0498
20155.1	-28.0508
20165.8	-28.0517
20176.6	-28.0525
20187.4	-28.0534
20198.1	-28.0543
20208.9	-28.0552
20219.7	-28.0561
20230.4	-28.057
20241.2	-28.0578
20252	-28.0587
20262.7	-28.0595
20273.5	-28.0604
20284.3	-28.0612
20295	-28.0621
20305.8	-28.0629
20316.6	-28.0637
20327.3	-28.0646
20338.1	-28.0654
20348.9	-28.0662
20359.6	-28.067
20370.4	-28.0678
20381.2	-28.0686
20391.9	-28.0694
20402.7	-28.0702
20413.5	-28.071
20424.2	-28.0718
20435	-28.0725
20445.8	-28.0733
20456.5	-28.0741
20467.3	-28.0748
20478.1	-28.0756
20488.8	-28.0763
20499.6	-28.077
20510.4	-28.0778
20521.1	-28.0785
20531.9	-28.0792
20542.7	-28.08
20553.4	-28.0807
20564.2	-28.0814
20575	-28.0821
20585.7	-28.0828
20596.5	-28.0835
20607.3	-28.0842
20618	-28.0849
20628.8	-28.0855
20639.6	-28.0862
20650.3	-28.0869
20661.1	-28.0876
20671.9	-28.0882
20682.6	-28.0889
20693.4	-28.0896
20704.2	-28.0901
20714.9	-28.0908
20725.7	-28.0914
20736.5	-28.0921
20747.2	-28.0927
20758	-28.0933
20768.8	-28.0939
20779.5	-28.0945
20790.3	-28.0951
20801.1	-28.0957
20811.8	-28.0963
20822.6	-28.0969
20833.4	-28.0975
20844.1	-28.0981
20854.9	-28.0986
20865.7	-28.0992
20876.4	-28.0997
20887.2	-28.1003
20898	-28.1008
20908.7	-28.1014
20919.5	-28.1019
20930.3	-28.1025
20941	-28.103
20951.8	-28.1035
20962.6	-28.1041
20973.3	-28.1046
20984.1	-28.1051
20994.9	-28.1057
21005.6	-28.106
21016.4	-28.1066
21027.2	-28.1071
21037.9	-28.1075
21048.7	-28.108
21059.5	-28.1085
21070.2	-28.109
21081	-28.1094
21091.8	-28.1098
21102.5	-28.1104
21113.3	-28.1108
21124.1	-28.1112
21134.8	-28.1117
21145.6	-28.1121
21156.4	-28.1125
21167.1	-28.113
21177.9	-28.1134
21188.7	-28.1138
21199.4	-28.1142
21210.2	-28.1146
21221	-28.115
21231.7	-28.1154
21242.5	-28.1158
21253.3	-28.1161
21264	-28.1165
21274.8	-28.1169
21285.6	-28.1172
21296.3	-28.1177
21307.1	-28.1179
21317.9	-28.1183
21328.6	-28.1187
21339.4	-28.119
21350.2	-28.1193
21360.9	-28.1197
21371.7	-28.12
21382.5	-28.1203
21393.2	-28.1206
21404	-28.121
21414.8	-28.1212
21425.5	-28.1215
21436.3	-28.1218
21447.1	-28.1221
21457.8	-28.1224
21468.6	-28.1227
21479.4	-28.123
21490.1	-28.1232
21500.9	-28.1235
21511.7	-28.1238
21522.4	-28.124
21533.2	-28.1243
21544	-28.1245
21554.7	-28.1247
21565.5	-28.125
21576.3	-28.1252
21587	-28.1254
21597.8	-28.1256
21608.6	-28.1259
21619.3	-28.1261
21630.1	-28.1263
21640.9	-28.1265
21651.6	-28.1266
21662.4	-28.1268
21673.2	-28.127
21683.9	-28.1272
21694.7	-28.1273
21705.5	-28.1276
21716.2	-28.1277
21727	-28.1278
21737.8	-28.128
21748.5	-28.1281
21759.3	-28.1283
21770.1	-28.1284
21780.8	-28.1285
21791.6	-28.1287
21802.4	-28.1288
21813.1	-28.1289
21823.9	-28.129
21834.7	-28.1291
21845.4	-28.1292
21856.2	-28.1293
21867	-28.1294
21877.7	-28.1295
21888.5	-28.1296
21899.3	-28.1296
21910	-28.1297
21920.8	-28.1298
21931.6	-28.1298
21942.3	-28.1299
21953.1	-28.1299
21963.9	-28.13
21974.6	-28.13
21985.4	-28.1301
21996.2	-28.13
22006.9	-28.1302
22017.7	-28.1301
22028.5	-28.1301
22039.2	-28.1301
22050	-28.1301
22060.8	-28.1301
22071.5	-28.1301
22082.3	-28.1301
22093.1	-28.1302
22103.8	-28.13
22114.6	-28.1301
22125.4	-28.13
22136.1	-28.13
22146.9	-28.1299
22157.7	-28.1299
22168.4	-28.1298
22179.2	-28.1298
22190	-28.1297
22200.7	-28.1296
22211.5	-28.1296
22222.3	-28.1295
22233	-28.1294
22243.8	-28.1293
22254.6	-28.1292
22265.3	-28.1291
22276.1	-28.129
22286.9	-28.1289
22297.6	-28.1288
22308.4	-28.1287
22319.2	-28.1285
22329.9	-28.1284
22340.7	-28.1283
22351.5	-28.1281
22362.2	-28.128
22373	-28.1278
22383.8	-28.1277
22394.5	-28.1276
22405.3	-28.1273
22416.1	-28.1272
22426.8	-28.127
22437.6	-28.1268
22448.4	-28.1266
22459.1	-28.1265
22469.9	-28.1263
22480.7	-28.1261
22491.4	-28.1259
22502.2	-28.1256
22513	-28.1254
22523.7	-28.1252
22534.5	-28.125
22545.3	-28.1247
22556	-28.1245
22566.8	-28.1243
22577.6	-28.124
22588.3	-28.1238
22599.1	-28.1235
22609.9	-28.1232
22620.6	-28.123
22631.4	-28.1227
22642.2	-28.1224
22652.9	-28.1221
22663.7	-28.1218
22674.5	-28.1215
22685.2	-28.1212
22696	-28.121
22706.8	-28.1206
22717.5	-28.1203
22728.3	-28.12
22739.1	-28.1197
22749.8	-28.1193
22760.6	-28.119
22771.4	-28.1187
22782.1	-28.1183
22792.9	-28.1179
22803.7	-28.1177
22814.4	-28.1172
22825.2	-28.1169
22836	-28.1165
22846.7	-28.1161
22857.5	-28.1158
22868.3	-28.1154
22879	-28.115
22889.8	-28.1146
22900.6	-28.1142
22911.3	-28.1138
22922.1	-28.1134
22932.9	-28.113
22943.6	-28.1125
22954.4	-28.1121
22965.2	-28.1117
22975.9	-28.1112
22986.7	-28.1108
22997.5	-28.1104
23008.2	-28.1098
23019	-28.1094
23029.8	-28.109
23040.5	-28.1085
23051.3	-28.108
23062.1	-28.1075
23072.8	-28.1071
23083.6	-28.1066
23094.4	-28.106
23105.1	-28.1057
23115.9	-28.1051
23126.7	-28.1046
23137.4	-28.1041
23148.2	-28.1035
23159	-28.103
23169.7	-28.1025
23180.5	-28.1019
23191.3	-28.1014
23202	-28.1008
23212.8	-28.1003
23223.6	-28.0997
23234.3	-28.0992
23245.1	-28.0986
23255.9	-28.0981
23266.6	-28.0975
23277.4	-28.0969
23288.2	-28.0963
23298.9	-28.0957
23309.7	-28.0951
23320.5	-28.0945
23331.2	-28.0939
23342	-28.0933
23352.8	-28.0927
23363.5	-28.0921
23374.3	-28.0914
23385.1	-28.0908
23395.8	-28.0901
23406.6	-28.0896
23417.4	-28.0889
23428.1	-28.0882
23438.9	-28.0876
23449.7	-28.0869
23460.4	-28.0862
23471.2	-28.0855
23482	-28.0849
23492.7	-28.0842
23503.5	-28.0835
23514.3	-28.0828
23525	-28.0821
23535.8	-28.0814
23546.6	-28.0807
23557.3	-28.08
23568.1	-28.0792
23578.9	-28.0785
23589.6	-28.0778
23600.4	-28.077
23611.2	-28.0763
23621.9	-28.0756
23632.7	-28.0748
23643.5	-28.0741
23654.2	-28.0733
23665	-28.0725
23675.8	-28.0718
23686.5	-28.071
23697.3	-28.0702
23708.1	-28.0694
23718.8	-28.0686
23729.6	-28.0678
23740.4	-28.067
23751.1	-28.0662
23761.9	-28.0654
23772.7	-28.0646
23783.4	-28.0637
23794.2	-28.0629
23805	-28.0621
23815.7	-28.0612
23826.5	-28.0604
23837.3	-28.0595
23848	-28.0587
23858.8	-28.0578
23869.6	-28.057
23880.3	-28.0561
23891.1	-28.0552
23901.9	-28.0543
23912.6	-28.0534
23923.4	-28.0525
23934.2	-28.0517
23944.9	-28.0508
23955.7	-28.0498
23966.5	-28.0489
23977.2	-28.048
23988	-28.0471
23998.8	-28.0462
24009.5	-28.0452
24020.3	-28.0443
24031.1	-28.0433
24041.8	-28.0424
24052.6	-28.0414
24063.4	-28.0405
24074.1	-28.0395
24084.9	-28.0385
24095.7	-28.0376
24106.4	-28.0366
24117.2	-28.0356
24128	-28.0346
24138.7	-28.0336
24149.5	-28.0326
24160.3	-28.0316
24171	-28.0306
24181.8	-28.0296
24192.6	-28.0286
24203.3	-28.0275
24214.1	-28.0265
24224.9	-28.0255
24235.6	-28.0244
24246.4	-28.0234
24257.2	-28.0223
24267.9	-28.0213
24278.7	-28.0202
24289.5	-28.0191
24300.2	-28.018
24311	-28.017
24321.8	-28.0159
24332.5	-28.0148
24343.3	-28.0137
24354.1	-28.0126
24364.8	-28.0115
24375.6	-28.0104
24386.4	-28.0092
24397.1	-28.0082
24407.9	-28.007
24418.7	-28.0059
24429.4	-28.0047
24440.2	-28.0036
24451	-28.0024
24461.7	-28.0013
24472.5	-28.0001
24483.3	-27.999
24494	-27.9978
24504.8	-27.9966
24515.6	-27.9954
24526.3	-27.9943
24537.1	-27.9931
24547.9	-27.9919
24558.6	-27.9907
24569.4	-27.9895
24580.2	-27.9883
24590.9	-27.9871
24601.7	-27.9858
24612.5	-27.9846
24623.2	-27.9834
24634	-27.9821
24644.8	-27.9809
24655.5	-27.9796
24666.3	-27.9784
24677.1	-27.9771
24687.8	-27.9759
24698.6	-27.9746
24709.4	-27.9733
24720.1	-27.972
24730.9	-27.9707
24741.7	-27.9694
24752.4	-27.9682
24763.2	-27.9669
24774	-27.9655
24784.7	-27.9642
24795.5	-27.9629
24806.2	-27.9616
24817	-27.9603
24827.8	-27.9589
24838.5	-27.9576
24849.3	-27.9562
24860.1	-27.9549
24870.8	-27.9535
24881.6	-27.9522
24892.4	-27.9507
24903.1	-27.9495
24913.9	-27.948
24924.7	-27.9467
24935.4	-27.9453
24946.2	-27.9439
24957	-27.9425
24967.7	-27.9411
24978.5	-27.9397
24989.3	-27.9383
25000	-27.9369
25010.8	-27.9354
25021.6	-27.934
25032.3	-27.9326
25043.1	-27.9311
25053.9	-27.9297
25064.6	-27.9283
25075.4	-27.9268
25086.2	-27.9253
25096.9	-27.9238
25107.7	-27.9224
25118.5	-27.9209
25129.2	-27.9194
25140	-27.9179
25150.8	-27.9165
25161.5	-27.915
25172.3	-27.9134
25183.1	-27.9119
25193.8	-27.9105
25204.6	-27.9089
25215.4	-27.9074
25226.1	-27.9058
25236.9	-27.9043
25247.7	-27.9028
25258.4	-27.9012
25269.2	-27.8997
25280	-27.8981
25290.7	-27.8966
25301.5	-27.895
25312.3	-27.8934
25323	-27.8918
25333.8	-27.8902
25344.6	-27.8886
25355.3	-27.8871
25366.1	-27.8854
25376.9	-27.8838
25387.6	-27.8822
25398.4	-27.8806
25409.2	-27.879
25419.9	-27.8774
25430.7	-27.8757
25441.5	-27.8741
25452.2	-27.8724
25463	-27.8708
25473.8	-27.8691
25484.5	-27.8675
25495.3	-27.8658
25506.1	-27.8642
25516.8	-27.8625
25527.6	-27.8608
25538.4	-27.8591
25549.1	-27.8574
25559.9	-27.8557
25570.7	-27.854
25581.4	-27.8523
25592.2	-27.8507
25603	-27.8487
25613.7	-27.8472
25624.5	-27.8454
25635.3	-27.8437
25646	-27.8419
25656.8	-27.8402
25667.6	-27.8384
25678.3	-27.8367
25689.1	-27.8349
25699.9	-27.8331
25710.6	-27.8313
25721.4	-27.8296
25732.2	-27.8278
25742.9	-27.826
25753.7	-27.8242
25764.5	-27.8224
25775.2	-27.8206
25786	-27.8187
25796.8	-27.817
25807.5	-27.8151
25818.3	-27.8133
25829.1	-27.8115
25839.8	-27.8096
25850.6	-27.8078
25861.4	-27.8059
25872.1	-27.8041
25882.9	-27.8022
25893.7	-27.8004
25904.4	-27.7983
25915.2	-27.7966
25926	-27.7947
25936.7	-27.7928
25947.5	-27.7909
25958.3	-27.789
25969	-27.7871
25979.8	-27.7852
25990.6	-27.7832
26001.3	-27.7814
26012.1	-27.7794
26022.9	-27.7775
26033.6	-27.7755
26044.4	-27.7736
26055.2	-27.7716
26065.9	-27.7697
26076.7	-27.7677
26087.5	-27.7657
26098.2	-27.7638
26109	-27.7618
26119.8	-27.7598
26130.5	-27.7578
26141.3	-27.7558
26152.1	-27.7538
26162.8	-27.7518
26173.6	-27.7498
26184.4	-27.7478
26195.1	-27.7458
26205.9	-27.7437
26216.7	-27.7417
26227.4	-27.7396
26238.2	-27.7376
26249	-27.7355
26259.7	-27.7335
26270.5	-27.7314
26281.3	-27.7294
26292	-27.7273
26302.8	-27.7251
26313.6	-27.7231
26324.3	-27.721
26335.1	-27.7189
26345.9	-27.7168
26356.6	-27.7147
26367.4	-27.7126
26378.2	-27.7105
26388.9	-27.7084
26399.7	-27.7062
26410.5	-27.7041
26421.2	-27.7019
26432	-27.6998
26442.8	-27.6976
26453.5	-27.6955
26464.3	-27.6933
26475.1	-27.6912
26485.8	-27.689
26496.6	-27.6868
26507.4	-27.6846
26518.1	-27.6824
26528.9	-27.6802
26539.7	-27.678
26550.4	-27.6758
26561.2	-27.6736
26572	-27.6714
26582.7	-27.6692
26593.5	-27.6668
26604.3	-27.6648
26615	-27.6624
26625.8	-27.6602
26636.6	-27.6579
26647.3	-27.6557
26658.1	-27.6534
26668.9	-27.6511
26679.6	-27.6488
26690.4	-27.6466
26701.2	-27.6442
26711.9	-27.642
26722.7	-27.6397
26733.5	-27.6374
26744.2	-27.6351
26755	-27.6327
26765.8	-27.6304
26776.5	-27.6281
26787.3	-27.6258
26798.1	-27.6234
26808.8	-27.6211
26819.6	-27.6187
26830.4	-27.6164
26841.1	-27.614
26851.9	-27.6116
26862.7	-27.6092
26873.4	-27.6069
26884.2	-27.6045
26895	-27.6022
26905.7	-27.5996
26916.5	-27.5973
26927.3	-27.5949
26938	-27.5925
26948.8	-27.59
26959.6	-27.5876
26970.3	-27.5852
26981.1	-27.5827
26991.9	-27.5803
27002.6	-27.5777
27013.4	-27.5754
27024.2	-27.5729
27034.9	-27.5704
27045.7	-27.568
27056.5	-27.5655
27067.2	-27.563
27078	-27.5605
27088.8	-27.558
27099.5	-27.5555
27110.3	-27.553
27121.1	-27.5505
27131.8	-27.548
27142.6	-27.5454
27153.4	-27.5429
27164.1	-27.5404
27174.9	-27.5378
27185.7	-27.5353
27196.4	-27.5327
27207.2	-27.5302
27218	-27.5276
27228.7	-27.525
27239.5	-27.5224
27250.3	-27.5199
27261	-27.5173
27271.8	-27.5147
27282.6	-27.5121
27293.3	-27.5095
27304.1	-27.5068
27314.9	-27.5042
27325.6	-27.5016
27336.4	-27.499
27347.2	-27.4963
27357.9	-27.4937
27368.7	-27.491
27379.5	-27.4884
27390.2	-27.4857
27401	-27.483
27411.8	-27.4804
27422.5	-27.4777
27433.3	-27.475
27444.1	-27.4723
27454.8	-27.4696
27465.6	-27.4669
27476.4	-27.4642
27487.1	-27.4615
27497.9	-27.4588
27508.7	-27.456
27519.4	-27.4533
27530.2	-27.4506
27541	-27.4478
27551.7	-27.4451
27562.5	-27.4423
27573.3	-27.4396
27584	-27.4368
27594.8	-27.434
27605.6	-27.4312
27616.3	-27.4284
27627.1	-27.4257
27637.9	-27.4229
27648.6	-27.42
27659.4	-27.4172
27670.2	-27.4144
27680.9	-27.4116
27691.7	-27.4088
27702.5	-27.4059
27713.2	-27.4031
27724	-27.4002
27734.8	-27.3974
27745.5	-27.3945
27756.3	-27.3917
27767.1	-27.3888
27777.8	-27.3859
27788.6	-27.383
27799.4	-27.3801
27810.1	-27.3772
27820.9	-27.3743
27831.7	-27.3714
27842.4	-27.3685
27853.2	-27.3656
27864	-27.3627
27874.7	-27.3597
27885.5	-27.3568
27896.3	-27.3539
27907	-27.3509
27917.8	-27.348
27928.6	-27.345
27939.3	-27.342
27950.1	-27.339
27960.9	-27.3361
27971.6	-27.3331
27982.4	-27.3301
27993.2	-27.3271
28003.9	-27.3241
28014.7	-27.3211
28025.5	-27.3181
28036.2	-27.315
28047	-27.312
28057.8	-27.309
28068.5	-27.3059
28079.3	-27.3029
28090.1	-27.2998
28100.8	-27.2968
28111.6	-27.2937
28122.4	-27.2906
28133.1	-27.2875
28143.9	-27.2844
28154.7	-27.2814
28165.4	-27.2783
28176.2	-27.2751
28187	-27.272
28197.7	-27.269
28208.5	-27.2658
28219.3	-27.2627
28230	-27.2595
28240.8	-27.2564
28251.6	-27.2532
28262.3	-27.2501
28273.1	-27.2469
28283.9	-27.2438
28294.6	-27.2406
28305.4	-27.2374
28316.2	-27.2342
28326.9	-27.231
28337.7	-27.2278
28348.5	-27.2246
28359.2	-27.2214
28370	-27.2182
28380.8	-27.215
28391.5	-27.2117
28402.3	-27.2085
28413.1	-27.2053
28423.8	-27.202
28434.6	-27.1988
28445.4	-27.1955
28456.1	-27.1922
28466.9	-27.189
28477.7	-27.1857
28488.4	-27.1824
28499.2	-27.1791
28510	-27.1758
28520.7	-27.1725
28531.5	-27.1692
28542.3	-27.1659
28553	-27.1625
28563.8	-27.1592
28574.6	-27.1559
28585.3	-27.1525
28596.1	-27.1492
28606.9	-27.1458
28617.6	-27.1424
28628.4	-27.1391
28639.2	-27.1357
28649.9	-27.1323
28660.7	-27.1289
28671.5	-27.1255
28682.2	-27.1221
28693	-27.1188
28703.8	-27.1152
28714.5	-27.1119
28725.3	-27.1085
28736.1	-27.105
28746.8	-27.1016
28757.6	-27.0981
28768.4	-27.0947
28779.1	-27.0912
28789.9	-27.0877
28800.7	-27.0843
28811.4	-27.0808
28822.2	-27.0773
28833	-27.0738
28843.7	-27.0703
28854.5	-27.0668
28865.3	-27.0633
28876	-27.0598
28886.8	-27.0563
28897.6	-27.0527
28908.3	-27.0492
28919.1	-27.0456
28929.9	-27.0421
28940.6	-27.0385
28951.4	-27.035
28962.2	-27.0314
28972.9	-27.0278
28983.7	-27.0242
28994.5	-27.0207
29005.2	-27.017
29016	-27.0134
29026.8	-27.0098
29037.5	-27.0062
29048.3	-27.0026
29059.1	-26.9989
29069.8	-26.9953
29080.6	-26.9917
29091.4	-26.988
29102.1	-26.9844
29112.9	-26.9807
29123.7	-26.977
29134.4	-26.9733
29145.2	-26.9697
29156	-26.966
29166.7	-26.9623
29177.5	-26.9586
29188.3	-26.9549
29199	-26.9511
29209.8	-26.9474
29220.6	-26.9437
29231.3	-26.9399
29242.1	-26.9362
29252.9	-26.9324
29263.6	-26.9287
29274.4	-26.9249
29285.2	-26.9212
29295.9	-26.9174
29306.7	-26.9136
29317.5	-26.9098
29328.2	-26.906
29339	-26.9022
29349.8	-26.8984
29360.5	-26.8946
29371.3	-26.8907
29382.1	-26.8869
29392.8	-26.8831
29403.6	-26.8792
29414.4	-26.8754
29425.1	-26.8715
29435.9	-26.8676
29446.7	-26.8638
29457.4	-26.8599
29468.2	-26.856
29479	-26.8521
29489.7	-26.8482
29500.5	-26.8443
29511.3	-26.8404
29522	-26.8365
29532.8	-26.8325
29543.6	-26.8286
29554.3	-26.8247
29565.1	-26.8207
29575.9	-26.8168
29586.6	-26.8128
29597.4	-26.8088
29608.2	-26.8049
29618.9	-26.8009
29629.7	-26.7969
29640.5	-26.7929
29651.2	-26.7889
29662	-26.7849
29672.8	-26.7808
29683.5	-26.7768
29694.3	-26.7728
29705.1	-26.7687
29715.8	-26.7647
29726.6	-26.7606
29737.4	-26.7566
29748.1	-26.7525
29758.9	-26.7484
29769.7	-26.7444
29780.4	-26.7403
29791.2	-26.7362
29802	-26.7321
29812.7	-26.728
29823.5	-26.7238
29834.3	-26.7197
29845	-26.7156
29855.8	-26.7115
29866.6	-26.7073
29877.3	-26.7032
29888.1	-26.699
29898.9	-26.6948
29909.6	-26.6907
29920.4	-26.6865
29931.2	-26.6823
29941.9	-26.6781
29952.7	-26.6739
29963.5	-26.6697
29974.2	-26.6655
29985	-26.6613
29995.8	-26.657
30006.5	-26.6528
30017.3	-26.6485
30028.1	-26.6443
30038.8	-26.64
30049.6	-26.6358
30060.4	-26.6315
30071.1	-26.6272
30081.9	-26.6229
30092.7	-26.6186
30103.4	-26.6144
30114.2	-26.61
30125	-26.6057
30135.7	-26.6014
30146.5	-26.597
30157.3	-26.5927
30168	-26.5883
30178.8	-26.584
30189.6	-26.5796
30200.3	-26.5753
30211.1	-26.5709
30221.9	-26.5665
30232.6	-26.5621
30243.4	-26.5577
30254.2	-26.5533
30264.9	-26.5489
30275.7	-26.5445
30286.5	-26.5401
30297.2	-26.5356
30308	-26.5312
30318.8	-26.5267
30329.5	-26.5223
30340.3	-26.5178
30351	-26.5133
30361.8	-26.5089
30372.6	-26.5044
30383.3	-26.4999
30394.1	-26.4954
30404.9	-26.4909
30415.6	-26.4864
30426.4	-26.4818
30437.2	-26.4773
30447.9	-26.4728
30458.7	-26.4682
30469.5	-26.4637
30480.2	-26.4591
30491	-26.4546
30501.8	-26.4499
30512.5	-26.4454
30523.3	-26.4408
30534.1	-26.4362
30544.8	-26.4316
30555.6	-26.427
30566.4	-26.4224
30577.1	-26.4177
30587.9	-26.4131
30598.7	-26.4084
30609.4	-26.4038
30620.2	-26.3991
30631	-26.3945
30641.7	-26.3898
30652.5	-26.3851
30663.3	-26.3804
30674	-26.3757
30684.8	-26.371
30695.6	-26.3663
30706.3	-26.3616
30717.1	-26.3569
30727.9	-26.3521
30738.6	-26.3474
30749.4	-26.3426
30760.2	-26.3379
30770.9	-26.3331
30781.7	-26.3283
30792.5	-26.3236
30803.2	-26.3187
30814	-26.314
30824.8	-26.3092
30835.5	-26.3043
30846.3	-26.2995
30857.1	-26.2947
30867.8	-26.2899
30878.6	-26.285
30889.4	-26.2802
30900.1	-26.2753
30910.9	-26.2704
30921.7	-26.2656
30932.4	-26.2607
30943.2	-26.2558
30954	-26.2509
30964.7	-26.246
30975.5	-26.2411
30986.3	-26.2362
30997	-26.2312
31007.8	-26.2263
31018.6	-26.2213
31029.3	-26.2164
31040.1	-26.2114
31050.9	-26.2065
31061.6	-26.2015
31072.4	-26.1965
31083.2	-26.1915
31093.9	-26.1865
31104.7	-26.1815
31115.5	-26.1765
31126.2	-26.1714
31137	-26.1664
31147.8	-26.1614
31158.5	-26.1563
31169.3	-26.1513
31180.1	-26.1462
31190.8	-26.1411
31201.6	-26.136
31212.4	-26.1309
31223.1	-26.1258
31233.9	-26.1207
31244.7	-26.1156
31255.4	-26.1105
31266.2	-26.1054
31277	-26.1002
31287.7	-26.0951
31298.5	-26.0899
31309.3	-26.0848
31320	-26.0796
31330.8	-26.0744
31341.6	-26.0692
31352.3	-26.064
31363.1	-26.0588
31373.9	-26.0536
31384.6	-26.0484
31395.4	-26.0432
31406.2	-26.0379
31416.9	-26.0327
31427.7	-26.0274
31438.5	-26.0222
31449.2	-26.0169
31460	-26.0116
31470.8	-26.0063
31481.5	-26.001
31492.3	-25.9957
31503.1	-25.9904
31513.8	-25.9851
31524.6	-25.9798
31535.4	-25.9744
31546.1	-25.9691
31556.9	-25.9637
31567.7	-25.9584
31578.4	-25.953
31589.2	-25.9476
31600	-25.9422
31610.7	-25.9368
31621.5	-25.9314
31632.3	-25.926
31643	-25.9206
31653.8	-25.9151
31664.6	-25.9097
31675.3	-25.9043
31686.1	-25.8988
31696.9	-25.8933
31707.6	-25.8879
31718.4	-25.8824
31729.2	-25.8769
31739.9	-25.8714
31750.7	-25.8659
31761.5	-25.8604
31772.2	-25.8548
31783	-25.8493
31793.8	-25.8438
31804.5	-25.8382
31815.3	-25.8327
31826.1	-25.8271
31836.8	-25.8215
31847.6	-25.8159
31858.4	-25.8103
31869.1	-25.8047
31879.9	-25.7991
31890.7	-25.7935
31901.4	-25.7878
31912.2	-25.7822
31923	-25.7766
31933.7	-25.7709
31944.5	-25.7653
31955.3	-25.7596
31966	-25.7539
31976.8	-25.7482
31987.6	-25.7425
31998.3	-25.7368
32009.1	-25.7311
32019.9	-25.7254
32030.6	-25.7196
32041.4	-25.7139
32052.2	-25.7081
32062.9	-25.7024
32073.7	-25.6966
32084.5	-25.6908
32095.2	-25.685
32106	-25.6793
32116.8	-25.6734
32127.5	-25.6676
32138.3	-25.6618
32149.1	-25.656
32159.8	-25.6501
32170.6	-25.6443
32181.4	-25.6384
32192.1	-25.6325
32202.9	-25.6267
32213.7	-25.6208
32224.4	-25.6149
32235.2	-25.609
32246	-25.6031
32256.7	-25.5971
32267.5	-25.5912
32278.3	-25.5852
32289	-25.5793
32299.8	-25.5733
32310.6	-25.5674
32321.3	-25.5614
32332.1	-25.5554
32342.9	-25.5494
32353.6	-25.5434
32364.4	-25.5374
32375.2	-25.5313
32385.9	-25.5253
32396.7	-25.5193
32407.5	-25.5132
32418.2	-25.5072
32429	-25.5011
32439.8	-25.495
32450.5	-25.4889
32461.3	-25.4828
32472.1	-25.4767
32482.8	-25.4706
32493.6	-25.4644
32504.4	-25.4584
32515.1	-25.4521
32525.9	-25.446
32536.7	-25.4398
32547.4	-25.4337
32558.2	-25.4275
32569	-25.4213
32579.7	-25.4151
32590.5	-25.4089
32601.3	-25.4026
32612	-25.3964
32622.8	-25.3902
32633.6	-25.3839
32644.3	-25.3776
32655.1	-25.3714
32665.9	-25.3651
32676.6	-25.3588
32687.4	-25.3525
32698.2	-25.3462
32708.9	-25.3399
32719.7	-25.3335
32730.5	-25.3272
32741.2	-25.3208
32752	-25.3145
32762.8	-25.3081
32773.5	-25.3017
32784.3	-25.2953
32795.1	-25.289
32805.8	-25.2825
32816.6	-25.2761
32827.4	-25.2697
32838.1	-25.2633
32848.9	-25.2568
32859.7	-25.2503
32870.4	-25.2439
32881.2	-25.2374
32892	-25.2309
32902.7	-25.2244
32913.5	-25.2179
32924.3	-25.2114
32935	-25.2049
32945.8	-25.1983
32956.6	-25.1918
32967.3	-25.1852
32978.1	-25.1787
32988.9	-25.1721
32999.6	-25.1655
33010.4	-25.1589
33021.2	-25.1523
33031.9	-25.1457
33042.7	-25.139
33053.5	-25.1324
33064.2	-25.1257
33075	-25.1191
33085.8	-25.1124
33096.5	-25.1057
33107.3	-25.099
33118.1	-25.0923
33128.8	-25.0856
33139.6	-25.0789
33150.4	-25.0722
33161.1	-25.0654
33171.9	-25.0587
33182.7	-25.0519
33193.4	-25.0452
33204.2	-25.0383
33215	-25.0316
33225.7	-25.0248
33236.5	-25.018
33247.3	-25.0111
33258	-25.0043
33268.8	-24.9975
33279.6	-24.9906
33290.3	-24.9838
33301.1	-24.9768
33311.9	-24.97
33322.6	-24.9631
33333.4	-24.9562
33344.2	-24.9492
33354.9	-24.9423
33365.7	-24.9354
33376.5	-24.9284
33387.2	-24.9215
33398	-24.9145
33408.8	-24.9075
33419.5	-24.9005
33430.3	-24.8935
33441.1	-24.8865
33451.8	-24.8795
33462.6	-24.8724
33473.4	-24.8654
33484.1	-24.8583
33494.9	-24.8512
33505.7	-24.8442
33516.4	-24.8371
33527.2	-24.83
33538	-24.8229
33548.7	-24.8157
33559.5	-24.8086
33570.3	-24.8014
33581	-24.7943
33591.8	-24.7872
33602.6	-24.7799
33613.3	-24.7728
33624.1	-24.7655
33634.9	-24.7583
33645.6	-24.7511
33656.4	-24.7439
33667.2	-24.7366
33677.9	-24.7294
33688.7	-24.7221
33699.5	-24.7148
33710.2	-24.7076
33721	-24.7002
33731.8	-24.6929
33742.5	-24.6856
33753.3	-24.6783
33764.1	-24.6709
33774.8	-24.6635
33785.6	-24.6562
33796.4	-24.6488
33807.1	-24.6414
33817.9	-24.634
33828.7	-24.6266
33839.4	-24.6192
33850.2	-24.6117
33861	-24.6043
33871.7	-24.5968
33882.5	-24.5893
33893.3	-24.5818
33904	-24.5744
33914.8	-24.5668
33925.6	-24.5593
33936.3	-24.5518
33947.1	-24.5442
33957.9	-24.5367
33968.6	-24.5291
33979.4	-24.5215
33990.2	-24.514
34000.9	-24.5064
34011.7	-24.4987
34022.5	-24.4911
34033.2	-24.4835
34044	-24.4758
34054.8	-24.4682
34065.5	-24.4605
34076.3	-24.4528
34087.1	-24.4451
34097.8	-24.4374
34108.6	-24.4297
34119.4	-24.422
34130.1	-24.4142
34140.9	-24.4065
34151.7	-24.3987
34162.4	-24.3909
34173.2	-24.3831
34184	-24.3753
34194.7	-24.3675
34205.5	-24.3596
34216.3	-24.3518
34227	-24.344
34237.8	-24.3361
34248.6	-24.3282
34259.3	-24.3203
34270.1	-24.3124
34280.9	-24.3045
34291.6	-24.2966
34302.4	-24.2887
34313.2	-24.2807
34323.9	-24.2727
34334.7	-24.2648
34345.5	-24.2568
34356.2	-24.2488
34367	-24.2408
34377.8	-24.2327
34388.5	-24.2247
34399.3	-24.2167
34410.1	-24.2086
34420.8	-24.2005
34431.6	-24.1924
34442.4	-24.1843
34453.1	-24.1762
34463.9	-24.1681
34474.7	-24.1599
34485.4	-24.1518
34496.2	-24.1436
34507	-24.1354
34517.7	-24.1272
34528.5	-24.119
34539.3	-24.1108
34550	-24.1026
34560.8	-24.0943
34571.6	-24.0861
34582.3	-24.0778
34593.1	-24.0696
34603.9	-24.0612
34614.6	-24.0529
34625.4	-24.0446
34636.2	-24.0363
34646.9	-24.0279
34657.7	-24.0196
34668.5	-24.0112
34679.2	-24.0028
34690	-23.9944
34700.8	-23.9861
34711.5	-23.9775
34722.3	-23.9691
34733.1	-23.9607
34743.8	-23.9522
34754.6	-23.9437
34765.4	-23.9352
34776.1	-23.9267
34786.9	-23.9182
34797.7	-23.9097
34808.4	-23.9011
34819.2	-23.8926
34830	-23.884
34840.7	-23.8754
34851.5	-23.8668
34862.3	-23.8582
34873	-23.8496
34883.8	-23.8409
34894.6	-23.8323
34905.3	-23.8236
34916.1	-23.8149
34926.9	-23.8062
34937.6	-23.7975
34948.4	-23.7888
34959.2	-23.78
34969.9	-23.7713
34980.7	-23.7625
34991.5	-23.7537
35002.2	-23.7449
35013	-23.7361
35023.8	-23.7273
35034.5	-23.7185
35045.3	-23.7096
35056.1	-23.7007
35066.8	-23.6919
35077.6	-23.683
35088.4	-23.6741
35099.1	-23.6651
35109.9	-23.6562
35120.7	-23.6473
35131.4	-23.6383
35142.2	-23.6293
35153	-23.6203
35163.7	-23.6113
35174.5	-23.6023
35185.3	-23.5932
35196	-23.5842
35206.8	-23.5751
35217.6	-23.566
35228.3	-23.5569
35239.1	-23.5478
35249.9	-23.5387
35260.6	-23.5296
35271.4	-23.5204
35282.2	-23.5112
35292.9	-23.5021
35303.7	-23.4929
35314.5	-23.4836
35325.2	-23.4744
35336	-23.4652
35346.8	-23.4559
35357.5	-23.4466
35368.3	-23.4374
35379.1	-23.4281
35389.8	-23.4187
35400.6	-23.4094
35411.4	-23.4
35422.1	-23.3907
35432.9	-23.3813
35443.7	-23.3719
35454.4	-23.3625
35465.2	-23.3531
35476	-23.3436
35486.7	-23.3342
35497.5	-23.3247
35508.3	-23.3152
35519	-23.3057
35529.8	-23.2962
35540.6	-23.2867
35551.3	-23.2771
35562.1	-23.2675
35572.9	-23.258
35583.6	-23.2484
35594.4	-23.2388
35605.2	-23.2291
35615.9	-23.2195
35626.7	-23.2098
35637.5	-23.2001
35648.2	-23.1905
35659	-23.1807
35669.8	-23.171
35680.5	-23.1613
35691.3	-23.1515
35702.1	-23.1417
35712.8	-23.132
35723.6	-23.1222
35734.4	-23.1123
35745.1	-23.1025
35755.9	-23.0927
35766.7	-23.0828
35777.4	-23.0729
35788.2	-23.063
35799	-23.0531
35809.7	-23.0431
35820.5	-23.0332
35831.2	-23.0232
35842	-23.0132
35852.8	-23.0032
35863.5	-22.9932
35874.3	-22.9832
35885.1	-22.9731
35895.8	-22.9631
35906.6	-22.953
35917.4	-22.9429
35928.1	-22.9328
35938.9	-22.9226
35949.7	-22.9125
35960.4	-22.9023
35971.2	-22.8921
35982	-22.8819
35992.7	-22.8717
36003.5	-22.8615
36014.3	-22.8512
36025	-22.8409
36035.8	-22.8306
36046.6	-22.8203
36057.3	-22.81
36068.1	-22.7997
36078.9	-22.7893
36089.6	-22.7789
36100.4	-22.7686
36111.2	-22.7581
36121.9	-22.7477
36132.7	-22.7373
36143.5	-22.7268
36154.2	-22.7163
36165	-22.7058
36175.8	-22.6953
36186.5	-22.6848
36197.3	-22.6742
36208.1	-22.6636
36218.8	-22.653
36229.6	-22.6424
36240.4	-22.6318
36251.1	-22.6212
36261.9	-22.6105
36272.7	-22.5998
36283.4	-22.5891
36294.2	-22.5784
36305	-22.5677
36315.7	-22.5569
36326.5	-22.5461
36337.3	-22.5354
36348	-22.5245
36358.8	-22.5137
36369.6	-22.5029
36380.3	-22.492
36391.1	-22.4811
36401.9	-22.4702
36412.6	-22.4593
36423.4	-22.4484
36434.2	-22.4374
36444.9	-22.4264
36455.7	-22.4154
36466.5	-22.4044
36477.2	-22.3934
36488	-22.3823
36498.8	-22.3712
36509.5	-22.3601
36520.3	-22.349
36531.1	-22.3379
36541.8	-22.3268
36552.6	-22.3156
36563.4	-22.3044
36574.1	-22.2932
36584.9	-22.282
36595.7	-22.2707
36606.4	-22.2594
36617.2	-22.2481
36628	-22.2368
36638.7	-22.2255
36649.5	-22.2142
36660.3	-22.2028
36671	-22.1914
36681.8	-22.18
36692.6	-22.1685
36703.3	-22.1572
36714.1	-22.1456
36724.9	-22.1342
36735.6	-22.1227
36746.4	-22.1111
36757.2	-22.0996
36767.9	-22.088
36778.7	-22.0764
36789.5	-22.0648
36800.2	-22.0532
36811	-22.0415
36821.8	-22.0298
36832.5	-22.0181
36843.3	-22.0064
36854.1	-21.9947
36864.8	-21.9829
36875.6	-21.9712
36886.4	-21.9594
36897.1	-21.9475
36907.9	-21.9357
36918.7	-21.9238
36929.4	-21.9119
36940.2	-21.9
36951	-21.8881
36961.7	-21.8762
36972.5	-21.8642
36983.3	-21.8522
36994	-21.8402
37004.8	-21.8281
37015.6	-21.8161
37026.3	-21.804
37037.1	-21.7919
37047.9	-21.7798
37058.6	-21.7676
37069.4	-21.7555
37080.2	-21.7433
37090.9	-21.7311
37101.7	-21.7188
37112.5	-21.7066
37123.2	-21.6943
37134	-21.682
37144.8	-21.6697
37155.5	-21.6573
37166.3	-21.6449
37177.1	-21.6325
37187.8	-21.6201
37198.6	-21.6077
37209.4	-21.5952
37220.1	-21.5827
37230.9	-21.5702
37241.7	-21.5577
37252.4	-21.5451
37263.2	-21.5326
37274	-21.52
37284.7	-21.5073
37295.5	-21.4947
37306.3	-21.482
37317	-21.4693
37327.8	-21.4566
37338.6	-21.4439
37349.3	-21.4311
37360.1	-21.4183
37370.9	-21.4055
37381.6	-21.3927
37392.4	-21.3798
37403.2	-21.3669
37413.9	-21.354
37424.7	-21.3411
37435.5	-21.3281
37446.2	-21.3151
37457	-21.3021
37467.8	-21.2891
37478.5	-21.276
37489.3	-21.2629
37500.1	-21.2498
37510.8	-21.2367
37521.6	-21.2235
37532.4	-21.2103
37543.1	-21.1971
37553.9	-21.1839
37564.7	-21.1706
37575.4	-21.1574
37586.2	-21.144
37597	-21.1307
37607.7	-21.1173
37618.5	-21.104
37629.3	-21.0905
37640	-21.0771
37650.8	-21.0636
37661.6	-21.0502
37672.3	-21.0366
37683.1	-21.0231
37693.9	-21.0095
37704.6	-20.9959
37715.4	-20.9823
37726.2	-20.9687
37736.9	-20.955
37747.7	-20.9413
37758.5	-20.9276
37769.2	-20.9138
37780	-20.9
37790.8	-20.8862
37801.5	-20.8723
37812.3	-20.8585
37823.1	-20.8446
37833.8	-20.8307
37844.6	-20.8167
37855.4	-20.8028
37866.1	-20.7888
37876.9	-20.7747
37887.7	-20.7607
37898.4	-20.7466
37909.2	-20.7325
37920	-20.7183
37930.7	-20.7042
37941.5	-20.69
37952.3	-20.6758
37963	-20.6615
37973.8	-20.6472
37984.6	-20.6329
37995.3	-20.6186
38006.1	-20.6042
38016.9	-20.5898
38027.6	-20.5754
38038.4	-20.5609
38049.2	-20.5464
38059.9	-20.5319
38070.7	-20.5174
38081.5	-20.5028
38092.2	-20.4882
38103	-20.4736
38113.8	-20.4589
38124.5	-20.4442
38135.3	-20.4295
38146.1	-20.4147
38156.8	-20.3999
38167.6	-20.3851
38178.4	-20.3703
38189.1	-20.3554
38199.9	-20.3405
38210.7	-20.3255
38221.4	-20.3106
38232.2	-20.2956
38243	-20.2806
38253.7	-20.2655
38264.5	-20.2504
38275.3	-20.2353
38286	-20.2201
38296.8	-20.205
38307.6	-20.1897
38318.3	-20.1745
38329.1	-20.1592
38339.9	-20.1439
38350.6	-20.1285
38361.4	-20.1132
38372.2	-20.0977
38382.9	-20.0823
38393.7	-20.0668
38404.5	-20.0513
38415.2	-20.0358
38426	-20.0202
38436.8	-20.0046
38447.5	-19.9889
38458.3	-19.9733
38469.1	-19.9576
38479.8	-19.9418
38490.6	-19.926
38501.4	-19.9102
38512.1	-19.8944
38522.9	-19.8785
38533.7	-19.8626
38544.4	-19.8467
38555.2	-19.8307
38566	-19.8147
38576.7	-19.7986
38587.5	-19.7825
38598.3	-19.7664
38609	-19.7502
38619.8	-19.7341
38630.6	-19.7178
38641.3	-19.7016
38652.1	-19.6853
38662.9	-19.6689
38673.6	-19.6526
38684.4	-19.6362
38695.2	-19.6197
38705.9	-19.6032
38716.7	-19.5867
38727.5	-19.5702
38738.2	-19.5536
38749	-19.537
38759.8	-19.5203
38770.5	-19.5036
38781.3	-19.4869
38792.1	-19.4701
38802.8	-19.4533
38813.6	-19.4364
38824.4	-19.4196
38835.1	-19.4026
38845.9	-19.3857
38856.7	-19.3687
38867.4	-19.3516
38878.2	-19.3345
38889	-19.3174
38899.7	-19.3003
38910.5	-19.2831
38921.3	-19.2658
38932	-19.2486
38942.8	-19.2313
38953.6	-19.2139
38964.3	-19.1965
38975.1	-19.1791
38985.9	-19.1616
38996.6	-19.1441
39007.4	-19.1265
39018.2	-19.1089
39028.9	-19.0913
39039.7	-19.0736
39050.5	-19.0559
39061.2	-19.0381
39072	-19.0203
39082.8	-19.0025
39093.5	-18.9846
39104.3	-18.9667
39115.1	-18.9487
39125.8	-18.9307
39136.6	-18.9127
39147.4	-18.8946
39158.1	-18.8764
39168.9	-18.8582
39179.7	-18.84
39190.4	-18.8217
39201.2	-18.8034
39212	-18.7851
39222.7	-18.7667
39233.5	-18.7482
39244.3	-18.7297
39255	-18.7112
39265.8	-18.6926
39276.6	-18.674
39287.3	-18.6553
39298.1	-18.6366
39308.9	-18.6178
39319.6	-18.599
39330.4	-18.5802
39341.2	-18.5613
39351.9	-18.5423
39362.7	-18.5233
39373.5	-18.5043
39384.2	-18.4852
39395	-18.4661
39405.8	-18.4469
39416.5	-18.4277
39427.3	-18.4084
39438.1	-18.3891
39448.8	-18.3697
39459.6	-18.3503
39470.4	-18.3308
39481.1	-18.3113
39491.9	-18.2917
39502.7	-18.2721
39513.4	-18.2524
39524.2	-18.2327
39535	-18.213
39545.7	-18.1931
39556.5	-18.1733
39567.3	-18.1534
39578	-18.1334
39588.8	-18.1134
39599.6	-18.0933
39610.3	-18.0732
39621.1	-18.053
39631.9	-18.0328
39642.6	-18.0125
39653.4	-17.9921
39664.2	-17.9718
39674.9	-17.9513
39685.7	-17.9308
39696.5	-17.9103
39707.2	-17.8897
39718	-17.869
39728.8	-17.8483
39739.5	-17.8276
39750.3	-17.8067
39761.1	-17.7859
39771.8	-17.7649
39782.6	-17.7439
39793.4	-17.7229
39804.1	-17.7018
39814.9	-17.6807
39825.7	-17.6594
39836.4	-17.6382
39847.2	-17.6169
39858	-17.5955
39868.7	-17.574
39879.5	-17.5525
39890.3	-17.531
39901	-17.5093
39911.8	-17.4877
39922.6	-17.4659
39933.3	-17.4441
39944.1	-17.4223
39954.9	-17.4004
39965.6	-17.3784
39976.4	-17.3564
39987.2	-17.3343
39997.9	-17.3121
40008.7	-17.2899
40019.5	-17.2676
40030.2	-17.2452
40041	-17.2228
40051.8	-17.2004
40062.5	-17.1778
40073.3	-17.1552
40084.1	-17.1326
40094.8	-17.1098
40105.6	-17.087
40116.4	-17.0642
40127.1	-17.0412
40137.9	-17.0183
40148.7	-16.9952
40159.4	-16.9721
40170.2	-16.9489
40181	-16.9256
40191.7	-16.9023
40202.5	-16.8789
40213.3	-16.8554
40224	-16.8319
40234.8	-16.8083
40245.6	-16.7846
40256.3	-16.7609
40267.1	-16.7371
40277.9	-16.7132
40288.6	-16.6892
40299.4	-16.6653
40310.2	-16.6411
40320.9	-16.617
40331.7	-16.5927
40342.5	-16.5684
40353.2	-16.544
40364	-16.5196
40374.8	-16.495
40385.5	-16.4704
40396.3	-16.4457
40407.1	-16.421
40417.8	-16.3961
40428.6	-16.3712
40439.4	-16.3462
40450.1	-16.3211
40460.9	-16.296
40471.7	-16.2708
40482.4	-16.2455
40493.2	-16.2201
40504	-16.1946
40514.7	-16.1691
40525.5	-16.1435
40536.3	-16.1178
40547	-16.092
40557.8	-16.0661
40568.6	-16.0401
40579.3	-16.0141
40590.1	-15.988
40600.9	-15.9618
40611.6	-15.9355
40622.4	-15.9091
40633.2	-15.8827
40643.9	-15.8561
40654.7	-15.8295
40665.5	-15.8028
40676.2	-15.776
40687	-15.7491
40697.8	-15.7221
40708.5	-15.695
40719.3	-15.6679
40730.1	-15.6406
40740.8	-15.6133
40751.6	-15.5858
40762.4	-15.5583
40773.1	-15.5307
40783.9	-15.503
40794.7	-15.4751
40805.4	-15.4472
40816.2	-15.4192
40827	-15.3911
40837.7	-15.363
40848.5	-15.3347
40859.3	-15.3063
40870	-15.2778
40880.8	-15.2492
40891.6	-15.2205
40902.3	-15.1917
40913.1	-15.1628
40923.9	-15.1339
40934.6	-15.1048
40945.4	-15.0756
40956.2	-15.0463
40966.9	-15.0169
40977.7	-14.9874
40988.5	-14.9577
40999.2	-14.928
41010	-14.8982
41020.8	-14.8683
41031.5	-14.8382
41042.3	-14.8081
41053.1	-14.7778
41063.8	-14.7474
41074.6	-14.7169
41085.4	-14.6863
41096.1	-14.6556
41106.9	-14.6248
41117.7	-14.5938
41128.4	-14.5628
41139.2	-14.5316
41150	-14.5003
41160.7	-14.4689
41171.5	-14.4373
41182.3	-14.4057
41193	-14.3739
41203.8	-14.342
41214.6	-14.31
41225.3	-14.2778
41236.1	-14.2455
41246.9	-14.2132
41257.6	-14.1806
41268.4	-14.148
41279.2	-14.1152
41289.9	-14.0823
41300.7	-14.0492
41311.5	-14.0161
41322.2	-13.9827
41333	-13.9493
41343.8	-13.9157
41354.5	-13.882
41365.3	-13.8482
41376	-13.8142
41386.8	-13.78
41397.6	-13.7458
41408.3	-13.7114
41419.1	-13.6768
41429.9	-13.6421
41440.6	-13.6073
41451.4	-13.5723
41462.2	-13.5372
41472.9	-13.5019
41483.7	-13.4664
41494.5	-13.4309
41505.2	-13.3951
41516	-13.3592
41526.8	-13.3232
41537.5	-13.287
41548.3	-13.2506
41559.1	-13.2141
41569.8	-13.1774
41580.6	-13.1406
41591.4	-13.1036
41602.1	-13.0664
41612.9	-13.0291
41623.7	-12.9916
41634.4	-12.9539
41645.2	-12.9161
41656	-12.8781
41666.7	-12.8399
41677.5	-12.8015
41688.3	-12.763
41699	-12.7243
41709.8	-12.6854
41720.6	-12.6463
41731.3	-12.6071
41742.1	-12.5676
41752.9	-12.528
41763.6	-12.4882
41774.4	-12.4482
41785.2	-12.408
41795.9	-12.3676
41806.7	-12.327
41817.5	-12.2862
41828.2	-12.2453
41839	-12.2041
41849.8	-12.1627
41860.5	-12.1211
41871.3	-12.0793
41882.1	-12.0373
41892.8	-11.9951
41903.6	-11.9527
41914.4	-11.91
41925.1	-11.8672
41935.9	-11.8241
41946.7	-11.7808
41957.4	-11.7373
41968.2	-11.6935
41979	-11.6495
41989.7	-11.6053
42000.5	-11.5609
42011.3	-11.5162
42022	-11.4713
42032.8	-11.4262
42043.6	-11.3808
42054.3	-11.3351
42065.1	-11.2892
42075.9	-11.2431
42086.6	-11.1967
42097.4	-11.15
42108.2	-11.1031
42118.9	-11.056
42129.7	-11.0085
42140.5	-10.9608
42151.2	-10.9128
42162	-10.8646
42172.8	-10.8161
42183.5	-10.7673
42194.3	-10.7182
42205.1	-10.6688
42215.8	-10.6191
42226.6	-10.5692
42237.4	-10.5189
42248.1	-10.4683
42258.9	-10.4175
42269.7	-10.3663
42280.4	-10.3148
42291.2	-10.263
42302	-10.2109
42312.7	-10.1585
42323.5	-10.1057
42334.3	-10.0526
42345	-9.99916
42355.8	-9.94539
42366.6	-9.89127
42377.3	-9.83681
42388.1	-9.78198
42398.9	-9.72682
42409.6	-9.67127
42420.4	-9.61537
42431.2	-9.5591
42441.9	-9.50244
42452.7	-9.44541
42463.5	-9.38799
42474.2	-9.33018
42485	-9.27196
42495.8	-9.21335
42506.5	-9.15433
42517.3	-9.09489
42528.1	-9.03504
42538.8	-8.97475
42549.6	-8.91404
42560.4	-8.85289
42571.1	-8.79129
42581.9	-8.72924
42592.7	-8.66673
42603.4	-8.60376
42614.2	-8.54032
42625	-8.47639
42635.7	-8.41198
42646.5	-8.34708
42657.3	-8.28168
42668	-8.21576
42678.8	-8.14933
42689.6	-8.08237
42700.3	-8.01489
42711.1	-7.94685
42721.9	-7.87827
42732.6	-7.80912
42743.4	-7.73941
42754.2	-7.66911
42764.9	-7.59823
42775.7	-7.52675
42786.5	-7.45466
42797.2	-7.38194
42808	-7.3086
42818.8	-7.23462
42829.5	-7.15998
42840.3	-7.08468
42851.1	-7.0087
42861.8	-6.93203
42872.6	-6.85466
42883.4	-6.77657
42894.1	-6.69776
42904.9	-6.6182
42915.7	-6.53788
42926.4	-6.45679
42937.2	-6.37492
42948	-6.29224
42958.7	-6.20875
42969.5	-6.12441
42980.3	-6.03923
42991	-5.95318
43001.8	-5.86623
43012.6	-5.77838
43023.3	-5.68961
43034.1	-5.59988
43044.9	-5.50919
43055.6	-5.41751
43066.4	-5.32482
43077.2	-5.2311
43087.9	-5.13631
43098.7	-5.04045
43109.5	-4.94348
43120.2	-4.84537
43131	-4.7461
43141.8	-4.64564
43152.5	-4.54396
43163.3	-4.44103
43174.1	-4.33682
43184.8	-4.23129
43195.6	-4.12441
43206.4	-4.01615
43217.1	-3.90646
43227.9	-3.79531
43238.7	-3.68266
43249.4	-3.56847
43260.2	-3.45269
43271	-3.33527
43281.7	-3.21617
43292.5	-3.09534
43303.3	-2.97272
43314	-2.84826
43324.8	-2.7219
43335.6	-2.59359
43346.3	-2.46325
43357.1	-2.33082
43367.9	-2.19623
43378.6	-2.05941
43389.4	-1.92028
43400.2	-1.77875
43410.9	-1.63475
43421.7	-1.48818
43432.5	-1.33894
43443.2	-1.18692
43454	-1.03203
43464.8	-0.874148
43475.5	-0.713149
43486.3	-0.548904
43497.1	-0.381276
43507.8	-0.210117
43518.6	-0.0352702
43529.4	0.143433
43540.1	0.326173
43550.9	0.513143
43561.7	0.70455
43572.4	0.900617
43583.2	1.10159
43594	1.30772
43604.7	1.51929
43615.5	1.73661
43626.3	1.96001
43637	2.18984
43647.8	2.42651
43658.6	2.67044
43669.3	2.92211
43680.1	3.18202
43690.9	3.45076
43701.6	3.72896
43712.4	4.01731
43723.2	4.3166
43733.9	4.62769
43744.7	4.95155
43755.5	5.28928
43766.2	5.64212
43777	6.01144
43787.8	6.39883
43798.5	6.80608
43809.3	7.23526
43820.1	7.68873
43830.8	8.16917
43841.6	8.6797
43852.4	9.22387
43863.1	9.80573
43873.9	10.4298
43884.7	11.1009
43895.4	11.8238
43906.2	12.6021
43917	13.4347
43927.7	14.3076
43938.5	15.1676
43949.3	15.8261
43960	15.4596
43970.8	6.44566
43981.6	33.6208
43992.3	57.2512
44003.1	60.3025
44013.9	47.8049
44024.6	16.0131
44035.4	15.9796
44046.2	17.542
44056.9	17.3478
44067.7	16.9066
44078.5	16.5167
44089.2	16.2644

