0	-10.7374
10.7666	-10.2645
21.5332	-10.3994
32.2998	-10.3937
43.0664	-10.3858
53.833	-10.3754
64.5996	-10.3626
75.3662	-10.3455
86.1328	-10.2858
96.8994	-10.489
107.666	-10.1607
118.433	-10.2716
129.199	-10.2366
139.966	-10.2067
150.732	-10.1752
161.499	-10.1416
172.266	-10.1062
183.032	-10.0766
193.799	-9.93888
204.565	-10.0753
215.332	-9.91973
226.099	-9.88739
236.865	-9.83711
247.632	-9.78323
258.398	-9.72662
269.165	-9.66786
279.932	-9.61127
290.698	-9.35244
301.465	-9.82905
312.231	-9.29011
322.998	-9.32777
333.765	-9.25404
344.531	-9.17485
355.298	-9.09216
366.064	-9.00589
376.831	-8.91389
387.598	-8.72
398.364	-9.05102
409.131	-8.45213
419.897	-8.53038
430.664	-8.4182
441.431	-8.3073
452.197	-8.19309
462.964	-8.07499
473.73	-7.95285
484.497	-7.82739
495.264	-7.67619
506.03	-7.56302
516.797	-7.41851
527.563	-7.27501
538.33	-7.12511
549.097	-6.96991
559.863	-6.80957
570.63	-6.64541
581.396	-6.49326
592.163	-5.98681
602.93	-6.56366
613.696	-5.81204
624.463	-5.71844
635.229	-5.51717
645.996	-5.30379
656.763	-5.08151
667.529	-4.85028
678.296	-4.60899
689.062	-4.05792
699.829	-4.84338
710.596	-3.52738
721.362	-3.5446
732.129	-3.2474
742.896	-2.93733
753.662	-2.61252
764.429	-2.27122
775.195	-1.90915
785.962	-1.45495
796.729	-1.39212
807.495	-0.479103
818.262	-0.28737
829.028	0.198099
839.795	0.700381
850.562	1.23422
861.328	1.8028
872.095	2.40199
882.861	2.93418
893.628	4.9236
904.395	3.43273
915.161	5.53589
925.928	6.19761
936.694	7.04022
947.461	7.74083
958.228	7.66658
968.994	1.41482
979.761	20.4638
990.527	53.4161
1001.29	58.9484
1012.06	49.5471
1022.83	13.5449
1033.59	4.45586
1044.36	7.5182
1055.13	7.24009
1065.89	6.42152
1076.66	5.49069
1087.43	4.15119
1098.19	5.39638
1108.96	1.97697
1119.73	2.19699
1130.49	1.44695
1141.26	0.775741
1152.03	0.148367
1162.79	-0.442223
1173.56	-0.997922
1184.33	-1.48034
1195.09	-2.28458
1205.86	-2.14063
1216.63	-3.01141
1227.39	-3.41135
1238.16	-3.82927
1248.93	-4.23382
1259.69	-4.62336
1270.46	-4.99623
1281.23	-5.32773
1291.99	-6.28185
1302.76	-5.21418
1313.53	-6.60977
1324.29	-6.70166
1335.06	-7.00127
1345.83	-7.30129
1356.59	-7.59466
1367.36	-7.88089
1378.12	-8.16134
1388.89	-8.69605
1399.66	-8.04416
1410.42	-9.27265
1421.19	-9.21012
1431.96	-9.46072
1442.72	-9.7044
1453.49	-9.94298
1464.26	-10.177
1475.02	-10.4073
1485.79	-10.6456
1496.56	-10.765
1507.32	-11.1072
1518.09	-11.2816
1528.86	-11.4962
1539.62	-11.7039
1550.39	-11.9082
1561.16	-12.109
1571.92	-12.3043
1582.69	-12.4659
1593.46	-13.0433
1604.22	-12.456
1614.99	-13.1519
1625.76	-13.2585
1636.52	-13.4369
1647.29	-13.6179
1658.06	-13.7974
1668.82	-13.9746
1679.59	-14.1437
1690.36	-14.6593
1701.12	-13.8675
1711.89	-14.9036
1722.66	-14.841
1733.42	-15.0048
1744.19	-15.1713
1754.96	-15.3371
1765.72	-15.5023
1776.49	-15.6692
1787.26	-15.9292
1798.02	-15.6369
1808.79	-16.3551
1819.56	-16.3053
1830.32	-16.4733
1841.09	-16.6331
1851.86	-16.7915
1862.62	-16.9489
1873.39	-17.1037
1884.16	-17.2285
1894.92	-17.6162
1905.69	-17.3481
1916.46	-17.7565
1927.22	-17.886
1937.99	-18.0398
1948.75	-18.1955
1959.52	-18.3512
1970.29	-18.5045
1981.05	-18.6338
1991.82	-19.333
2002.59	-18.214
2013.35	-19.3435
2024.12	-19.2922
2034.89	-19.4414
2045.65	-19.599
2056.42	-19.7584
2067.19	-19.9191
2077.95	-20.0834
2088.72	-20.5997
2099.49	-19.5171
2110.25	-21.0164
2121.02	-20.7317
2131.79	-20.9023
2142.55	-21.0704
2153.32	-21.2394
2164.09	-21.4101
2174.85	-21.5849
2185.62	-21.811
2196.39	-21.5718
2207.15	-22.2927
2217.92	-22.2678
2228.69	-22.4688
2239.45	-22.6532
2250.22	-22.8375
2260.99	-23.0223
2271.75	-23.2032
2282.52	-23.3251
2293.29	-24.2248
2304.05	-22.8546
2314.82	-24.1248
2325.59	-24.1625
2336.35	-24.3471
2347.12	-24.5401
2357.89	-24.7335
2368.65	-24.9233
2379.42	-25.0905
2390.19	-26.6719
2400.95	-23.1761
2411.72	-26.6395
2422.49	-25.8364
2433.25	-25.9804
2444.02	-26.1262
2454.79	-26.2605
2465.55	-26.3829
2476.32	-26.5197
2487.08	-27.7847
2497.85	-23.3256
2508.62	-29.5077
2519.38	-26.5288
2530.15	-26.588
2540.92	-26.5144
2551.68	-26.3929
2562.45	-26.2363
2573.22	-26.0768
2583.98	-26.3927
2594.75	-22.2578
2605.52	-29.6335
2616.28	-24.4273
2627.05	-24.5303
2637.82	-24.1674
2648.58	-23.7466
2659.35	-23.3001
2670.12	-22.8425
2680.88	-22.4562
2691.65	-19.7731
2702.42	-23.2833
2713.18	-19.9688
2723.95	-20.255
2734.72	-19.73
2745.48	-19.1644
2756.25	-18.5819
2767.02	-17.9853
2777.78	-17.3756
2788.55	-16.4812
2799.32	-14.2484
2810.08	-15.0203
2820.85	-14.7567
2831.62	-14.0496
2842.38	-13.318
2853.15	-12.5611
2863.92	-11.7862
2874.68	-11.0556
2885.45	-11.5988
2896.22	-3.60769
2906.98	-11.0263
2917.75	-6.92753
2928.52	-6.24149
2939.28	-5.28143
2950.05	-4.56925
2960.82	-5.17662
2971.58	-29.7523
2982.35	16.02
2993.12	37.0599
3003.88	39.0674
3014.65	25.0772
3025.42	-7.98052
3036.18	-4.08095
3046.95	-2.73556
3057.71	-3.16971
3068.48	-3.92516
3079.25	-4.69101
3090.01	-7.80877
3100.78	-0.581279
3111.55	-9.09658
3122.31	-7.53504
3133.08	-8.06911
3143.85	-8.59359
3154.61	-9.08547
3165.38	-9.54462
3176.15	-9.97026
3186.91	-10.1978
3197.68	-10.4447
3208.45	-10.5331
3219.21	-11.467
3229.98	-11.7753
3240.75	-12.0795
3251.51	-12.3701
3262.28	-12.6453
3273.05	-12.8941
3283.81	-12.9367
3294.58	-15.0742
3305.35	-12.0625
3316.11	-14.0869
3326.88	-14.0668
3337.65	-14.256
3348.41	-14.454
3359.18	-14.6472
3369.95	-14.8304
3380.71	-14.9683
3391.48	-16.2028
3402.25	-13.8762
3413.01	-15.9931
3423.78	-15.691
3434.55	-15.8299
3445.31	-15.9793
3456.08	-16.127
3466.85	-16.2716
3477.61	-16.415
3488.38	-16.732
3499.15	-16.0836
3509.91	-17.0637
3520.68	-16.9391
3531.45	-17.0688
3542.21	-17.1918
3552.98	-17.3116
3563.75	-17.4282
3574.51	-17.5375
3585.28	-17.555
3596.04	-18.2115
3606.81	-17.4507
3617.58	-18.0142
3628.34	-18.0829
3639.11	-18.1828
3649.88	-18.2839
3660.64	-18.383
3671.41	-18.4754
3682.18	-18.5104
3692.94	-19.4423
3703.71	-17.8365
3714.48	-19.0582
3725.24	-18.9475
3736.01	-19.0256
3746.78	-19.1127
3757.54	-19.2
3768.31	-19.286
3779.08	-19.3671
3789.84	-19.8423
3800.61	-18.7328
3811.38	-19.9414
3822.14	-19.7043
3832.91	-19.7812
3843.68	-19.8602
3854.44	-19.9388
3865.21	-20.0166
3875.98	-20.094
3886.74	-20.1747
3897.51	-20.1541
3908.28	-20.321
3919.04	-20.3939
3929.81	-20.4691
3940.58	-20.5425
3951.34	-20.615
3962.11	-20.686
3972.88	-20.7505
3983.64	-20.737
3994.41	-21.549
4005.18	-20.2894
4015.94	-21.1307
4026.71	-21.1011
4037.48	-21.1622
4048.24	-21.2292
4059.01	-21.2965
4069.78	-21.3607
4080.54	-21.3986
4091.31	-22.2109
4102.08	-20.4669
4112.84	-21.9721
4123.61	-21.6957
4134.38	-21.749
4145.14	-21.8121
4155.91	-21.8764
4166.67	-21.9413
4177.44	-22.0099
4188.21	-22.3298
4198.97	-21.3446
4209.74	-22.574
4220.51	-22.2535
4231.27	-22.3241
4242.04	-22.3877
4252.81	-22.4501
4263.57	-22.5115
4274.34	-22.5686
4285.11	-22.5539
4295.87	-22.9598
4306.64	-22.3722
4317.41	-22.8444
4328.17	-22.8769
4338.94	-22.9354
4349.71	-22.9957
4360.47	-23.0546
4371.24	-23.1044
4382.01	-23.0604
4392.77	-24.6053
4403.54	-21.6554
4414.31	-23.7189
4425.07	-23.4022
4435.84	-23.4386
4446.61	-23.4921
4457.37	-23.5473
4468.14	-23.6009
4478.91	-23.6442
4489.67	-25.0725
4500.44	-21.296
4511.21	-24.9967
4521.97	-23.8593
4532.74	-23.8959
4543.51	-23.9378
4554.27	-23.9785
4565.04	-24.0192
4575.81	-24.0752
4586.57	-24.5765
4597.34	-21.7801
4608.11	-25.277
4618.87	-24.0827
4629.64	-24.1782
4640.41	-24.1911
4651.17	-24.1874
4661.94	-24.1709
4672.71	-24.1338
4683.47	-23.9524
4694.24	-23.0791
4705	-21.9089
4715.77	-23.9155
4726.54	-23.803
4737.3	-23.6805
4748.07	-23.5351
4758.84	-23.3583
4769.6	-23.1312
4780.37	-22.7057
4791.14	-24.4928
4801.9	-15.7893
4812.67	-23.3525
4823.44	-21.5728
4834.2	-21.0741
4844.97	-20.5708
4855.74	-20.0222
4866.5	-19.4383
4877.27	-18.9474
4888.04	-25.2111
4898.8	-6.03788
4909.57	-20.0983
4920.34	-15.2604
4931.1	-14.4745
4941.87	-13.5684
4952.64	-13.0189
4963.4	-14.4641
4974.17	-14.8301
4984.94	15.2484
4995.7	29.973
5006.47	28.5526
5017.24	8.50289
5028	-24.3191
5038.77	-11.4377
5049.54	-10.8933
5060.3	-11.4199
5071.07	-12.0775
5081.84	-11.9405
5092.6	-11.4908
5103.37	-2.88795
5114.14	-19.254
5124.9	-15.3633
5135.67	-15.5791
5146.44	-15.9822
5157.2	-16.3871
5167.97	-16.7679
5178.74	-17.119
5189.5	-17.3013
5200.27	-13.821
5211.04	-18.0059
5221.8	-18.3097
5232.57	-18.5549
5243.33	-18.7884
5254.1	-19.008
5264.87	-19.2115
5275.63	-19.3777
5286.4	-18.8834
5297.17	-21.4545
5307.93	-17.9735
5318.7	-20.1886
5329.47	-20.2303
5340.23	-20.3651
5351	-20.5035
5361.77	-20.6344
5372.53	-20.7378
5383.3	-20.5609
5394.07	-24.0815
5404.83	-18.5995
5415.6	-21.6813
5426.37	-21.3174
5437.13	-21.3866
5447.9	-21.4812
5458.67	-21.5767
5469.43	-21.6664
5480.2	-21.7205
5490.97	-22.9221
5501.73	-20.0947
5512.5	-22.6188
5523.27	-22.0999
5534.03	-22.1601
5544.8	-22.2334
5555.57	-22.307
5566.33	-22.379
5577.1	-22.4494
5587.87	-22.4943
5598.63	-22.3288
5609.4	-22.5939
5620.17	-22.7143
5630.93	-22.7777
5641.7	-22.8394
5652.47	-22.8994
5663.23	-22.9564
5674	-23.0002
5684.77	-22.8529
5695.53	-24.3222
5706.3	-22.1455
5717.07	-23.335
5727.83	-23.276
5738.6	-23.3181
5749.37	-23.3678
5760.13	-23.4169
5770.9	-23.4588
5781.67	-23.4312
5792.43	-24.7235
5803.2	-22.1755
5813.96	-24.0135
5824.73	-23.6987
5835.5	-23.7253
5846.26	-23.767
5857.03	-23.8103
5867.8	-23.8534
5878.56	-23.8953
5889.33	-24.2826
5900.1	-23.0899
5910.86	-24.3602
5921.63	-24.0603
5932.4	-24.0993
5943.16	-24.1384
5953.93	-24.1769
5964.7	-24.2143
5975.46	-24.2463
5986.23	-24.1605
5997	-24.6978
6007.76	-23.9714
6018.53	-24.417
6029.3	-24.4311
6040.06	-24.4646
6050.83	-24.4994
6061.6	-24.5325
6072.36	-24.5549
6083.13	-24.4513
6093.9	-25.9339
6104.66	-23.3624
6115.43	-24.9206
6126.2	-24.7243
6136.96	-24.7408
6147.73	-24.7706
6158.5	-24.8018
6169.26	-24.8302
6180.03	-24.8337
6190.8	-25.8191
6201.56	-23.3896
6212.33	-25.4893
6223.1	-24.9879
6233.86	-25.0032
6244.63	-25.0302
6255.4	-25.0587
6266.16	-25.0876
6276.93	-25.1192
6287.7	-25.2514
6298.46	-24.5306
6309.23	-25.3559
6320	-25.2207
6330.76	-25.255
6341.53	-25.2826
6352.29	-25.3088
6363.06	-25.3323
6373.83	-25.3408
6384.59	-25.1232
6395.36	-26.7269
6406.13	-24.0891
6416.89	-25.5881
6427.66	-25.4678
6438.43	-25.4793
6449.19	-25.5011
6459.96	-25.522
6470.73	-25.5289
6481.49	-25.3987
6492.26	-28.2934
6503.03	-22.7373
6513.79	-26.4594
6524.56	-25.6428
6535.33	-25.6227
6546.09	-25.6353
6556.86	-25.6522
6567.63	-25.6693
6578.39	-25.6872
6589.16	-27.1426
6599.93	-22.3223
6610.69	-27.2398
6621.46	-25.7365
6632.23	-25.7487
6642.99	-25.7574
6653.76	-25.764
6664.53	-25.768
6675.29	-25.7642
6686.06	-25.459
6696.83	-23.3832
6707.59	-24.0618
6718.36	-25.7649
6729.13	-25.7526
6739.89	-25.7401
6750.66	-25.7214
6761.43	-25.683
6772.19	-25.557
6782.96	-24.5007
6793.73	-25.5354
6804.49	-17.4633
6815.26	-27.048
6826.03	-25.2806
6836.79	-25.0672
6847.56	-24.9302
6858.33	-24.7676
6869.09	-24.4994
6879.86	-23.5898
6890.62	-18.3045
6901.39	-7.75908
6912.16	-26.3597
6922.92	-22.9916
6933.69	-22.1852
6944.46	-21.6716
6955.22	-21.4844
6965.99	-23.0644
6976.76	-19.1069
6987.52	14.9872
6998.29	25.076
7009.06	20.1159
7019.82	-9.70665
7030.59	-26.6749
7041.36	-23.2784
7052.12	-23.2256
7062.89	-23.6665
7073.66	-23.4406
7084.42	-16.3744
7095.19	-5.97958
7105.96	-4.88209
7116.72	-42.6104
7127.49	-25.7083
7138.26	-25.1548
7149.02	-25.2809
7159.79	-25.4865
7170.56	-25.6251
7181.32	-25.0851
7192.09	-24.8399
7202.86	-15.0922
7213.62	-31.095
7224.39	-26.4609
7235.16	-26.3387
7245.92	-26.4042
7256.69	-26.4913
7267.46	-26.5772
7278.22	-26.6609
7288.99	-26.4307
7299.76	-21.513
7310.52	-26.501
7321.29	-26.9192
7332.06	-26.9813
7342.82	-27.0353
7353.59	-27.0849
7364.36	-27.1262
7375.12	-27.1273
7385.89	-26.3149
7396.66	-28.7123
7407.42	-24.4091
7418.19	-27.5017
7428.96	-27.3434
7439.72	-27.3616
7450.49	-27.3955
7461.25	-27.4266
7472.02	-27.428
7482.79	-27.0962
7493.55	-32.2304
7504.32	-24.0023
7515.09	-28.3754
7525.85	-27.5994
7536.62	-27.5788
7547.39	-27.6016
7558.15	-27.6301
7568.92	-27.6558
7579.69	-27.6507
7590.45	-29.1483
7601.22	-25.1046
7611.99	-28.7289
7622.75	-27.8038
7633.52	-27.8098
7644.29	-27.8329
7655.05	-27.8581
7665.82	-27.8832
7676.59	-27.9069
7687.35	-27.8377
7698.12	-27.5546
7708.89	-27.7221
7719.65	-28.009
7730.42	-28.031
7741.19	-28.0552
7751.95	-28.0791
7762.72	-28.0999
7773.49	-28.1021
7784.25	-27.8383
7795.02	-30.1221
7805.79	-26.4661
7816.55	-28.4231
7827.32	-28.2235
7838.09	-28.2287
7848.85	-28.2496
7859.62	-28.2717
7870.39	-28.2855
7881.15	-28.2168
7891.92	-30.1169
7902.69	-26.1601
7913.45	-29.0373
7924.22	-28.4092
7934.99	-28.4043
7945.75	-28.4232
7956.52	-28.4456
7967.29	-28.469
7978.05	-28.4953
7988.82	-28.9245
7999.58	-27.2138
8010.35	-29.0293
8021.12	-28.5808
8031.88	-28.6078
8042.65	-28.6312
8053.42	-28.654
8064.18	-28.6751
8074.95	-28.6854
8085.72	-28.4708
8096.48	-29.5069
8107.25	-27.8494
8118.02	-28.8446
8128.78	-28.806
8139.55	-28.8241
8150.32	-28.8474
8161.08	-28.869
8171.85	-28.8743
8182.62	-28.6942
8193.38	-31.3485
8204.15	-26.6642
8214.92	-29.4705
8225.68	-29.0036
8236.45	-28.9981
8247.22	-29.0192
8257.98	-29.0441
8268.75	-29.067
8279.52	-29.0653
8290.28	-30.5361
8301.05	-26.6216
8311.82	-30.1605
8322.58	-29.2075
8333.35	-29.2169
8344.12	-29.2419
8354.88	-29.2694
8365.65	-29.2977
8376.42	-29.3275
8387.18	-29.3053
8397.95	-28.4023
8408.72	-29.1416
8419.48	-29.4444
8430.25	-29.4801
8441.02	-29.5132
8451.78	-29.5459
8462.55	-29.5738
8473.32	-29.5684
8484.08	-29.0879
8494.85	-32.9723
8505.62	-26.5039
8516.38	-30.1745
8527.15	-29.7598
8537.92	-29.7635
8548.68	-29.7996
8559.45	-29.8379
8570.21	-29.8537
8580.98	-29.6398
8591.75	-37.0268
8602.51	-24.3699
8613.28	-32.4056
8624.05	-30.1176
8634.81	-30.0843
8645.58	-30.127
8656.35	-30.1836
8667.11	-30.2477
8677.88	-30.3369
8688.65	-31.2286
8699.41	-23.3491
8710.18	-30.9913
8720.95	-30.5883
8731.71	-30.7105
8742.48	-30.8093
8753.25	-30.9089
8764.01	-30.9981
8774.78	-30.9688
8785.55	-27.9713
8796.31	-21.7715
8807.08	-21.3768
8817.85	-32.362
8828.61	-31.8108
8839.38	-31.9412
8850.15	-32.1584
8860.91	-32.312
8871.68	-31.8793
8882.45	-26.7327
8893.21	-13.5772
8903.98	-10.0975
8914.75	-29.236
8925.51	-34.0586
8936.28	-33.1354
8947.05	-33.3597
8957.81	-33.4488
8968.58	-31.4269
8979.35	-19.0847
8990.11	14.663
9000.88	20.8591
9011.65	12.0229
9022.41	-32.6689
9033.18	-26.5833
9043.95	-25.5161
9054.71	-25.6164
9065.48	-25.9635
9076.25	-26.6139
9087.01	-14.206
9097.78	-2.80847
9108.54	-7.37872
9119.31	-25.9502
9130.08	-27.6725
9140.84	-27.9233
9151.61	-28.0785
9162.38	-28.1822
9173.14	-28.0979
9183.91	-25.6747
9194.68	-20.1291
9205.44	-16.5499
9216.21	-30.8057
9226.98	-28.6147
9237.74	-28.4896
9248.51	-28.5388
9259.28	-28.607
9270.04	-28.6354
9280.81	-28.2809
9291.58	-47.6596
9302.34	-20.2627
9313.11	-34.2675
9323.88	-29.0069
9334.64	-28.9062
9345.41	-28.9369
9356.18	-28.9852
9366.94	-29.0378
9377.71	-29.1096
9388.48	-30.517
9399.24	-24.1154
9410.01	-30.756
9420.78	-29.2363
9431.54	-29.3106
9442.31	-29.3532
9453.08	-29.3905
9463.84	-29.4234
9474.61	-29.4372
9485.38	-29.0622
9496.14	-29.4343
9506.91	-27.4964
9517.68	-29.6952
9528.44	-29.609
9539.21	-29.6296
9549.98	-29.6596
9560.74	-29.6872
9571.51	-29.6912
9582.28	-29.4432
9593.04	-33.6209
9603.81	-26.3157
9614.58	-30.6879
9625.34	-29.8495
9636.11	-29.8286
9646.88	-29.8501
9657.64	-29.8774
9668.41	-29.9032
9679.17	-29.909
9689.94	-31.719
9700.71	-26.9282
9711.47	-31.3871
9722.24	-30.0474
9733.01	-30.0572
9743.77	-30.081
9754.54	-30.1066
9765.31	-30.1331
9776.07	-30.1638
9786.84	-30.2666
9797.61	-29.1667
9808.37	-30.2659
9819.14	-30.249
9829.91	-30.2909
9840.67	-30.3185
9851.44	-30.3443
9862.21	-30.367
9872.97	-30.3724
9883.74	-30.1463
9894.51	-32.1943
9905.27	-28.5505
9916.04	-30.75
9926.81	-30.5051
9937.57	-30.5104
9948.34	-30.5339
9959.11	-30.559
9969.87	-30.5761
9980.64	-30.5153
9991.41	-32.8619
10002.2	-27.8837
10012.9	-31.6646
10023.7	-30.7215
10034.5	-30.7151
10045.2	-30.7376
10056	-30.7646
10066.8	-30.7938
10077.5	-30.8332
10088.3	-31.53
10099.1	-28.7861
10109.8	-31.8228
10120.6	-30.9238
10131.4	-30.9709
10142.1	-31.0025
10152.9	-31.0323
10163.7	-31.0607
10174.4	-31.0797
10185.2	-30.9089
10196	-31.4258
10206.7	-30.0948
10217.5	-31.2781
10228.3	-31.243
10239	-31.2706
10249.8	-31.3042
10260.6	-31.3361
10271.3	-31.3489
10282.1	-31.1525
10292.9	-34.7138
10303.6	-28.2519
10314.4	-32.3189
10325.2	-31.5462
10335.9	-31.5411
10346.7	-31.5754
10357.5	-31.6162
10368.2	-31.6563
10379	-31.6771
10389.8	-34.2573
10400.5	-27.7251
10411.3	-33.9272
10422.1	-31.8939
10432.8	-31.9244
10443.6	-31.9723
10454.4	-32.0242
10465.1	-32.0803
10475.9	-32.1529
10486.7	-32.4171
10497.4	-29.1235
10508.2	-32.1268
10519	-32.3332
10529.7	-32.4644
10540.5	-32.5429
10551.3	-32.6177
10562	-32.6869
10572.8	-32.7106
10583.6	-32.088
10594.3	-33.5979
10605.1	-27.4905
10615.9	-33.8727
10626.6	-33.1908
10637.4	-33.2381
10648.2	-33.3456
10658.9	-33.4608
10669.7	-33.5392
10680.5	-33.2185
10691.2	-42.4676
10702	-23.5374
10712.8	-43.9569
10723.5	-34.3888
10734.3	-34.373
10745.1	-34.5464
10755.8	-34.7656
10766.6	-35.0362
10777.4	-35.5529
10788.1	-33.2402
10798.9	-19.3071
10809.7	-28.8926
10820.4	-36.2051
10831.2	-37.1189
10842	-37.5733
10852.7	-37.9683
10863.5	-38.4693
10874.3	-40.2091
10885	-27.3508
10895.8	-11.2303
10906.6	-13.5042
10917.3	-29.313
10928.1	-36.3913
10938.9	-35.5587
10949.6	-34.1957
10960.4	-35.0927
10971.2	-33.0316
10981.9	-7.71598
10992.7	14.0824
11003.5	16.7132
11014.2	3.36468
11025	-36.3553
11035.8	-23.6296
11046.5	-22.6377
11057.3	-22.921
11068.1	-23.4012
11078.8	-23.6687
11089.6	-9.57576
11100.4	-1.20942
11111.1	-10.7235
11121.9	-25.7604
11132.7	-25.811
11143.4	-26.0622
11154.2	-26.3181
11165	-26.5574
11175.7	-26.7762
11186.5	-24.6654
11197.3	-16.2486
11208	-19.4593
11218.8	-27.4129
11229.6	-27.6581
11240.3	-27.8027
11251.1	-27.9356
11261.9	-28.0479
11272.6	-28.0755
11283.4	-27.1389
11294.2	-29.639
11304.9	-21.1439
11315.7	-29.9955
11326.5	-28.5913
11337.2	-28.5677
11348	-28.6347
11358.8	-28.7105
11369.5	-28.7676
11380.3	-28.6614
11391.1	-36.0151
11401.8	-22.9114
11412.6	-32.1987
11423.4	-29.1358
11434.1	-29.1123
11444.9	-29.1574
11455.7	-29.2109
11466.4	-29.2669
11477.2	-29.3409
11488	-30.2553
11498.7	-25.9044
11509.5	-30.6451
11520.3	-29.4778
11531	-29.5633
11541.8	-29.6105
11552.6	-29.6518
11563.3	-29.6889
11574.1	-29.7093
11584.9	-29.453
11595.6	-30.265
11606.4	-28.0976
11617.2	-29.9884
11627.9	-29.8942
11638.7	-29.9167
11649.5	-29.9488
11660.2	-29.9792
11671	-29.9925
11681.8	-29.8344
11692.5	-33.1071
11703.3	-26.9877
11714.1	-30.978
11724.8	-30.1558
11735.6	-30.1417
11746.4	-30.1642
11757.1	-30.1916
11767.9	-30.219
11778.7	-30.2415
11789.4	-31.7051
11800.2	-27.5143
11811	-31.6731
11821.7	-30.3532
11832.5	-30.3736
11843.3	-30.3974
11854	-30.4215
11864.8	-30.446
11875.6	-30.4743
11886.3	-30.562
11897.1	-29.5904
11907.9	-30.5502
11918.6	-30.5463
11929.4	-30.5891
11940.2	-30.614
11950.9	-30.6367
11961.7	-30.6564
11972.5	-30.6603
11983.2	-30.4727
11994	-32.4021
12004.8	-28.7667
12015.5	-31.0674
12026.3	-30.7726
12037.1	-30.7714
12047.8	-30.7897
12058.6	-30.8099
12069.4	-30.8242
12080.1	-30.7821
12090.9	-33.0276
12101.7	-27.9882
12112.4	-32.0612
12123.2	-30.9396
12134	-30.9294
12144.7	-30.9452
12155.5	-30.965
12166.3	-30.9874
12177	-31.025
12187.8	-31.7215
12198.6	-28.7639
12209.3	-32.1655
12220.1	-31.0633
12230.9	-31.1177
12241.6	-31.1417
12252.4	-31.162
12263.2	-31.1803
12273.9	-31.1892
12284.7	-31.0329
12295.5	-31.3333
12306.2	-30.0135
12317	-31.352
12327.8	-31.294
12338.5	-31.3081
12349.3	-31.3283
12360.1	-31.3465
12370.8	-31.346
12381.6	-31.1559
12392.4	-34.9398
12403.1	-27.7061
12413.9	-32.5133
12424.7	-31.4654
12435.4	-31.4356
12446.2	-31.4501
12457	-31.4712
12467.7	-31.4932
12478.5	-31.514
12489.3	-34.6074
12500	-26.6706
12510.8	-34.666
12521.6	-31.6026
12532.3	-31.6228
12543.1	-31.6439
12553.9	-31.6659
12564.6	-31.6921
12575.4	-31.7473
12586.2	-32.2008
12596.9	-27.2629
12607.7	-31.5603
12618.5	-31.6751
12629.2	-31.8576
12640	-31.8982
12650.8	-31.9237
12661.5	-31.938
12672.3	-31.9023
12683.1	-31.2349
12693.8	-29.6724
12704.6	-24.9808
12715.4	-32.7517
12726.1	-32.0158
12736.9	-31.9658
12747.7	-31.9706
12758.4	-31.9715
12769.2	-31.9195
12780	-31.4557
12790.7	-31.4057
12801.5	-18.8215
12812.3	-38.3973
12823	-31.8724
12833.8	-31.5749
12844.6	-31.4516
12855.3	-31.3414
12866.1	-31.2878
12876.9	-31.8416
12887.6	-24.375
12898.4	-10.357
12909.2	-18.2187
12919.9	-28.7788
12930.7	-29.4433
12941.5	-28.9527
12952.2	-28.5418
12963	-29.4305
12973.8	-29.4354
12984.5	-2.39592
12995.3	13.1458
13006.1	12.2883
13016.8	-6.67545
13027.6	-33.171
13038.4	-26.5816
13049.1	-26.1331
13059.9	-26.5161
13070.7	-26.441
13081.4	-21.7031
13092.2	-4.95133
13103	-0.701395
13113.7	-15.0277
13124.5	-29.5163
13135.3	-27.5686
13146	-27.556
13156.8	-27.783
13167.6	-28.041
13178.3	-28.3046
13189.1	-25.098
13199.9	-14.5641
13210.6	-24.7874
13221.4	-29.021
13232.2	-29.1966
13242.9	-29.3335
13253.7	-29.4547
13264.5	-29.5606
13275.2	-29.6246
13286	-28.3862
13296.8	-23.7593
13307.5	-24.4907
13318.3	-30.0927
13329.1	-30.0615
13339.8	-30.119
13350.6	-30.1844
13361.4	-30.2392
13372.1	-30.2343
13382.9	-29.5786
13393.7	-36.0488
13404.4	-24.3023
13415.2	-31.9443
13426	-30.5125
13436.7	-30.4636
13447.5	-30.4946
13458.3	-30.535
13469	-30.5661
13479.8	-30.5117
13490.6	-35.216
13501.3	-25.4351
13512.1	-33.4211
13522.9	-30.7722
13533.6	-30.7502
13544.4	-30.7735
13555.2	-30.8023
13565.9	-30.8336
13576.7	-30.8807
13587.5	-31.411
13598.2	-28.1134
13609	-31.6526
13619.8	-30.9313
13630.5	-31.0009
13641.3	-31.0296
13652.1	-31.0526
13662.8	-31.0714
13673.6	-31.0715
13684.4	-30.7922
13695.1	-32.1648
13705.9	-29.1594
13716.7	-31.3537
13727.4	-31.1762
13738.2	-31.1787
13749	-31.1954
13759.7	-31.2118
13770.5	-31.2143
13781.2	-31.0812
13792	-34.2451
13802.8	-28.0664
13813.5	-32.3019
13824.3	-31.3122
13835.1	-31.285
13845.8	-31.2947
13856.6	-31.3097
13867.4	-31.3261
13878.1	-31.3481
13888.9	-32.5882
13899.7	-28.62
13910.4	-32.7706
13921.2	-31.3931
13932	-31.4145
13942.7	-31.4285
13953.5	-31.4414
13964.3	-31.454
13975	-31.4672
13985.8	-31.4632
13996.6	-30.789
14007.3	-31.21
14018.1	-31.5086
14028.9	-31.5285
14039.6	-31.5414
14050.4	-31.5532
14061.2	-31.562
14071.9	-31.5539
14082.7	-31.3531
14093.5	-33.6873
14104.2	-29.2007
14115	-32.0617
14125.8	-31.6142
14136.5	-31.5953
14147.3	-31.6018
14158.1	-31.6113
14168.8	-31.6165
14179.6	-31.5816
14190.4	-33.9435
14201.1	-28.3687
14211.9	-33.1448
14222.7	-31.6765
14233.4	-31.658
14244.2	-31.6628
14255	-31.6711
14265.7	-31.6823
14276.5	-31.7118
14287.3	-32.3093
14298	-29.2208
14308.8	-32.7634
14319.6	-31.6832
14330.3	-31.7439
14341.1	-31.7575
14351.9	-31.7653
14362.6	-31.7697
14373.4	-31.7584
14384.2	-31.508
14394.9	-32.1785
14405.7	-29.7515
14416.5	-31.9617
14427.2	-31.7958
14438	-31.7877
14448.8	-31.7922
14459.5	-31.7949
14470.3	-31.7767
14481.1	-31.5589
14491.8	-36.871
14502.6	-26.9765
14513.4	-33.5625
14524.1	-31.8189
14534.9	-31.7532
14545.7	-31.7462
14556.4	-31.7478
14567.2	-31.7534
14578	-31.7829
14588.7	-35.3764
14599.5	-25.564
14610.3	-36.107
14621	-31.7286
14631.8	-31.7608
14642.6	-31.7606
14653.3	-31.7562
14664.1	-31.7543
14674.9	-31.778
14685.6	-31.8139
14696.4	-25.4873
14707.2	-28.7502
14717.9	-31.5216
14728.7	-31.7289
14739.5	-31.7353
14750.2	-31.7208
14761	-31.6835
14771.8	-31.5434
14782.5	-30.2696
14793.3	-25.5073
14804.1	-20.2583
14814.8	-33.1385
14825.6	-31.3816
14836.4	-31.1559
14847.1	-31.0631
14857.9	-30.9635
14868.7	-30.7721
14879.4	-29.9571
14890.2	-19.9416
14901	-10.7538
14911.7	-24.062
14922.5	-30.0109
14933.3	-29.3126
14944	-28.9737
14954.8	-28.8422
14965.6	-29.7188
14976.3	-33.2536
14987.1	0.871525
14997.9	11.7764
15008.6	7.31616
15019.4	-19.1057
15030.2	-34.534
15040.9	-36.0103
15051.7	-36.2548
15062.5	-35.9325
15073.2	-32.5615
15084	-16.706
15094.8	-1.2303
15105.5	-1.11179
15116.3	-19.9935
15127.1	-34.004
15137.8	-31.5555
15148.6	-31.3889
15159.4	-31.529
15170.1	-31.5495
15180.9	-30.1245
15191.7	-21.9836
15202.4	-14.4089
15213.2	-33.9225
15224	-32.465
15234.7	-31.9306
15245.5	-31.9236
15256.3	-31.985
15267	-32.0598
15277.8	-32.1865
15288.6	-33.1279
15299.3	-21.2334
15310.1	-31.8855
15320.9	-32.242
15331.6	-32.3721
15342.4	-32.4145
15353.2	-32.443
15363.9	-32.4642
15374.7	-32.4623
15385.5	-31.7506
15396.2	-28.1172
15407	-28.2711
15417.8	-32.6265
15428.5	-32.5687
15439.3	-32.5765
15450.1	-32.5924
15460.8	-32.6022
15471.6	-32.569
15482.4	-32.076
15493.1	-38.0396
15503.9	-27.0094
15514.7	-34.1119
15525.4	-32.6579
15536.2	-32.5862
15547	-32.5876
15557.7	-32.599
15568.5	-32.6065
15579.3	-32.5698
15590	-36.5497
15600.8	-27.5963
15611.6	-35.4989
15622.3	-32.6811
15633.1	-32.656
15643.9	-32.6608
15654.6	-32.6697
15665.4	-32.6818
15676.2	-32.7125
15686.9	-33.1816
15697.7	-29.9589
15708.5	-33.4185
15719.2	-32.6766
15730	-32.7492
15740.8	-32.7647
15751.5	-32.7737
15762.3	-32.7787
15773.1	-32.7656
15783.8	-32.5024
15794.6	-33.8812
15805.4	-30.5954
15816.1	-33.0514
15826.9	-32.8092
15837.7	-32.7973
15848.4	-32.8028
15859.2	-32.8092
15870	-32.804
15880.7	-32.6886
15891.5	-35.9375
15902.3	-29.3175
15913	-34.1175
15923.8	-32.8581
15934.6	-32.821
15945.3	-32.8222
15956.1	-32.8293
15966.9	-32.8393
15977.6	-32.8646
15988.4	-34.109
15999.2	-29.8097
16009.9	-34.5444
16020.7	-32.8588
16031.5	-32.8919
16042.2	-32.9018
16053	-32.909
16063.8	-32.9156
16074.5	-32.922
16085.3	-32.8894
16096.1	-32.1217
16106.8	-32.3888
16117.6	-32.9464
16128.4	-32.9587
16139.1	-32.9667
16149.9	-32.9744
16160.7	-32.9791
16171.4	-32.9654
16182.2	-32.7545
16193	-35.5661
16203.7	-29.9545
16214.5	-33.6844
16225.3	-33.0119
16236	-32.9805
16246.8	-32.983
16257.6	-32.9902
16268.3	-32.995
16279.1	-32.9741
16289.9	-35.8372
16300.6	-28.9489
16311.4	-35.2319
16322.2	-33.0448
16332.9	-33.0302
16343.7	-33.0346
16354.5	-33.0421
16365.2	-33.0539
16376	-33.0915
16386.8	-33.7251
16397.5	-29.8214
16408.3	-34.1476
16419.1	-33.0224
16429.8	-33.1254
16440.6	-33.1449
16451.4	-33.1553
16462.1	-33.1606
16472.9	-33.1422
16483.7	-32.7872
16494.4	-33.3302
16505.2	-29.7475
16516	-33.5261
16526.7	-33.2006
16537.5	-33.1842
16548.3	-33.1925
16559	-33.2005
16569.8	-33.183
16580.6	-32.9282
16591.3	-42.4568
16602.1	-26.2293
16612.9	-36.8437
16623.6	-33.281
16634.4	-33.1885
16645.2	-33.1871
16655.9	-33.2006
16666.7	-33.2272
16677.5	-33.3324
16688.2	-38.1606
16699	-23.9878
16709.8	-37.9308
16720.5	-33.2143
16731.3	-33.3766
16742.1	-33.4138
16752.8	-33.4382
16763.6	-33.4674
16774.4	-33.5274
16785.1	-32.2513
16795.9	-21.8721
16806.7	-23.9196
16817.4	-33.0977
16828.2	-33.7384
16839	-33.8256
16849.7	-33.8872
16860.5	-33.8901
16871.3	-33.5459
16882	-29.8597
16892.8	-16.1915
16903.6	-12.4043
16914.3	-28.8132
16925.1	-34.1411
16935.9	-33.4476
16946.6	-33.4358
16957.4	-33.4283
16968.2	-32.8979
16978.9	-29.1372
16989.7	2.95316
17000.5	9.89648
17011.2	1.54186
17022	-35.2865
17032.8	-31.3163
17043.5	-30.8993
17054.3	-30.8834
17065.1	-31.2425
17075.8	-33.2376
17086.6	-10.5508
17097.4	1.49179
17108.1	-2.39179
17118.9	-25.0286
17129.7	-33.0368
17140.4	-33.7109
17151.2	-33.8089
17162	-33.7747
17172.7	-33.4107
17183.5	-29.0995
17194.3	-17.4909
17205	-15.6446
17215.8	-33.3846
17226.6	-33.517
17237.3	-33.167
17248.1	-33.1386
17258.9	-33.1519
17269.6	-33.1115
17280.4	-32.5342
17291.2	-34.3257
17301.9	-20.7438
17312.7	-49.7652
17323.5	-33.3259
17334.2	-33.0811
17345	-33.0626
17355.8	-33.0763
17366.5	-33.1041
17377.3	-33.201
17388.1	-36.6058
17398.8	-24.8033
17409.6	-36.623
17420.4	-33.0806
17431.1	-33.2309
17441.9	-33.2576
17452.7	-33.2691
17463.4	-33.2774
17474.2	-33.2826
17485	-33.0921
17495.7	-30.1314
17506.5	-30.6747
17517.3	-33.2962
17528	-33.3274
17538.8	-33.336
17549.6	-33.345
17560.3	-33.3496
17571.1	-33.3271
17581.9	-33.025
17592.6	-37.1883
17603.4	-28.6139
17614.2	-34.6245
17624.9	-33.385
17635.7	-33.3276
17646.5	-33.327
17657.2	-33.3346
17668	-33.3419
17678.8	-33.3359
17689.5	-36.5616
17700.3	-28.7312
17711.1	-36.2287
17721.8	-33.3887
17732.6	-33.3828
17743.4	-33.3879
17754.1	-33.3948
17764.9	-33.4051
17775.7	-33.4375
17786.4	-33.9415
17797.2	-30.7181
17808	-34.4205
17818.7	-33.3632
17829.5	-33.4651
17840.3	-33.4821
17851	-33.4903
17861.8	-33.4947
17872.6	-33.4852
17883.3	-33.2958
17894.1	-34.2946
17904.9	-31.401
17915.6	-33.7641
17926.4	-33.5241
17937.2	-33.5126
17947.9	-33.5177
17958.7	-33.524
17969.5	-33.5218
17980.2	-33.4403
17991	-36.4809
18001.8	-29.9022
18012.5	-35.039
18023.3	-33.5751
18034.1	-33.5418
18044.8	-33.5435
18055.6	-33.5508
18066.4	-33.5623
18077.1	-33.5991
18087.9	-34.9038
18098.7	-30.2244
18109.4	-35.723
18120.2	-33.5634
18131	-33.6247
18141.7	-33.6385
18152.5	-33.6469
18163.3	-33.6549
18174	-33.6654
18184.8	-33.682
18195.6	-32.4743
18206.3	-33.1111
18217.1	-33.6644
18227.9	-33.7085
18238.6	-33.7207
18249.4	-33.7306
18260.2	-33.7375
18270.9	-33.727
18281.7	-33.5383
18292.5	-36.3695
18303.2	-30.183
18314	-34.6616
18324.8	-33.7888
18335.5	-33.7541
18346.3	-33.7588
18357.1	-33.7694
18367.8	-33.7804
18378.6	-33.7855
18389.4	-37.331
18400.1	-28.8275
18410.9	-37.1935
18421.7	-33.8417
18432.4	-33.8472
18443.2	-33.8581
18454	-33.871
18464.7	-33.8906
18475.5	-33.9529
18486.3	-34.8496
18497	-29.3555
18507.8	-35.3226
18518.6	-33.8025
18529.3	-34.0181
18540.1	-34.0564
18550.9	-34.077
18561.6	-34.0912
18572.4	-34.0801
18583.2	-33.7085
18593.9	-32.3677
18604.7	-29.0449
18615.5	-34.5436
18626.2	-34.1998
18637	-34.19
18647.8	-34.2128
18658.5	-34.2362
18669.3	-34.23
18680.1	-33.9545
18690.8	-40.6408
18701.6	-24.3142
18712.4	-41.3348
18723.1	-34.4477
18733.9	-34.3305
18744.7	-34.3464
18755.4	-34.3881
18766.2	-34.4684
18777	-34.7989
18787.7	-38.3107
18798.5	-20.1723
18809.3	-30.9549
18820	-34.3191
18830.8	-34.9606
18841.6	-35.0963
18852.3	-35.185
18863.1	-35.3311
18873.9	-35.8523
18884.6	-30.061
18895.4	-13.7644
18906.2	-15.3971
18916.9	-30.4282
18927.7	-36.6438
18938.5	-37.4171
18949.2	-37.6288
18960	-37.4747
18970.8	-34.4854
18981.5	-18.3054
18992.3	4.15867
19003.1	7.41711
19013.8	-5.28892
19024.6	-37.2094
19035.4	-30.1467
19046.1	-29.4727
19056.9	-29.6324
19067.7	-29.9433
19078.4	-30.3666
19089.2	-4.72698
19100	3.31408
19110.7	-4.56094
19121.5	-31.0085
19132.3	-31.3357
19143	-31.4897
19153.8	-31.6104
19164.6	-31.7455
19175.3	-32.0734
19186.1	-27.7407
19196.9	-14.4465
19207.6	-18.3611
19218.4	-30.8961
19229.2	-32.382
19239.9	-32.5547
19250.7	-32.6225
19261.5	-32.6551
19272.2	-32.5923
19283	-31.37
19293.8	-26.2277
19304.5	-22.0882
19315.3	-33.9619
19326	-32.7984
19336.8	-32.6932
19347.6	-32.707
19358.3	-32.7348
19369.1	-32.7416
19379.9	-32.5517
19390.6	-47.9654
19401.4	-24.0767
19412.2	-39.8905
19422.9	-32.9264
19433.7	-32.8296
19444.5	-32.8345
19455.2	-32.8537
19466	-32.8825
19476.8	-32.9689
19487.5	-35.3308
19498.3	-26.842
19509.1	-36.7216
19519.8	-32.8626
19530.6	-33.0236
19541.4	-33.0542
19552.1	-33.0693
19562.9	-33.0813
19573.7	-33.0919
19584.4	-33.0301
19595.2	-31.215
19606	-31.4379
19616.7	-33.1118
19627.5	-33.149
19638.3	-33.1604
19649	-33.1714
19659.8	-33.1793
19670.6	-33.1697
19681.3	-32.9898
19692.1	-36.2043
19702.9	-29.2354
19713.6	-34.3344
19724.4	-33.2314
19735.2	-33.1892
19745.9	-33.191
19756.7	-33.1992
19767.5	-33.2092
19778.2	-33.2261
19789	-35.6346
19799.8	-29.1566
19810.5	-35.8764
19821.3	-33.2427
19832.1	-33.2586
19842.8	-33.266
19853.6	-33.2727
19864.4	-33.2822
19875.1	-33.3124
19885.9	-33.7384
19896.7	-30.9007
19907.4	-34.3412
19918.2	-33.2171
19929	-33.337
19939.7	-33.3544
19950.5	-33.3617
19961.3	-33.3655
19972	-33.358
19982.8	-33.2179
19993.6	-34.0965
20004.3	-31.3721
20015.1	-33.6394
20025.9	-33.3887
20036.6	-33.376
20047.4	-33.3792
20058.2	-33.3838
20068.9	-33.3829
20079.7	-33.3323
20090.5	-36.0337
20101.2	-29.7793
20112	-35.0361
20122.8	-33.4219
20133.5	-33.3941
20144.3	-33.3941
20155.1	-33.3984
20165.8	-33.4079
20176.6	-33.4494
20187.4	-34.6799
20198.1	-29.9686
20208.9	-35.8682
20219.7	-33.3654
20230.4	-33.4555
20241.2	-33.469
20252	-33.4738
20262.7	-33.4779
20273.5	-33.4857
20284.3	-33.5222
20295	-32.087
20305.8	-32.8626
20316.6	-33.4337
20327.3	-33.5051
20338.1	-33.5142
20348.9	-33.5193
20359.6	-33.521
20370.4	-33.5071
20381.2	-33.3434
20391.9	-36.0755
20402.7	-29.5145
20413.5	-34.6149
20424.2	-33.5391
20435	-33.4941
20445.8	-33.4908
20456.5	-33.4938
20467.3	-33.5001
20478.1	-33.5255
20488.8	-37.5494
20499.6	-27.7663
20510.4	-38.3319
20521.1	-33.4938
20531.9	-33.5211
20542.7	-33.5243
20553.4	-33.5258
20564.2	-33.5357
20575	-33.6066
20585.7	-34.742
20596.5	-27.7383
20607.3	-34.8509
20618	-33.2257
20628.8	-33.5928
20639.6	-33.6289
20650.3	-33.6327
20661.1	-33.6267
20671.9	-33.5955
20682.6	-33.2196
20693.4	-29.5341
20704.2	-26.5932
20714.9	-33.7008
20725.7	-33.5806
20736.5	-33.5375
20747.2	-33.5239
20758	-33.5068
20768.8	-33.4555
20779.5	-33.1425
20790.3	-32.3326
20801.1	-20.1945
20811.8	-36.5443
20822.6	-33.3638
20833.4	-33.1345
20844.1	-33.0461
20854.9	-32.9825
20865.7	-33.0038
20876.4	-33.7132
20887.2	-27.8943
20898	-12.6791
20908.7	-19.82
20919.5	-30.9601
20930.3	-32.427
20941	-32.3236
20951.8	-32.1207
20962.6	-32.5162
20973.3	-35.07
20984.1	-12.064
20994.9	4.60776
21005.6	4.23189
21016.4	-13.3323
21027.2	-35.221
21037.9	-35.2055
21048.7	-35.1496
21059.5	-35.2679
21070.2	-33.1411
21081	-22.3139
21091.8	0.218724
21102.5	4.33271
21113.3	-7.70801
21124.1	-37.5924
21134.8	-30.832
21145.6	-30.3597
21156.4	-30.5056
21167.1	-30.7718
21177.9	-31.2144
21188.7	-24.9205
21199.4	-12.8934
21210.2	-22.705
21221	-31.5189
21231.7	-31.9367
21242.5	-32.0785
21253.3	-32.1748
21264	-32.2631
21274.8	-32.4011
21285.6	-32.0867
21296.3	-22.0242
21307.1	-25.5511
21317.9	-32.0584
21328.6	-32.6582
21339.4	-32.7443
21350.2	-32.7891
21360.9	-32.8163
21371.7	-32.7907
21382.5	-32.1992
21393.2	-31.9187
21404	-25.4765
21414.8	-34.1497
21425.5	-32.9406
21436.3	-32.8711
21447.1	-32.8805
21457.8	-32.8995
21468.6	-32.9101
21479.4	-32.8426
21490.1	-40.44
21500.9	-26.175
21511.7	-37.7932
21522.4	-33.0213
21533.2	-32.9757
21544	-32.98
21554.7	-32.9913
21565.5	-33.0098
21576.3	-33.0753
21587	-34.5724
21597.8	-28.3261
21608.6	-36.0231
21619.3	-32.9417
21630.1	-33.1004
21640.9	-33.1243
21651.6	-33.133
21662.4	-33.1384
21673.2	-33.1402
21683.9	-33.0728
21694.7	-32.105
21705.5	-31.7029
21716.2	-33.1717
21727	-33.1677
21737.8	-33.1705
21748.5	-33.1753
21759.3	-33.1783
21770.1	-33.169
21780.8	-33.0467
21791.6	-35.827
21802.4	-29.5885
21813.1	-34.3283
21823.9	-33.2021
21834.7	-33.1622
21845.4	-33.1594
21856.2	-33.1621
21867	-33.1681
21877.7	-33.1929
21888.5	-35.0839
21899.3	-29.4559
21910	-35.7171
21920.8	-33.159
21931.6	-33.1909
21942.3	-33.1953
21953.1	-33.1967
21963.9	-33.2001
21974.6	-33.2212
21985.4	-33.5404
21996.2	-31.0955
22006.9	-34.0844
22017.7	-33.0935
22028.5	-33.2193
22039.2	-33.2316
22050	-33.2333
22060.8	-33.2316
22071.5	-33.2193
22082.3	-33.0935
22093.1	-34.0844
22103.8	-31.0955
22114.6	-33.5404
22125.4	-33.2212
22136.1	-33.2001
22146.9	-33.1967
22157.7	-33.1953
22168.4	-33.1909
22179.2	-33.159
22190	-35.7171
22200.7	-29.4559
22211.5	-35.0839
22222.3	-33.1929
22233	-33.1681
22243.8	-33.1621
22254.6	-33.1594
22265.3	-33.1622
22276.1	-33.2021
22286.9	-34.3283
22297.6	-29.5885
22308.4	-35.827
22319.2	-33.0467
22329.9	-33.169
22340.7	-33.1783
22351.5	-33.1753
22362.2	-33.1705
22373	-33.1677
22383.8	-33.1717
22394.5	-31.7029
22405.3	-32.105
22416.1	-33.0728
22426.8	-33.1402
22437.6	-33.1384
22448.4	-33.133
22459.1	-33.1243
22469.9	-33.1004
22480.7	-32.9417
22491.4	-36.0231
22502.2	-28.3261
22513	-34.5724
22523.7	-33.0753
22534.5	-33.0098
22545.3	-32.9913
22556	-32.98
22566.8	-32.9757
22577.6	-33.0213
22588.3	-37.7932
22599.1	-26.175
22609.9	-40.44
22620.6	-32.8426
22631.4	-32.9101
22642.2	-32.8995
22652.9	-32.8805
22663.7	-32.8711
22674.5	-32.9406
22685.2	-34.1497
22696	-25.4765
22706.8	-31.9187
22717.5	-32.1992
22728.3	-32.7907
22739.1	-32.8163
22749.8	-32.7891
22760.6	-32.7443
22771.4	-32.6582
22782.1	-32.0584
22792.9	-25.5511
22803.7	-22.0242
22814.4	-32.0867
22825.2	-32.4011
22836	-32.2631
22846.7	-32.1748
22857.5	-32.0785
22868.3	-31.9367
22879	-31.5189
22889.8	-22.705
22900.6	-12.8934
22911.3	-24.9205
22922.1	-31.2144
22932.9	-30.7718
22943.6	-30.5056
22954.4	-30.3597
22965.2	-30.832
22975.9	-37.5924
22986.7	-7.70801
22997.5	4.33271
23008.2	0.218724
23019	-22.3139
23029.8	-33.1411
23040.5	-35.2679
23051.3	-35.1496
23062.1	-35.2055
23072.8	-35.221
23083.6	-13.3323
23094.4	4.23189
23105.1	4.60776
23115.9	-12.064
23126.7	-35.07
23137.4	-32.5162
23148.2	-32.1207
23159	-32.3236
23169.7	-32.427
23180.5	-30.9601
23191.3	-19.82
23202	-12.6791
23212.8	-27.8943
23223.6	-33.7132
23234.3	-33.0038
23245.1	-32.9825
23255.9	-33.0461
23266.6	-33.1345
23277.4	-33.3638
23288.2	-36.5443
23298.9	-20.1945
23309.7	-32.3326
23320.5	-33.1425
23331.2	-33.4555
23342	-33.5068
23352.8	-33.5239
23363.5	-33.5375
23374.3	-33.5806
23385.1	-33.7008
23395.8	-26.5932
23406.6	-29.5341
23417.4	-33.2196
23428.1	-33.5955
23438.9	-33.6267
23449.7	-33.6327
23460.4	-33.6289
23471.2	-33.5928
23482	-33.2257
23492.7	-34.8509
23503.5	-27.7383
23514.3	-34.742
23525	-33.6066
23535.8	-33.5357
23546.6	-33.5258
23557.3	-33.5243
23568.1	-33.5211
23578.9	-33.4938
23589.6	-38.3319
23600.4	-27.7663
23611.2	-37.5494
23621.9	-33.5255
23632.7	-33.5001
23643.5	-33.4938
23654.2	-33.4908
23665	-33.4941
23675.8	-33.5391
23686.5	-34.6149
23697.3	-29.5145
23708.1	-36.0755
23718.8	-33.3434
23729.6	-33.5071
23740.4	-33.521
23751.1	-33.5193
23761.9	-33.5142
23772.7	-33.5051
23783.4	-33.4337
23794.2	-32.8626
23805	-32.087
23815.7	-33.5222
23826.5	-33.4857
23837.3	-33.4779
23848	-33.4738
23858.8	-33.469
23869.6	-33.4555
23880.3	-33.3654
23891.1	-35.8682
23901.9	-29.9686
23912.6	-34.6799
23923.4	-33.4494
23934.2	-33.4079
23944.9	-33.3984
23955.7	-33.3941
23966.5	-33.3941
23977.2	-33.4219
23988	-35.0361
23998.8	-29.7793
24009.5	-36.0337
24020.3	-33.3323
24031.1	-33.3829
24041.8	-33.3838
24052.6	-33.3792
24063.4	-33.376
24074.1	-33.3887
24084.9	-33.6394
24095.7	-31.3721
24106.4	-34.0965
24117.2	-33.2179
24128	-33.358
24138.7	-33.3655
24149.5	-33.3617
24160.3	-33.3544
24171	-33.337
24181.8	-33.2171
24192.6	-34.3412
24203.3	-30.9007
24214.1	-33.7384
24224.9	-33.3124
24235.6	-33.2822
24246.4	-33.2727
24257.2	-33.266
24267.9	-33.2586
24278.7	-33.2427
24289.5	-35.8764
24300.2	-29.1566
24311	-35.6346
24321.8	-33.2261
24332.5	-33.2092
24343.3	-33.1992
24354.1	-33.191
24364.8	-33.1892
24375.6	-33.2314
24386.4	-34.3344
24397.1	-29.2354
24407.9	-36.2043
24418.7	-32.9898
24429.4	-33.1697
24440.2	-33.1793
24451	-33.1714
24461.7	-33.1604
24472.5	-33.149
24483.3	-33.1118
24494	-31.4379
24504.8	-31.215
24515.6	-33.0301
24526.3	-33.0919
24537.1	-33.0813
24547.9	-33.0693
24558.6	-33.0542
24569.4	-33.0236
24580.2	-32.8626
24590.9	-36.7216
24601.7	-26.842
24612.5	-35.3308
24623.2	-32.9689
24634	-32.8825
24644.8	-32.8537
24655.5	-32.8345
24666.3	-32.8296
24677.1	-32.9264
24687.8	-39.8905
24698.6	-24.0767
24709.4	-47.9654
24720.1	-32.5517
24730.9	-32.7416
24741.7	-32.7348
24752.4	-32.707
24763.2	-32.6932
24774	-32.7984
24784.7	-33.9619
24795.5	-22.0882
24806.2	-26.2277
24817	-31.37
24827.8	-32.5923
24838.5	-32.6551
24849.3	-32.6225
24860.1	-32.5547
24870.8	-32.382
24881.6	-30.8961
24892.4	-18.3611
24903.1	-14.4465
24913.9	-27.7407
24924.7	-32.0734
24935.4	-31.7455
24946.2	-31.6104
24957	-31.4897
24967.7	-31.3357
24978.5	-31.0085
24989.3	-4.56094
25000	3.31408
25010.8	-4.72698
25021.6	-30.3666
25032.3	-29.9433
25043.1	-29.6324
25053.9	-29.4727
25064.6	-30.1467
25075.4	-37.2094
25086.2	-5.28892
25096.9	7.41711
25107.7	4.15867
25118.5	-18.3054
25129.2	-34.4854
25140	-37.4747
25150.8	-37.6288
25161.5	-37.4171
25172.3	-36.6438
25183.1	-30.4282
25193.8	-15.3971
25204.6	-13.7644
25215.4	-30.061
25226.1	-35.8523
25236.9	-35.3311
25247.7	-35.185
25258.4	-35.0963
25269.2	-34.9606
25280	-34.3191
25290.7	-30.9549
25301.5	-20.1723
25312.3	-38.3107
25323	-34.7989
25333.8	-34.4684
25344.6	-34.3881
25355.3	-34.3464
25366.1	-34.3305
25376.9	-34.4477
25387.6	-41.3348
25398.4	-24.3142
25409.2	-40.6408
25419.9	-33.9545
25430.7	-34.23
25441.5	-34.2362
25452.2	-34.2128
25463	-34.19
25473.8	-34.1998
25484.5	-34.5436
25495.3	-29.0449
25506.1	-32.3677
25516.8	-33.7085
25527.6	-34.0801
25538.4	-34.0912
25549.1	-34.077
25559.9	-34.0564
25570.7	-34.0181
25581.4	-33.8025
25592.2	-35.3226
25603	-29.3555
25613.7	-34.8496
25624.5	-33.9529
25635.3	-33.8906
25646	-33.871
25656.8	-33.8581
25667.6	-33.8472
25678.3	-33.8417
25689.1	-37.1935
25699.9	-28.8275
25710.6	-37.331
25721.4	-33.7855
25732.2	-33.7804
25742.9	-33.7694
25753.7	-33.7588
25764.5	-33.7541
25775.2	-33.7888
25786	-34.6616
25796.8	-30.183
25807.5	-36.3695
25818.3	-33.5383
25829.1	-33.727
25839.8	-33.7375
25850.6	-33.7306
25861.4	-33.7207
25872.1	-33.7085
25882.9	-33.6644
25893.7	-33.1111
25904.4	-32.4743
25915.2	-33.682
25926	-33.6654
25936.7	-33.6549
25947.5	-33.6469
25958.3	-33.6385
25969	-33.6247
25979.8	-33.5634
25990.6	-35.723
26001.3	-30.2244
26012.1	-34.9038
26022.9	-33.5991
26033.6	-33.5623
26044.4	-33.5508
26055.2	-33.5435
26065.9	-33.5418
26076.7	-33.5751
26087.5	-35.039
26098.2	-29.9022
26109	-36.4809
26119.8	-33.4403
26130.5	-33.5218
26141.3	-33.524
26152.1	-33.5177
26162.8	-33.5126
26173.6	-33.5241
26184.4	-33.7641
26195.1	-31.401
26205.9	-34.2946
26216.7	-33.2958
26227.4	-33.4852
26238.2	-33.4947
26249	-33.4903
26259.7	-33.4821
26270.5	-33.4651
26281.3	-33.3632
26292	-34.4205
26302.8	-30.7181
26313.6	-33.9415
26324.3	-33.4375
26335.1	-33.4051
26345.9	-33.3948
26356.6	-33.3879
26367.4	-33.3828
26378.2	-33.3887
26388.9	-36.2287
26399.7	-28.7312
26410.5	-36.5616
26421.2	-33.3359
26432	-33.3419
26442.8	-33.3346
26453.5	-33.327
26464.3	-33.3276
26475.1	-33.385
26485.8	-34.6245
26496.6	-28.6139
26507.4	-37.1883
26518.1	-33.025
26528.9	-33.3271
26539.7	-33.3496
26550.4	-33.345
26561.2	-33.336
26572	-33.3274
26582.7	-33.2962
26593.5	-30.6747
26604.3	-30.1314
26615	-33.0921
26625.8	-33.2826
26636.6	-33.2774
26647.3	-33.2691
26658.1	-33.2576
26668.9	-33.2309
26679.6	-33.0806
26690.4	-36.623
26701.2	-24.8033
26711.9	-36.6058
26722.7	-33.201
26733.5	-33.1041
26744.2	-33.0763
26755	-33.0626
26765.8	-33.0811
26776.5	-33.3259
26787.3	-49.7652
26798.1	-20.7438
26808.8	-34.3257
26819.6	-32.5342
26830.4	-33.1115
26841.1	-33.1519
26851.9	-33.1386
26862.7	-33.167
26873.4	-33.517
26884.2	-33.3846
26895	-15.6446
26905.7	-17.4909
26916.5	-29.0995
26927.3	-33.4107
26938	-33.7747
26948.8	-33.8089
26959.6	-33.7109
26970.3	-33.0368
26981.1	-25.0286
26991.9	-2.39179
27002.6	1.49179
27013.4	-10.5508
27024.2	-33.2376
27034.9	-31.2425
27045.7	-30.8834
27056.5	-30.8993
27067.2	-31.3163
27078	-35.2865
27088.8	1.54186
27099.5	9.89648
27110.3	2.95316
27121.1	-29.1372
27131.8	-32.8979
27142.6	-33.4283
27153.4	-33.4358
27164.1	-33.4476
27174.9	-34.1411
27185.7	-28.8132
27196.4	-12.4043
27207.2	-16.1915
27218	-29.8597
27228.7	-33.5459
27239.5	-33.8901
27250.3	-33.8872
27261	-33.8256
27271.8	-33.7384
27282.6	-33.0977
27293.3	-23.9196
27304.1	-21.8721
27314.9	-32.2513
27325.6	-33.5274
27336.4	-33.4674
27347.2	-33.4382
27357.9	-33.4138
27368.7	-33.3766
27379.5	-33.2143
27390.2	-37.9308
27401	-23.9878
27411.8	-38.1606
27422.5	-33.3324
27433.3	-33.2272
27444.1	-33.2006
27454.8	-33.1871
27465.6	-33.1885
27476.4	-33.281
27487.1	-36.8437
27497.9	-26.2293
27508.7	-42.4568
27519.4	-32.9282
27530.2	-33.183
27541	-33.2005
27551.7	-33.1925
27562.5	-33.1842
27573.3	-33.2006
27584	-33.5261
27594.8	-29.7475
27605.6	-33.3302
27616.3	-32.7872
27627.1	-33.1422
27637.9	-33.1606
27648.6	-33.1553
27659.4	-33.1449
27670.2	-33.1254
27680.9	-33.0224
27691.7	-34.1476
27702.5	-29.8214
27713.2	-33.7251
27724	-33.0915
27734.8	-33.0539
27745.5	-33.0421
27756.3	-33.0346
27767.1	-33.0302
27777.8	-33.0448
27788.6	-35.2319
27799.4	-28.9489
27810.1	-35.8372
27820.9	-32.9741
27831.7	-32.995
27842.4	-32.9902
27853.2	-32.983
27864	-32.9805
27874.7	-33.0119
27885.5	-33.6844
27896.3	-29.9545
27907	-35.5661
27917.8	-32.7545
27928.6	-32.9654
27939.3	-32.9791
27950.1	-32.9744
27960.9	-32.9667
27971.6	-32.9587
27982.4	-32.9464
27993.2	-32.3888
28003.9	-32.1217
28014.7	-32.8894
28025.5	-32.922
28036.2	-32.9156
28047	-32.909
28057.8	-32.9018
28068.5	-32.8919
28079.3	-32.8588
28090.1	-34.5444
28100.8	-29.8097
28111.6	-34.109
28122.4	-32.8646
28133.1	-32.8393
28143.9	-32.8293
28154.7	-32.8222
28165.4	-32.821
28176.2	-32.8581
28187	-34.1175
28197.7	-29.3175
28208.5	-35.9375
28219.3	-32.6886
28230	-32.804
28240.8	-32.8092
28251.6	-32.8028
28262.3	-32.7973
28273.1	-32.8092
28283.9	-33.0514
28294.6	-30.5954
28305.4	-33.8812
28316.2	-32.5024
28326.9	-32.7656
28337.7	-32.7787
28348.5	-32.7737
28359.2	-32.7647
28370	-32.7492
28380.8	-32.6766
28391.5	-33.4185
28402.3	-29.9589
28413.1	-33.1816
28423.8	-32.7125
28434.6	-32.6818
28445.4	-32.6697
28456.1	-32.6608
28466.9	-32.656
28477.7	-32.6811
28488.4	-35.4989
28499.2	-27.5963
28510	-36.5497
28520.7	-32.5698
28531.5	-32.6065
28542.3	-32.599
28553	-32.5876
28563.8	-32.5862
28574.6	-32.6579
28585.3	-34.1119
28596.1	-27.0094
28606.9	-38.0396
28617.6	-32.076
28628.4	-32.569
28639.2	-32.6022
28649.9	-32.5924
28660.7	-32.5765
28671.5	-32.5687
28682.2	-32.6265
28693	-28.2711
28703.8	-28.1172
28714.5	-31.7506
28725.3	-32.4623
28736.1	-32.4642
28746.8	-32.443
28757.6	-32.4145
28768.4	-32.3721
28779.1	-32.242
28789.9	-31.8855
28800.7	-21.2334
28811.4	-33.1279
28822.2	-32.1865
28833	-32.0598
28843.7	-31.985
28854.5	-31.9236
28865.3	-31.9306
28876	-32.465
28886.8	-33.9225
28897.6	-14.4089
28908.3	-21.9836
28919.1	-30.1245
28929.9	-31.5495
28940.6	-31.529
28951.4	-31.3889
28962.2	-31.5555
28972.9	-34.004
28983.7	-19.9935
28994.5	-1.11179
29005.2	-1.2303
29016	-16.706
29026.8	-32.5615
29037.5	-35.9325
29048.3	-36.2548
29059.1	-36.0103
29069.8	-34.534
29080.6	-19.1057
29091.4	7.31616
29102.1	11.7764
29112.9	0.871525
29123.7	-33.2536
29134.4	-29.7188
29145.2	-28.8422
29156	-28.9737
29166.7	-29.3126
29177.5	-30.0109
29188.3	-24.062
29199	-10.7538
29209.8	-19.9416
29220.6	-29.9571
29231.3	-30.7721
29242.1	-30.9635
29252.9	-31.0631
29263.6	-31.1559
29274.4	-31.3816
29285.2	-33.1385
29295.9	-20.2583
29306.7	-25.5073
29317.5	-30.2696
29328.2	-31.5434
29339	-31.6835
29349.8	-31.7208
29360.5	-31.7353
29371.3	-31.7289
29382.1	-31.5216
29392.8	-28.7502
29403.6	-25.4873
29414.4	-31.8139
29425.1	-31.778
29435.9	-31.7543
29446.7	-31.7562
29457.4	-31.7606
29468.2	-31.7608
29479	-31.7286
29489.7	-36.107
29500.5	-25.564
29511.3	-35.3764
29522	-31.7829
29532.8	-31.7534
29543.6	-31.7478
29554.3	-31.7462
29565.1	-31.7532
29575.9	-31.8189
29586.6	-33.5625
29597.4	-26.9765
29608.2	-36.871
29618.9	-31.5589
29629.7	-31.7767
29640.5	-31.7949
29651.2	-31.7922
29662	-31.7877
29672.8	-31.7958
29683.5	-31.9617
29694.3	-29.7515
29705.1	-32.1785
29715.8	-31.508
29726.6	-31.7584
29737.4	-31.7697
29748.1	-31.7653
29758.9	-31.7575
29769.7	-31.7439
29780.4	-31.6832
29791.2	-32.7634
29802	-29.2208
29812.7	-32.3093
29823.5	-31.7118
29834.3	-31.6823
29845	-31.6711
29855.8	-31.6628
29866.6	-31.658
29877.3	-31.6765
29888.1	-33.1448
29898.9	-28.3687
29909.6	-33.9435
29920.4	-31.5816
29931.2	-31.6165
29941.9	-31.6113
29952.7	-31.6018
29963.5	-31.5953
29974.2	-31.6142
29985	-32.0617
29995.8	-29.2007
30006.5	-33.6873
30017.3	-31.3531
30028.1	-31.5539
30038.8	-31.562
30049.6	-31.5532
30060.4	-31.5414
30071.1	-31.5285
30081.9	-31.5086
30092.7	-31.21
30103.4	-30.789
30114.2	-31.4632
30125	-31.4672
30135.7	-31.454
30146.5	-31.4414
30157.3	-31.4285
30168	-31.4145
30178.8	-31.3931
30189.6	-32.7706
30200.3	-28.62
30211.1	-32.5882
30221.9	-31.3481
30232.6	-31.3261
30243.4	-31.3097
30254.2	-31.2947
30264.9	-31.285
30275.7	-31.3122
30286.5	-32.3019
30297.2	-28.0664
30308	-34.2451
30318.8	-31.0812
30329.5	-31.2143
30340.3	-31.2118
30351	-31.1954
30361.8	-31.1787
30372.6	-31.1762
30383.3	-31.3537
30394.1	-29.1594
30404.9	-32.1648
30415.6	-30.7922
30426.4	-31.0715
30437.2	-31.0714
30447.9	-31.0526
30458.7	-31.0296
30469.5	-31.0009
30480.2	-30.9313
30491	-31.6526
30501.8	-28.1134
30512.5	-31.411
30523.3	-30.8807
30534.1	-30.8336
30544.8	-30.8023
30555.6	-30.7735
30566.4	-30.7502
30577.1	-30.7722
30587.9	-33.4211
30598.7	-25.4351
30609.4	-35.216
30620.2	-30.5117
30631	-30.5661
30641.7	-30.535
30652.5	-30.4946
30663.3	-30.4636
30674	-30.5125
30684.8	-31.9443
30695.6	-24.3023
30706.3	-36.0488
30717.1	-29.5786
30727.9	-30.2343
30738.6	-30.2392
30749.4	-30.1844
30760.2	-30.119
30770.9	-30.0615
30781.7	-30.0927
30792.5	-24.4907
30803.2	-23.7593
30814	-28.3862
30824.8	-29.6246
30835.5	-29.5606
30846.3	-29.4547
30857.1	-29.3335
30867.8	-29.1966
30878.6	-29.021
30889.4	-24.7874
30900.1	-14.5641
30910.9	-25.098
30921.7	-28.3046
30932.4	-28.041
30943.2	-27.783
30954	-27.556
30964.7	-27.5686
30975.5	-29.5163
30986.3	-15.0277
30997	-0.701395
31007.8	-4.95133
31018.6	-21.7031
31029.3	-26.441
31040.1	-26.5161
31050.9	-26.1331
31061.6	-26.5816
31072.4	-33.171
31083.2	-6.67545
31093.9	12.2883
31104.7	13.1458
31115.5	-2.39592
31126.2	-29.4354
31137	-29.4305
31147.8	-28.5418
31158.5	-28.9527
31169.3	-29.4433
31180.1	-28.7788
31190.8	-18.2187
31201.6	-10.357
31212.4	-24.375
31223.1	-31.8416
31233.9	-31.2878
31244.7	-31.3414
31255.4	-31.4516
31266.2	-31.5749
31277	-31.8724
31287.7	-38.3973
31298.5	-18.8215
31309.3	-31.4057
31320	-31.4557
31330.8	-31.9195
31341.6	-31.9715
31352.3	-31.9706
31363.1	-31.9658
31373.9	-32.0158
31384.6	-32.7517
31395.4	-24.9808
31406.2	-29.6724
31416.9	-31.2349
31427.7	-31.9023
31438.5	-31.938
31449.2	-31.9237
31460	-31.8982
31470.8	-31.8576
31481.5	-31.6751
31492.3	-31.5603
31503.1	-27.2629
31513.8	-32.2008
31524.6	-31.7473
31535.4	-31.6921
31546.1	-31.6659
31556.9	-31.6439
31567.7	-31.6228
31578.4	-31.6026
31589.2	-34.666
31600	-26.6706
31610.7	-34.6074
31621.5	-31.514
31632.3	-31.4932
31643	-31.4712
31653.8	-31.4501
31664.6	-31.4356
31675.3	-31.4654
31686.1	-32.5133
31696.9	-27.7061
31707.6	-34.9398
31718.4	-31.1559
31729.2	-31.346
31739.9	-31.3465
31750.7	-31.3283
31761.5	-31.3081
31772.2	-31.294
31783	-31.352
31793.8	-30.0135
31804.5	-31.3333
31815.3	-31.0329
31826.1	-31.1892
31836.8	-31.1803
31847.6	-31.162
31858.4	-31.1417
31869.1	-31.1177
31879.9	-31.0633
31890.7	-32.1655
31901.4	-28.7639
31912.2	-31.7215
31923	-31.025
31933.7	-30.9874
31944.5	-30.965
31955.3	-30.9452
31966	-30.9294
31976.8	-30.9396
31987.6	-32.0612
31998.3	-27.9882
32009.1	-33.0276
32019.9	-30.7821
32030.6	-30.8242
32041.4	-30.8099
32052.2	-30.7897
32062.9	-30.7714
32073.7	-30.7726
32084.5	-31.0674
32095.2	-28.7667
32106	-32.4021
32116.8	-30.4727
32127.5	-30.6603
32138.3	-30.6564
32149.1	-30.6367
32159.8	-30.614
32170.6	-30.5891
32181.4	-30.5463
32192.1	-30.5502
32202.9	-29.5904
32213.7	-30.562
32224.4	-30.4743
32235.2	-30.446
32246	-30.4215
32256.7	-30.3974
32267.5	-30.3736
32278.3	-30.3532
32289	-31.6731
32299.8	-27.5143
32310.6	-31.7051
32321.3	-30.2415
32332.1	-30.219
32342.9	-30.1916
32353.6	-30.1642
32364.4	-30.1417
32375.2	-30.1558
32385.9	-30.978
32396.7	-26.9877
32407.5	-33.1071
32418.2	-29.8344
32429	-29.9925
32439.8	-29.9792
32450.5	-29.9488
32461.3	-29.9167
32472.1	-29.8942
32482.8	-29.9884
32493.6	-28.0976
32504.4	-30.265
32515.1	-29.453
32525.9	-29.7093
32536.7	-29.6889
32547.4	-29.6518
32558.2	-29.6105
32569	-29.5633
32579.7	-29.4778
32590.5	-30.6451
32601.3	-25.9044
32612	-30.2553
32622.8	-29.3409
32633.6	-29.2669
32644.3	-29.2109
32655.1	-29.1574
32665.9	-29.1123
32676.6	-29.1358
32687.4	-32.1987
32698.2	-22.9114
32708.9	-36.0151
32719.7	-28.6614
32730.5	-28.7676
32741.2	-28.7105
32752	-28.6347
32762.8	-28.5677
32773.5	-28.5913
32784.3	-29.9955
32795.1	-21.1439
32805.8	-29.639
32816.6	-27.1389
32827.4	-28.0755
32838.1	-28.0479
32848.9	-27.9356
32859.7	-27.8027
32870.4	-27.6581
32881.2	-27.4129
32892	-19.4593
32902.7	-16.2486
32913.5	-24.6654
32924.3	-26.7762
32935	-26.5574
32945.8	-26.3181
32956.6	-26.0622
32967.3	-25.811
32978.1	-25.7604
32988.9	-10.7235
32999.6	-1.20942
33010.4	-9.57576
33021.2	-23.6687
33031.9	-23.4012
33042.7	-22.921
33053.5	-22.6377
33064.2	-23.6296
33075	-36.3553
33085.8	3.36468
33096.5	16.7132
33107.3	14.0824
33118.1	-7.71598
33128.8	-33.0316
33139.6	-35.0927
33150.4	-34.1957
33161.1	-35.5587
33171.9	-36.3913
33182.7	-29.313
33193.4	-13.5042
33204.2	-11.2303
33215	-27.3508
33225.7	-40.2091
33236.5	-38.4693
33247.3	-37.9683
33258	-37.5733
33268.8	-37.1189
33279.6	-36.2051
33290.3	-28.8926
33301.1	-19.3071
33311.9	-33.2402
33322.6	-35.5529
33333.4	-35.0362
33344.2	-34.7656
33354.9	-34.5464
33365.7	-34.373
33376.5	-34.3888
33387.2	-43.9569
33398	-23.5374
33408.8	-42.4676
33419.5	-33.2185
33430.3	-33.5392
33441.1	-33.4608
33451.8	-33.3456
33462.6	-33.2381
33473.4	-33.1908
33484.1	-33.8727
33494.9	-27.4905
33505.7	-33.5979
33516.4	-32.088
33527.2	-32.7106
33538	-32.6869
33548.7	-32.6177
33559.5	-32.5429
33570.3	-32.4644
33581	-32.3332
33591.8	-32.1268
33602.6	-29.1235
33613.3	-32.4171
33624.1	-32.1529
33634.9	-32.0803
33645.6	-32.0242
33656.4	-31.9723
33667.2	-31.9244
33677.9	-31.8939
33688.7	-33.9272
33699.5	-27.7251
33710.2	-34.2573
33721	-31.6771
33731.8	-31.6563
33742.5	-31.6162
33753.3	-31.5754
33764.1	-31.5411
33774.8	-31.5462
33785.6	-32.3189
33796.4	-28.2519
33807.1	-34.7138
33817.9	-31.1525
33828.7	-31.3489
33839.4	-31.3361
33850.2	-31.3042
33861	-31.2706
33871.7	-31.243
33882.5	-31.2781
33893.3	-30.0948
33904	-31.4258
33914.8	-30.9089
33925.6	-31.0797
33936.3	-31.0607
33947.1	-31.0323
33957.9	-31.0025
33968.6	-30.9709
33979.4	-30.9238
33990.2	-31.8228
34000.9	-28.7861
34011.7	-31.53
34022.5	-30.8332
34033.2	-30.7938
34044	-30.7646
34054.8	-30.7376
34065.5	-30.7151
34076.3	-30.7215
34087.1	-31.6646
34097.8	-27.8837
34108.6	-32.8619
34119.4	-30.5153
34130.1	-30.5761
34140.9	-30.559
34151.7	-30.5339
34162.4	-30.5104
34173.2	-30.5051
34184	-30.75
34194.7	-28.5505
34205.5	-32.1943
34216.3	-30.1463
34227	-30.3724
34237.8	-30.367
34248.6	-30.3443
34259.3	-30.3185
34270.1	-30.2909
34280.9	-30.249
34291.6	-30.2659
34302.4	-29.1667
34313.2	-30.2666
34323.9	-30.1638
34334.7	-30.1331
34345.5	-30.1066
34356.2	-30.081
34367	-30.0572
34377.8	-30.0474
34388.5	-31.3871
34399.3	-26.9282
34410.1	-31.719
34420.8	-29.909
34431.6	-29.9032
34442.4	-29.8774
34453.1	-29.8501
34463.9	-29.8286
34474.7	-29.8495
34485.4	-30.6879
34496.2	-26.3157
34507	-33.6209
34517.7	-29.4432
34528.5	-29.6912
34539.3	-29.6872
34550	-29.6596
34560.8	-29.6296
34571.6	-29.609
34582.3	-29.6952
34593.1	-27.4964
34603.9	-29.4343
34614.6	-29.0622
34625.4	-29.4372
34636.2	-29.4234
34646.9	-29.3905
34657.7	-29.3532
34668.5	-29.3106
34679.2	-29.2363
34690	-30.756
34700.8	-24.1154
34711.5	-30.517
34722.3	-29.1096
34733.1	-29.0378
34743.8	-28.9852
34754.6	-28.9369
34765.4	-28.9062
34776.1	-29.0069
34786.9	-34.2675
34797.7	-20.2627
34808.4	-47.6596
34819.2	-28.2809
34830	-28.6354
34840.7	-28.607
34851.5	-28.5388
34862.3	-28.4896
34873	-28.6147
34883.8	-30.8057
34894.6	-16.5499
34905.3	-20.1291
34916.1	-25.6747
34926.9	-28.0979
34937.6	-28.1822
34948.4	-28.0785
34959.2	-27.9233
34969.9	-27.6725
34980.7	-25.9502
34991.5	-7.37872
35002.2	-2.80847
35013	-14.206
35023.8	-26.6139
35034.5	-25.9635
35045.3	-25.6164
35056.1	-25.5161
35066.8	-26.5833
35077.6	-32.6689
35088.4	12.0229
35099.1	20.8591
35109.9	14.663
35120.7	-19.0847
35131.4	-31.4269
35142.2	-33.4488
35153	-33.3597
35163.7	-33.1354
35174.5	-34.0586
35185.3	-29.236
35196	-10.0975
35206.8	-13.5772
35217.6	-26.7327
35228.3	-31.8793
35239.1	-32.312
35249.9	-32.1584
35260.6	-31.9412
35271.4	-31.8108
35282.2	-32.362
35292.9	-21.3768
35303.7	-21.7715
35314.5	-27.9713
35325.2	-30.9688
35336	-30.9981
35346.8	-30.9089
35357.5	-30.8093
35368.3	-30.7105
35379.1	-30.5883
35389.8	-30.9913
35400.6	-23.3491
35411.4	-31.2286
35422.1	-30.3369
35432.9	-30.2477
35443.7	-30.1836
35454.4	-30.127
35465.2	-30.0843
35476	-30.1176
35486.7	-32.4056
35497.5	-24.3699
35508.3	-37.0268
35519	-29.6398
35529.8	-29.8537
35540.6	-29.8379
35551.3	-29.7996
35562.1	-29.7635
35572.9	-29.7598
35583.6	-30.1745
35594.4	-26.5039
35605.2	-32.9723
35615.9	-29.0879
35626.7	-29.5684
35637.5	-29.5738
35648.2	-29.5459
35659	-29.5132
35669.8	-29.4801
35680.5	-29.4444
35691.3	-29.1416
35702.1	-28.4023
35712.8	-29.3053
35723.6	-29.3275
35734.4	-29.2977
35745.1	-29.2694
35755.9	-29.2419
35766.7	-29.2169
35777.4	-29.2075
35788.2	-30.1605
35799	-26.6216
35809.7	-30.5361
35820.5	-29.0653
35831.2	-29.067
35842	-29.0441
35852.8	-29.0192
35863.5	-28.9981
35874.3	-29.0036
35885.1	-29.4705
35895.8	-26.6642
35906.6	-31.3485
35917.4	-28.6942
35928.1	-28.8743
35938.9	-28.869
35949.7	-28.8474
35960.4	-28.8241
35971.2	-28.806
35982	-28.8446
35992.7	-27.8494
36003.5	-29.5069
36014.3	-28.4708
36025	-28.6854
36035.8	-28.6751
36046.6	-28.654
36057.3	-28.6312
36068.1	-28.6078
36078.9	-28.5808
36089.6	-29.0293
36100.4	-27.2138
36111.2	-28.9245
36121.9	-28.4953
36132.7	-28.469
36143.5	-28.4456
36154.2	-28.4232
36165	-28.4043
36175.8	-28.4092
36186.5	-29.0373
36197.3	-26.1601
36208.1	-30.1169
36218.8	-28.2168
36229.6	-28.2855
36240.4	-28.2717
36251.1	-28.2496
36261.9	-28.2287
36272.7	-28.2235
36283.4	-28.4231
36294.2	-26.4661
36305	-30.1221
36315.7	-27.8383
36326.5	-28.1021
36337.3	-28.0999
36348	-28.0791
36358.8	-28.0552
36369.6	-28.031
36380.3	-28.009
36391.1	-27.7221
36401.9	-27.5546
36412.6	-27.8377
36423.4	-27.9069
36434.2	-27.8832
36444.9	-27.8581
36455.7	-27.8329
36466.5	-27.8098
36477.2	-27.8038
36488	-28.7289
36498.8	-25.1046
36509.5	-29.1483
36520.3	-27.6507
36531.1	-27.6558
36541.8	-27.6301
36552.6	-27.6016
36563.4	-27.5788
36574.1	-27.5994
36584.9	-28.3754
36595.7	-24.0023
36606.4	-32.2304
36617.2	-27.0962
36628	-27.428
36638.7	-27.4266
36649.5	-27.3955
36660.3	-27.3616
36671	-27.3434
36681.8	-27.5017
36692.6	-24.4091
36703.3	-28.7123
36714.1	-26.3149
36724.9	-27.1273
36735.6	-27.1262
36746.4	-27.0849
36757.2	-27.0353
36767.9	-26.9813
36778.7	-26.9192
36789.5	-26.501
36800.2	-21.513
36811	-26.4307
36821.8	-26.6609
36832.5	-26.5772
36843.3	-26.4913
36854.1	-26.4042
36864.8	-26.3387
36875.6	-26.4609
36886.4	-31.095
36897.1	-15.0922
36907.9	-24.8399
36918.7	-25.0851
36929.4	-25.6251
36940.2	-25.4865
36951	-25.2809
36961.7	-25.1548
36972.5	-25.7083
36983.3	-42.6104
36994	-4.88209
37004.8	-5.97958
37015.6	-16.3744
37026.3	-23.4406
37037.1	-23.6665
37047.9	-23.2256
37058.6	-23.2784
37069.4	-26.6749
37080.2	-9.70665
37090.9	20.1159
37101.7	25.076
37112.5	14.9872
37123.2	-19.1069
37134	-23.0644
37144.8	-21.4844
37155.5	-21.6716
37166.3	-22.1852
37177.1	-22.9916
37187.8	-26.3597
37198.6	-7.75908
37209.4	-18.3045
37220.1	-23.5898
37230.9	-24.4994
37241.7	-24.7676
37252.4	-24.9302
37263.2	-25.0672
37274	-25.2806
37284.7	-27.048
37295.5	-17.4633
37306.3	-25.5354
37317	-24.5007
37327.8	-25.557
37338.6	-25.683
37349.3	-25.7214
37360.1	-25.7401
37370.9	-25.7526
37381.6	-25.7649
37392.4	-24.0618
37403.2	-23.3832
37413.9	-25.459
37424.7	-25.7642
37435.5	-25.768
37446.2	-25.764
37457	-25.7574
37467.8	-25.7487
37478.5	-25.7365
37489.3	-27.2398
37500.1	-22.3223
37510.8	-27.1426
37521.6	-25.6872
37532.4	-25.6693
37543.1	-25.6522
37553.9	-25.6353
37564.7	-25.6227
37575.4	-25.6428
37586.2	-26.4594
37597	-22.7373
37607.7	-28.2934
37618.5	-25.3987
37629.3	-25.5289
37640	-25.522
37650.8	-25.5011
37661.6	-25.4793
37672.3	-25.4678
37683.1	-25.5881
37693.9	-24.0891
37704.6	-26.7269
37715.4	-25.1232
37726.2	-25.3408
37736.9	-25.3323
37747.7	-25.3088
37758.5	-25.2826
37769.2	-25.255
37780	-25.2207
37790.8	-25.3559
37801.5	-24.5306
37812.3	-25.2514
37823.1	-25.1192
37833.8	-25.0876
37844.6	-25.0587
37855.4	-25.0302
37866.1	-25.0032
37876.9	-24.9879
37887.7	-25.4893
37898.4	-23.3896
37909.2	-25.8191
37920	-24.8337
37930.7	-24.8302
37941.5	-24.8018
37952.3	-24.7706
37963	-24.7408
37973.8	-24.7243
37984.6	-24.9206
37995.3	-23.3624
38006.1	-25.9339
38016.9	-24.4513
38027.6	-24.5549
38038.4	-24.5325
38049.2	-24.4994
38059.9	-24.4646
38070.7	-24.4311
38081.5	-24.417
38092.2	-23.9714
38103	-24.6978
38113.8	-24.1605
38124.5	-24.2463
38135.3	-24.2143
38146.1	-24.1769
38156.8	-24.1384
38167.6	-24.0993
38178.4	-24.0603
38189.1	-24.3602
38199.9	-23.0899
38210.7	-24.2826
38221.4	-23.8953
38232.2	-23.8534
38243	-23.8103
38253.7	-23.767
38264.5	-23.7253
38275.3	-23.6987
38286	-24.0135
38296.8	-22.1755
38307.6	-24.7235
38318.3	-23.4312
38329.1	-23.4588
38339.9	-23.4169
38350.6	-23.3678
38361.4	-23.3181
38372.2	-23.276
38382.9	-23.335
38393.7	-22.1455
38404.5	-24.3222
38415.2	-22.8529
38426	-23.0002
38436.8	-22.9564
38447.5	-22.8994
38458.3	-22.8394
38469.1	-22.7777
38479.8	-22.7143
38490.6	-22.5939
38501.4	-22.3288
38512.1	-22.4943
38522.9	-22.4494
38533.7	-22.379
38544.4	-22.307
38555.2	-22.2334
38566	-22.1601
38576.7	-22.0999
38587.5	-22.6188
38598.3	-20.0947
38609	-22.9221
38619.8	-21.7205
38630.6	-21.6664
38641.3	-21.5767
38652.1	-21.4812
38662.9	-21.3866
38673.6	-21.3174
38684.4	-21.6813
38695.2	-18.5995
38705.9	-24.0815
38716.7	-20.5609
38727.5	-20.7378
38738.2	-20.6344
38749	-20.5035
38759.8	-20.3651
38770.5	-20.2303
38781.3	-20.1886
38792.1	-17.9735
38802.8	-21.4545
38813.6	-18.8834
38824.4	-19.3777
38835.1	-19.2115
38845.9	-19.008
38856.7	-18.7884
38867.4	-18.5549
38878.2	-18.3097
38889	-18.0059
38899.7	-13.821
38910.5	-17.3013
38921.3	-17.119
38932	-16.7679
38942.8	-16.3871
38953.6	-15.9822
38964.3	-15.5791
38975.1	-15.3633
38985.9	-19.254
38996.6	-2.88795
39007.4	-11.4908
39018.2	-11.9405
39028.9	-12.0775
39039.7	-11.4199
39050.5	-10.8933
39061.2	-11.4377
39072	-24.3191
39082.8	8.50289
39093.5	28.5526
39104.3	29.973
39115.1	15.2484
39125.8	-14.8301
39136.6	-14.4641
39147.4	-13.0189
39158.1	-13.5684
39168.9	-14.4745
39179.7	-15.2604
39190.4	-20.0983
39201.2	-6.03788
39212	-25.2111
39222.7	-18.9474
39233.5	-19.4383
39244.3	-20.0222
39255	-20.5708
39265.8	-21.0741
39276.6	-21.5728
39287.3	-23.3525
39298.1	-15.7893
39308.9	-24.4928
39319.6	-22.7057
39330.4	-23.1312
39341.2	-23.3583
39351.9	-23.5351
39362.7	-23.6805
39373.5	-23.803
39384.2	-23.9155
39395	-21.9089
39405.8	-23.0791
39416.5	-23.9524
39427.3	-24.1338
39438.1	-24.1709
39448.8	-24.1874
39459.6	-24.1911
39470.4	-24.1782
39481.1	-24.0827
39491.9	-25.277
39502.7	-21.7801
39513.4	-24.5765
39524.2	-24.0752
39535	-24.0192
39545.7	-23.9785
39556.5	-23.9378
39567.3	-23.8959
39578	-23.8593
39588.8	-24.9967
39599.6	-21.296
39610.3	-25.0725
39621.1	-23.6442
39631.9	-23.6009
39642.6	-23.5473
39653.4	-23.4921
39664.2	-23.4386
39674.9	-23.4022
39685.7	-23.7189
39696.5	-21.6554
39707.2	-24.6053
39718	-23.0604
39728.8	-23.1044
39739.5	-23.0546
39750.3	-22.9957
39761.1	-22.9354
39771.8	-22.8769
39782.6	-22.8444
39793.4	-22.3722
39804.1	-22.9598
39814.9	-22.5539
39825.7	-22.5686
39836.4	-22.5115
39847.2	-22.4501
39858	-22.3877
39868.7	-22.3241
39879.5	-22.2535
39890.3	-22.574
39901	-21.3446
39911.8	-22.3298
39922.6	-22.0099
39933.3	-21.9413
39944.1	-21.8764
39954.9	-21.8121
39965.6	-21.749
39976.4	-21.6957
39987.2	-21.9721
39997.9	-20.4669
40008.7	-22.2109
40019.5	-21.3986
40030.2	-21.3607
40041	-21.2965
40051.8	-21.2292
40062.5	-21.1622
40073.3	-21.1011
40084.1	-21.1307
40094.8	-20.2894
40105.6	-21.549
40116.4	-20.737
40127.1	-20.7505
40137.9	-20.686
40148.7	-20.615
40159.4	-20.5425
40170.2	-20.4691
40181	-20.3939
40191.7	-20.321
40202.5	-20.1541
40213.3	-20.1747
40224	-20.094
40234.8	-20.0166
40245.6	-19.9388
40256.3	-19.8602
40267.1	-19.7812
40277.9	-19.7043
40288.6	-19.9414
40299.4	-18.7328
40310.2	-19.8423
40320.9	-19.3671
40331.7	-19.286
40342.5	-19.2
40353.2	-19.1127
40364	-19.0256
40374.8	-18.9475
40385.5	-19.0582
40396.3	-17.8365
40407.1	-19.4423
40417.8	-18.5104
40428.6	-18.4754
40439.4	-18.383
40450.1	-18.2839
40460.9	-18.1828
40471.7	-18.0829
40482.4	-18.0142
40493.2	-17.4507
40504	-18.2115
40514.7	-17.555
40525.5	-17.5375
40536.3	-17.4282
40547	-17.3116
40557.8	-17.1918
40568.6	-17.0688
40579.3	-16.9391
40590.1	-17.0637
40600.9	-16.0836
40611.6	-16.732
40622.4	-16.415
40633.2	-16.2716
40643.9	-16.127
40654.7	-15.9793
40665.5	-15.8299
40676.2	-15.691
40687	-15.9931
40697.8	-13.8762
40708.5	-16.2028
40719.3	-14.9683
40730.1	-14.8304
40740.8	-14.6472
40751.6	-14.454
40762.4	-14.256
40773.1	-14.0668
40783.9	-14.0869
40794.7	-12.0625
40805.4	-15.0742
40816.2	-12.9367
40827	-12.8941
40837.7	-12.6453
40848.5	-12.3701
40859.3	-12.0795
40870	-11.7753
40880.8	-11.467
40891.6	-10.5331
40902.3	-10.4447
40913.1	-10.1978
40923.9	-9.97026
40934.6	-9.54462
40945.4	-9.08547
40956.2	-8.59359
40966.9	-8.06911
40977.7	-7.53504
40988.5	-9.09658
40999.2	-0.581279
41010	-7.80877
41020.8	-4.69101
41031.5	-3.92516
41042.3	-3.16971
41053.1	-2.73556
41063.8	-4.08095
41074.6	-7.98052
41085.4	25.0772
41096.1	39.0674
41106.9	37.0599
41117.7	16.02
41128.4	-29.7523
41139.2	-5.17662
41150	-4.56925
41160.7	-5.28143
41171.5	-6.24149
41182.3	-6.92753
41193	-11.0263
41203.8	-3.60769
41214.6	-11.5988
41225.3	-11.0556
41236.1	-11.7862
41246.9	-12.5611
41257.6	-13.318
41268.4	-14.0496
41279.2	-14.7567
41289.9	-15.0203
41300.7	-14.2484
41311.5	-16.4812
41322.2	-17.3756
41333	-17.9853
41343.8	-18.5819
41354.5	-19.1644
41365.3	-19.73
41376	-20.255
41386.8	-19.9688
41397.6	-23.2833
41408.3	-19.7731
41419.1	-22.4562
41429.9	-22.8425
41440.6	-23.3001
41451.4	-23.7466
41462.2	-24.1674
41472.9	-24.5303
41483.7	-24.4273
41494.5	-29.6335
41505.2	-22.2578
41516	-26.3927
41526.8	-26.0768
41537.5	-26.2363
41548.3	-26.3929
41559.1	-26.5144
41569.8	-26.588
41580.6	-26.5288
41591.4	-29.5077
41602.1	-23.3256
41612.9	-27.7847
41623.7	-26.5197
41634.4	-26.3829
41645.2	-26.2605
41656	-26.1262
41666.7	-25.9804
41677.5	-25.8364
41688.3	-26.6395
41699	-23.1761
41709.8	-26.6719
41720.6	-25.0905
41731.3	-24.9233
41742.1	-24.7335
41752.9	-24.5401
41763.6	-24.3471
41774.4	-24.1625
41785.2	-24.1248
41795.9	-22.8546
41806.7	-24.2248
41817.5	-23.3251
41828.2	-23.2032
41839	-23.0223
41849.8	-22.8375
41860.5	-22.6532
41871.3	-22.4688
41882.1	-22.2678
41892.8	-22.2927
41903.6	-21.5718
41914.4	-21.811
41925.1	-21.5849
41935.9	-21.4101
41946.7	-21.2394
41957.4	-21.0704
41968.2	-20.9023
41979	-20.7317
41989.7	-21.0164
42000.5	-19.5171
42011.3	-20.5997
42022	-20.0834
42032.8	-19.9191
42043.6	-19.7584
42054.3	-19.599
42065.1	-19.4414
42075.9	-19.2922
42086.6	-19.3435
42097.4	-18.214
42108.2	-19.333
42118.9	-18.6338
42129.7	-18.5045
42140.5	-18.3512
42151.2	-18.1955
42162	-18.0398
42172.8	-17.886
42183.5	-17.7565
42194.3	-17.3481
42205.1	-17.6162
42215.8	-17.2285
42226.6	-17.1037
42237.4	-16.9489
42248.1	-16.7915
42258.9	-16.6331
42269.7	-16.4733
42280.4	-16.3053
42291.2	-16.3551
42302	-15.6369
42312.7	-15.9292
42323.5	-15.6692
42334.3	-15.5023
42345	-15.3371
42355.8	-15.1713
42366.6	-15.0048
42377.3	-14.841
42388.1	-14.9036
42398.9	-13.8675
42409.6	-14.6593
42420.4	-14.1437
42431.2	-13.9746
42441.9	-13.7974
42452.7	-13.6179
42463.5	-13.4369
42474.2	-13.2585
42485	-13.1519
42495.8	-12.456
42506.5	-13.0433
42517.3	-12.4659
42528.1	-12.3043
42538.8	-12.109
42549.6	-11.9082
42560.4	-11.7039
42571.1	-11.4962
42581.9	-11.2816
42592.7	-11.1072
42603.4	-10.765
42614.2	-10.6456
42625	-10.4073
42635.7	-10.177
42646.5	-9.94298
42657.3	-9.7044
42668	-9.46072
42678.8	-9.21012
42689.6	-9.27265
42700.3	-8.04416
42711.1	-8.69605
42721.9	-8.16134
42732.6	-7.88089
42743.4	-7.59466
42754.2	-7.30129
42764.9	-7.00127
42775.7	-6.70166
42786.5	-6.60977
42797.2	-5.21418
42808	-6.28185
42818.8	-5.32773
42829.5	-4.99623
42840.3	-4.62336
42851.1	-4.23382
42861.8	-3.82927
42872.6	-3.41135
42883.4	-3.01141
42894.1	-2.14063
42904.9	-2.28458
42915.7	-1.48034
42926.4	-0.997922
42937.2	-0.442223
42948	0.148367
42958.7	0.775741
42969.5	1.44695
42980.3	2.19699
42991	1.97697
43001.8	5.39638
43012.6	4.15119
43023.3	5.49069
43034.1	6.42152
43044.9	7.24009
43055.6	7.5182
43066.4	4.45586
43077.2	13.5449
43087.9	49.5471
43098.7	58.9484
43109.5	53.4161
43120.2	20.4638
43131	1.41482
43141.8	7.66658
43152.5	7.74083
43163.3	7.04022
43174.1	6.19761
43184.8	5.53589
43195.6	3.43273
43206.4	4.9236
43217.1	2.93418
43227.9	2.40199
43238.7	1.8028
43249.4	1.23422
43260.2	0.700381
43271	0.198099
43281.7	-0.28737
43292.5	-0.479103
43303.3	-1.39212
43314	-1.45495
43324.8	-1.90915
43335.6	-2.27122
43346.3	-2.61252
43357.1	-2.93733
43367.9	-3.2474
43378.6	-3.5446
43389.4	-3.52738
43400.2	-4.84338
43410.9	-4.05792
43421.7	-4.60899
43432.5	-4.85028
43443.2	-5.08151
43454	-5.30379
43464.8	-5.51717
43475.5	-5.71844
43486.3	-5.81204
43497.1	-6.56366
43507.8	-5.98681
43518.6	-6.49326
43529.4	-6.64541
43540.1	-6.80957
43550.9	-6.96991
43561.7	-7.12511
43572.4	-7.27501
43583.2	-7.41851
43594	-7.56302
43604.7	-7.67619
43615.5	-7.82739
43626.3	-7.95285
43637	-8.07499
43647.8	-8.19309
43658.6	-8.3073
43669.3	-8.4182
43680.1	-8.53038
43690.9	-8.45213
43701.6	-9.05102
43712.4	-8.72
43723.2	-8.91389
43733.9	-9.00589
43744.7	-9.09216
43755.5	-9.17485
43766.2	-9.25404
43777	-9.32777
43787.8	-9.29011
43798.5	-9.82905
43809.3	-9.35244
43820.1	-9.61127
43830.8	-9.66786
43841.6	-9.72662
43852.4	-9.78323
43863.1	-9.83711
43873.9	-9.88739
43884.7	-9.91973
43895.4	-10.0753
43906.2	-9.93888
43917	-10.0766
43927.7	-10.1062
43938.5	-10.1416
43949.3	-10.1752
43960	-10.2067
43970.8	-10.2366
43981.6	-10.2716
43992.3	-10.1607
44003.1	-10.489
44013.9	-10.2858
44024.6	-10.3455
44035.4	-10.3626
44046.2	-10.3754
44056.9	-10.3858
44067.7	-10.3937
44078.5	-10.3994
44089.2	-10.2645

