0	62.9714
10.7666	55.5591
21.5332	-14.7231
32.2998	-18.2392
43.0664	-19.5492
53.833	-20.1703
64.5996	-20.4578
75.3662	-20.238
86.1328	-12.7548
96.8994	-3.89797
107.666	-5.33887
118.433	-22.0571
129.199	-20.7102
139.966	-20.5579
150.732	-20.5521
161.499	-20.5716
172.266	-20.6247
183.032	-20.9958
193.799	-14.1893
204.565	-16.0674
215.332	-19.4903
226.099	-20.599
236.865	-20.6471
247.632	-20.6379
258.398	-20.6195
269.165	-20.6094
279.932	-20.7049
290.698	-17.122
301.465	-32.6207
312.231	-18.2849
322.998	-20.4377
333.765	-20.4663
344.531	-20.4398
355.298	-20.4039
366.064	-20.3618
376.831	-20.2924
387.598	-19.2059
398.364	-23.2726
409.131	-18.3862
419.897	-20.1974
430.664	-20.0929
441.431	-20.0407
452.197	-19.9935
462.964	-19.9466
473.73	-19.9018
484.497	-19.8933
495.264	-19.1282
506.03	-19.7538
516.797	-19.6535
527.563	-19.642
538.33	-19.5901
549.097	-19.5343
559.863	-19.4782
570.63	-19.4281
581.396	-19.4488
592.163	-18.1164
602.93	-21.2282
613.696	-18.7487
624.463	-19.1156
635.229	-19.0719
645.996	-19.0093
656.763	-18.9431
667.529	-18.8753
678.296	-18.8048
689.062	-18.1311
699.829	-20.2444
710.596	-17.968
721.362	-18.525
732.129	-18.4499
742.896	-18.3758
753.662	-18.3008
764.429	-18.2246
775.195	-18.1456
785.962	-18.0237
796.729	-18.0656
807.495	-17.7509
818.262	-17.8365
829.028	-17.747
839.795	-17.6633
850.562	-17.5795
861.328	-17.4955
872.095	-17.4157
882.861	-17.3954
893.628	-16.6117
904.395	-17.8872
915.161	-16.9335
925.928	-16.9694
936.694	-16.8856
947.461	-16.7935
958.228	-16.6994
968.994	-16.6054
979.761	-16.5222
990.527	-15.9001
1001.29	-17.3566
1012.06	-15.8904
1022.83	-16.1081
1033.59	-16.013
1044.36	-15.9105
1055.13	-15.8058
1065.89	-15.6994
1076.66	-15.5884
1087.43	-15.3572
1098.19	-15.7274
1108.96	-15.0335
1119.73	-15.1558
1130.49	-15.0342
1141.26	-14.918
1152.03	-14.8013
1162.79	-14.6838
1173.56	-14.5684
1184.33	-14.5022
1195.09	-13.9509
1205.86	-14.5124
1216.63	-14.0338
1227.39	-13.9456
1238.16	-13.8193
1248.93	-13.6885
1259.69	-13.556
1270.46	-13.4246
1281.23	-13.3209
1291.99	-12.613
1302.76	-13.8674
1313.53	-12.6648
1324.29	-12.718
1335.06	-12.5796
1345.83	-12.4314
1356.59	-12.2796
1367.36	-12.1251
1378.12	-11.9668
1388.89	-11.5477
1399.66	-12.2808
1410.42	-11.2011
1421.19	-11.3161
1431.96	-11.1439
1442.72	-10.9702
1453.49	-10.7936
1464.26	-10.6138
1475.02	-10.4319
1485.79	-10.2691
1496.56	-9.88748
1507.32	-9.92568
1518.09	-9.6533
1528.86	-9.45729
1539.62	-9.25046
1550.39	-9.03859
1561.16	-8.82282
1571.92	-8.60793
1582.69	-8.45489
1593.46	-7.44078
1604.22	-8.78577
1614.99	-7.51357
1625.76	-7.41076
1636.52	-7.16153
1647.29	-6.89683
1658.06	-6.62347
1668.82	-6.34331
1679.59	-6.06764
1690.36	-5.10639
1701.12	-6.77484
1711.89	-4.71065
1722.66	-4.78658
1733.42	-4.44994
1744.19	-4.09317
1754.96	-3.72103
1765.72	-3.33252
1776.49	-2.92267
1787.26	-2.33487
1798.02	-2.32962
1808.79	-1.27475
1819.56	-1.11342
1830.32	-0.586951
1841.09	-0.0398455
1851.86	0.538433
1862.62	1.14916
1873.39	1.77786
1884.16	2.15462
1894.92	5.34126
1905.69	2.49285
1916.46	5.10391
1927.22	5.78909
1937.99	6.65356
1948.75	7.33777
1959.52	7.05473
1970.29	-3.13525
1981.05	23.5714
1991.82	49.2912
2002.59	53.0293
2013.35	41.4676
2024.12	9.23732
2034.89	5.39766
2045.65	7.52098
2056.42	7.14112
2067.19	6.32383
2077.95	5.42332
2088.72	3.62124
2099.49	6.55427
2110.25	1.67482
2121.02	2.24898
2131.79	1.56065
2142.55	0.928355
2153.32	0.336791
2164.09	-0.218899
2174.85	-0.738923
2185.62	-1.13817
2196.39	-1.96533
2207.15	-1.68122
2217.92	-2.61284
2228.69	-2.99007
2239.45	-3.37716
2250.22	-3.75082
2260.99	-4.10916
2271.75	-4.44731
2282.52	-4.69623
2293.29	-6.06927
2304.05	-4.29037
2314.82	-5.94648
2325.59	-6.00415
2336.35	-6.27031
2347.12	-6.54086
2357.89	-6.80546
2368.65	-7.06216
2379.42	-7.30424
2390.19	-8.05081
2400.95	-6.8374
2411.72	-8.39991
2422.49	-8.25561
2433.25	-8.47017
2444.02	-8.68506
2454.79	-8.89594
2465.55	-9.10262
2476.32	-9.30657
2487.08	-9.55221
2497.85	-9.46729
2508.62	-9.98574
2519.38	-10.0702
2530.15	-10.2589
2540.92	-10.4398
2551.68	-10.6169
2562.45	-10.7903
2573.22	-10.9566
2583.98	-11.0602
2594.75	-11.7487
2605.52	-10.987
2616.28	-11.6782
2627.05	-11.7747
2637.82	-11.9261
2648.58	-12.0797
2659.35	-12.2317
2670.12	-12.3794
2680.88	-12.5023
2691.65	-13.2051
2702.42	-12.0254
2713.18	-13.194
2723.95	-13.1073
2734.72	-13.2381
2745.48	-13.3754
2756.25	-13.5124
2767.02	-13.6486
2777.78	-13.7856
2788.55	-14.1188
2799.32	-13.4966
2810.08	-14.4441
2820.85	-14.3075
2831.62	-14.4399
2842.38	-14.5683
2853.15	-14.6953
2863.92	-14.8211
2874.68	-14.9445
2885.45	-15.0353
2896.22	-15.3161
2906.98	-15.1684
2917.75	-15.4495
2928.52	-15.5608
2939.28	-15.6812
2950.05	-15.8019
2960.82	-15.9214
2971.58	-16.036
2982.35	-16.0998
2993.12	-16.9208
3003.88	-15.6125
3014.65	-16.6732
3025.42	-16.6309
3036.18	-16.7388
3046.95	-16.8549
3057.71	-16.9718
3068.48	-17.0881
3079.25	-17.1973
3090.01	-17.8657
3100.78	-16.3872
3111.55	-17.9811
3122.31	-17.6742
3133.08	-17.7848
3143.85	-17.9004
3154.61	-18.0167
3165.38	-18.1339
3176.15	-18.2557
3186.91	-18.5076
3197.68	-17.8849
3208.45	-18.9162
3219.21	-18.7045
3229.98	-18.839
3240.75	-18.9583
3251.51	-19.0759
3262.28	-19.1923
3273.05	-19.303
3283.81	-19.3375
3294.58	-20.0263
3305.35	-18.992
3316.11	-19.8498
3326.88	-19.8895
3337.65	-19.9999
3348.41	-20.1148
3359.18	-20.2286
3369.95	-20.3356
3380.71	-20.3854
3391.48	-22.0028
3402.25	-18.6555
3413.01	-21.4128
3423.78	-20.8857
3434.55	-20.9634
3445.31	-21.0572
3456.08	-21.1499
3466.85	-21.2401
3477.61	-21.3403
3488.38	-22.7422
3499.15	-18.5349
3509.91	-23.4432
3520.68	-21.5532
3531.45	-21.6188
3542.21	-21.6466
3552.98	-21.658
3563.75	-21.6578
3574.51	-21.671
3585.28	-22.2193
3596.04	-18.4859
3606.81	-23.9602
3617.58	-21.1295
3628.34	-21.2511
3639.11	-21.1204
3649.88	-20.9418
3660.64	-20.7325
3671.41	-20.5017
3682.18	-20.325
3692.94	-17.7835
3703.71	-19.3599
3714.48	-18.7668
3725.24	-18.8803
3736.01	-18.4996
3746.78	-18.0675
3757.54	-17.6032
3768.31	-17.1084
3779.08	-16.5725
3789.84	-16.0093
3800.61	-11.5117
3811.38	-14.8639
3822.14	-14.2246
3832.91	-13.553
3843.68	-12.8533
3854.44	-12.1228
3865.21	-11.3742
3875.98	-10.7073
3886.74	-12.917
3897.51	-0.943869
3908.28	-11.0405
3919.04	-6.61378
3929.81	-5.85935
3940.58	-4.90739
3951.34	-4.26028
3962.11	-5.25263
3972.88	-13.1305
3983.64	19.9696
3994.41	37.5497
4005.18	37.8417
4015.94	21.0935
4026.71	-16.7354
4037.48	-3.23154
4048.24	-2.32992
4059.01	-2.82684
4069.78	-3.56748
4080.54	-4.13693
4091.31	-7.69927
4102.08	2.13493
4112.84	-9.28364
4123.61	-7.10541
4134.38	-7.53223
4145.14	-8.02073
4155.91	-8.48875
4166.67	-8.92743
4177.44	-9.33651
4188.21	-9.45252
4198.97	-8.64836
4209.74	-9.88918
4220.51	-10.7427
4231.27	-11.0452
4242.04	-11.3324
4252.81	-11.6047
4263.57	-11.8604
4274.34	-12.0813
4285.11	-11.9011
4295.87	-14.8467
4306.64	-10.9074
4317.41	-13.1607
4328.17	-13.1688
4338.94	-13.3423
4349.71	-13.524
4360.47	-13.7
4371.24	-13.8595
4382.01	-13.8983
4392.77	-15.9952
4403.54	-12.3568
4414.31	-14.9867
4425.07	-14.6416
4435.84	-14.7552
4446.61	-14.888
4457.37	-15.0204
4468.14	-15.1494
4478.91	-15.2717
4489.67	-15.8331
4500.44	-14.436
4511.21	-16.0258
4521.97	-15.7486
4532.74	-15.8561
4543.51	-15.9637
4554.27	-16.069
4565.04	-16.1715
4575.81	-16.2673
4586.57	-16.2415
4597.34	-16.8045
4608.11	-16.2103
4618.87	-16.6696
4629.64	-16.744
4640.41	-16.832
4651.17	-16.9197
4661.94	-17.0046
4672.71	-17.0787
4683.47	-17.0325
4694.24	-18.3598
4705	-16.2502
4715.77	-17.579
4726.54	-17.4838
4737.3	-17.5477
4748.07	-17.6215
4758.84	-17.6955
4769.6	-17.7661
4780.37	-17.8122
4791.14	-18.6184
4801.9	-16.8416
4812.67	-18.4163
4823.44	-18.1218
4834.2	-18.1774
4844.97	-18.2422
4855.74	-18.3076
4866.5	-18.3726
4877.27	-18.4386
4888.04	-18.5924
4898.8	-18.1719
4909.57	-18.7606
4920.34	-18.6824
4931.1	-18.7468
4941.87	-18.807
4952.64	-18.8661
4963.4	-18.9233
4974.17	-18.9725
4984.94	-18.8981
4995.7	-19.7907
5006.47	-18.5068
5017.24	-19.2631
5028	-19.2552
5038.77	-19.3044
5049.54	-19.3578
5060.3	-19.4106
5071.07	-19.4564
5081.84	-19.4338
5092.6	-20.6427
5103.37	-18.3155
5114.14	-19.9818
5124.9	-19.7193
5135.67	-19.7531
5146.44	-19.8007
5157.2	-19.8501
5167.97	-19.8991
5178.74	-19.9453
5189.5	-20.5205
5200.27	-18.8605
5211.04	-20.5802
5221.8	-20.1402
5232.57	-20.1845
5243.33	-20.2305
5254.1	-20.2763
5264.87	-20.3215
5275.63	-20.3648
5286.4	-20.3577
5297.17	-20.395
5307.93	-20.3116
5318.7	-20.5481
5329.47	-20.5869
5340.23	-20.6298
5351	-20.6725
5361.77	-20.7125
5372.53	-20.7383
5383.3	-20.5934
5394.07	-22.4447
5404.83	-19.223
5415.6	-21.1749
5426.37	-20.9431
5437.13	-20.9624
5447.9	-20.9977
5458.67	-21.0338
5469.43	-21.0631
5480.2	-21.0346
5490.97	-23.2108
5501.73	-18.3559
5512.5	-22.2893
5523.27	-21.2405
5534.03	-21.2396
5544.8	-21.263
5555.57	-21.2889
5566.33	-21.316
5577.1	-21.3593
5587.87	-22.2137
5598.63	-18.429
5609.4	-22.7361
5620.17	-21.3731
5630.93	-21.4243
5641.7	-21.4338
5652.47	-21.4341
5663.23	-21.4264
5674	-21.4014
5684.77	-21.1243
5695.53	-19.7154
5706.3	-19.1688
5717.07	-21.3208
5727.83	-21.2444
5738.6	-21.1805
5749.37	-21.104
5760.13	-21.0027
5770.9	-20.8346
5781.67	-20.1801
5792.43	-21.8417
5803.2	-12.7677
5813.96	-21.8915
5824.73	-19.9271
5835.5	-19.5514
5846.26	-19.2135
5857.03	-18.8355
5867.8	-18.3984
5878.56	-17.8719
5889.33	-18.1807
5900.1	-2.99168
5910.86	-19.1007
5921.63	-15.1936
5932.4	-14.3385
5943.16	-13.5461
5953.93	-13.1441
5964.7	-14.9635
5975.46	-11.4694
5986.23	19.2729
5997	31.5479
6007.76	28.3849
6018.53	4.20497
6029.3	-19.9544
6040.06	-12.2607
6050.83	-11.9706
6061.6	-12.5273
6072.36	-13.0277
6083.13	-10.9847
6093.9	-4.48565
6104.66	0.0505472
6115.43	-22.7754
6126.2	-16.1905
6136.96	-16.1479
6147.73	-16.4794
6158.5	-16.8447
6169.26	-17.1852
6180.03	-17.4176
6190.8	-17.3446
6201.56	-10.851
6212.33	-19.0881
6223.1	-18.5898
6233.86	-18.7474
6244.63	-18.9392
6255.4	-19.1246
6266.16	-19.2967
6276.93	-19.4386
6287.7	-18.5212
6298.46	-18.9216
6309.23	-17.882
6320	-20.0623
6330.76	-20.1449
6341.53	-20.2593
6352.29	-20.3714
6363.06	-20.4728
6373.83	-20.5291
6384.59	-19.9764
6395.36	-25.6832
6406.13	-17.6656
6416.89	-21.3326
6427.66	-20.9925
6438.43	-21.0375
6449.19	-21.1109
6459.96	-21.1848
6470.73	-21.2439
6481.49	-21.1686
6492.26	-23.9035
6503.03	-18.584
6513.79	-22.3416
6524.56	-21.5889
6535.33	-21.6109
6546.09	-21.6645
6556.86	-21.7216
6567.63	-21.778
6578.39	-21.8336
6589.16	-22.1785
6599.93	-20.6832
6610.69	-22.3015
6621.46	-22.0396
6632.23	-22.089
6642.99	-22.1369
6653.76	-22.1834
6664.53	-22.227
6675.29	-22.2567
6686.06	-21.9957
6696.83	-23.4322
6707.59	-21.409
6718.36	-22.4971
6729.13	-22.4748
6739.89	-22.5094
6750.66	-22.5488
6761.43	-22.5862
6772.19	-22.6085
6782.96	-22.4581
6793.73	-24.6761
6804.49	-20.8741
6815.26	-23.1219
6826.03	-22.7998
6836.79	-22.8117
6847.56	-22.8439
6858.33	-22.8784
6869.09	-22.9106
6879.86	-22.9209
6890.62	-23.8707
6901.39	-21.3942
6912.16	-23.603
6922.92	-23.0837
6933.69	-23.1026
6944.46	-23.1326
6955.22	-23.1638
6965.99	-23.195
6976.76	-23.2251
6987.52	-23.2028
6998.29	-23.0862
7009.06	-23.1857
7019.82	-23.3483
7030.59	-23.3771
7041.36	-23.4068
7052.12	-23.436
7062.89	-23.4625
7073.66	-23.4731
7084.42	-23.2506
7095.19	-25.1762
7105.96	-22.1495
7116.72	-23.7636
7127.49	-23.6182
7138.26	-23.6316
7149.02	-23.6574
7159.79	-23.6836
7170.56	-23.701
7181.32	-23.6296
7192.09	-25.5369
7202.86	-21.6437
7213.62	-24.4261
7224.39	-23.8429
7235.16	-23.8416
7245.92	-23.8638
7256.69	-23.8894
7267.46	-23.9157
7278.22	-23.9439
7288.99	-24.4586
7299.76	-22.4305
7310.52	-24.5539
7321.29	-24.0418
7332.06	-24.0698
7342.82	-24.0953
7353.59	-24.12
7364.36	-24.1426
7375.12	-24.151
7385.89	-23.8494
7396.66	-24.9778
7407.42	-23.0372
7418.19	-24.3285
7428.96	-24.2806
7439.72	-24.2989
7450.49	-24.3229
7461.25	-24.3433
7472.02	-24.3358
7482.79	-24.0096
7493.55	-28.7214
7504.32	-20.9857
7515.09	-25.2085
7525.85	-24.4671
7536.62	-24.4429
7547.39	-24.4605
7558.15	-24.4832
7568.92	-24.4995
7579.69	-24.4528
7590.45	-27.697
7601.22	-19.8203
7611.99	-26.6793
7622.75	-24.6362
7633.52	-24.6174
7644.29	-24.6346
7655.05	-24.6571
7665.82	-24.6818
7676.59	-24.7158
7687.35	-24.4094
7698.12	-19.9593
7708.89	-23.2628
7719.65	-24.7799
7730.42	-24.8396
7741.19	-24.8704
7751.95	-24.8945
7762.72	-24.8961
7773.49	-24.7608
7784.25	-22.7071
7795.02	-19.7387
7805.79	-15.3879
7816.55	-26.3944
7827.32	-24.9081
7838.09	-24.7996
7848.85	-24.7943
7859.62	-24.7554
7870.39	-24.4537
7881.15	-22.0588
7891.92	-11.3816
7902.69	-4.98622
7913.45	-23.4243
7924.22	-24.4107
7934.99	-23.5335
7945.75	-23.3279
7956.52	-23.3205
7967.29	-23.9914
7978.05	-25.7335
7988.82	18.9133
7999.58	26.9873
8010.35	20.154
8021.12	-19.4499
8031.88	-26.4581
8042.65	-27.086
8053.42	-27.1781
8064.18	-27.0116
8074.95	-25.6472
8085.72	-11.9867
8096.48	-0.216948
8107.25	-2.11707
8118.02	-26.0362
8128.78	-26.2079
8139.55	-25.6662
8150.32	-25.6505
8161.08	-25.6886
8171.85	-25.5244
8182.62	-23.2768
8193.38	-18.8526
8204.15	-11.9519
8214.92	-36.819
8225.68	-25.9196
8236.45	-25.5744
8247.22	-25.5687
8257.98	-25.6105
8268.75	-25.6467
8279.52	-25.5741
8290.28	-28.5664
8301.05	-17.1251
8311.82	-29.1502
8322.58	-25.8917
8333.35	-25.8479
8344.12	-25.8702
8354.88	-25.9002
8365.65	-25.9304
8376.42	-25.9561
8387.18	-25.4582
8397.95	-22.7773
8408.72	-24.3504
8419.48	-26.0779
8430.25	-26.1006
8441.02	-26.1275
8451.78	-26.1538
8462.55	-26.1731
8473.32	-26.1496
8484.08	-25.5379
8494.85	-30.3159
8505.62	-22.4552
8516.38	-26.8242
8527.15	-26.2859
8537.92	-26.2663
8548.68	-26.2855
8559.45	-26.3085
8570.21	-26.3171
8580.98	-26.1813
8591.75	-30.1036
8602.51	-22.5147
8613.28	-27.8015
8624.05	-26.4583
8634.81	-26.4297
8645.58	-26.4465
8656.35	-26.4699
8667.11	-26.4951
8677.88	-26.5268
8688.65	-27.1537
8699.41	-24.3174
8710.18	-27.3081
8720.95	-26.609
8731.71	-26.6428
8742.48	-26.6679
8753.25	-26.6915
8764.01	-26.7127
8774.78	-26.7191
8785.55	-26.4262
8796.31	-27.6131
8807.08	-25.476
8817.85	-26.9117
8828.61	-26.8444
8839.38	-26.8605
8850.15	-26.8842
8860.91	-26.9062
8871.68	-26.9099
8882.45	-26.7077
8893.21	-29.8771
8903.98	-24.294
8914.75	-27.6396
8925.51	-27.0443
8936.28	-27.033
8947.05	-27.0539
8957.81	-27.0793
8968.58	-27.1033
8979.35	-27.1069
8990.11	-28.5837
9000.88	-24.5875
9011.65	-28.2674
9022.41	-27.2454
9033.18	-27.2567
9043.95	-27.282
9054.71	-27.3094
9065.48	-27.3375
9076.25	-27.3672
9087.01	-27.3743
9097.78	-26.626
9108.54	-27.265
9119.31	-27.4797
9130.08	-27.515
9140.84	-27.5467
9151.61	-27.5778
9162.38	-27.6055
9173.14	-27.6102
9183.91	-27.2946
9194.68	-30.1422
9205.44	-25.3466
9216.21	-28.0886
9226.98	-27.7833
9237.74	-27.7921
9248.51	-27.8246
9259.28	-27.8593
9270.04	-27.8823
9280.81	-27.7855
9291.58	-31.3024
9302.34	-24.3463
9313.11	-29.3765
9323.88	-28.0952
9334.64	-28.0888
9345.41	-28.1247
9356.18	-28.1677
9366.94	-28.2145
9377.71	-28.2745
9388.48	-29.1719
9399.24	-25.1024
9410.01	-29.4389
9420.78	-28.445
9431.54	-28.5185
9442.31	-28.5759
9453.08	-28.6323
9463.84	-28.6861
9474.61	-28.7139
9485.38	-28.1589
9496.14	-28.5971
9506.91	-26.0086
9517.68	-29.1747
9528.44	-29.0647
9539.21	-29.1249
9549.98	-29.2035
9560.74	-29.2788
9571.51	-29.2992
9582.28	-28.6991
9593.04	-40.5523
9603.81	-22.4743
9614.58	-32.1826
9625.34	-29.8373
9636.11	-29.8266
9646.88	-29.935
9657.64	-30.0668
9668.41	-30.1987
9679.17	-30.2399
9689.94	-33.6316
9700.71	-19.8935
9711.47	-35.3811
9722.24	-31.1503
9733.01	-31.2906
9743.77	-31.533
9754.54	-31.8155
9765.31	-32.1399
9776.07	-32.5265
9786.84	-26.8989
9797.61	-16.5103
9808.37	-20.5642
9819.14	-34.3191
9829.91	-35.4753
9840.67	-36.4908
9851.44	-37.7197
9862.21	-38.9643
9872.97	-38.007
9883.74	-24.087
9894.51	-8.19419
9905.27	-7.79453
9916.04	-25.034
9926.81	-40.0596
9937.57	-37.1276
9948.34	-34.9153
9959.11	-35.5753
9969.87	-32.6199
9980.64	-8.09458
9991.41	18.4278
10002.2	22.8082
10012.9	11.8362
10023.7	-26.8896
10034.5	-20.8087
10045.2	-19.5003
10056	-19.711
10066.8	-20.2218
10077.5	-21.0939
10088.3	-8.00831
10099.1	2.0516
10109.8	-4.95644
10120.6	-21.8099
10131.4	-22.8477
10142.1	-23.2149
10152.9	-23.4773
10163.7	-23.689
10174.4	-23.7823
10185.2	-21.3237
10196	-13.9467
10206.7	-13.9453
10217.5	-24.96
10228.3	-24.627
10239	-24.6894
10249.8	-24.8073
10260.6	-24.918
10271.3	-24.9528
10282.1	-24.2452
10292.9	-31.9754
10303.6	-16.7789
10314.4	-28.8099
10325.2	-25.4871
10335.9	-25.4058
10346.7	-25.4644
10357.5	-25.5409
10368.2	-25.6139
10379	-25.6503
10389.8	-29.8347
10400.5	-19.6329
10411.3	-29.3651
10422.1	-25.97
10432.8	-25.9989
10443.6	-26.0521
10454.4	-26.1071
10465.1	-26.162
10475.9	-26.2227
10486.7	-26.3023
10497.4	-23.8428
10508.2	-25.8511
10519	-26.3841
10529.7	-26.4621
10540.5	-26.5105
10551.3	-26.5545
10562	-26.5928
10572.8	-26.6031
10583.6	-26.2602
10594.3	-29.2638
10605.1	-23.7071
10615.9	-27.2334
10626.6	-26.8066
10637.4	-26.8092
10648.2	-26.8415
10658.9	-26.8765
10669.7	-26.9014
10680.5	-26.832
10691.2	-30.0544
10702	-23.424
10712.8	-28.4525
10723.5	-27.0896
10734.3	-27.0787
10745.1	-27.105
10755.8	-27.1364
10766.6	-27.1702
10777.4	-27.2164
10788.1	-27.9693
10798.9	-24.8733
10809.7	-28.3275
10820.4	-27.3071
10831.2	-27.3619
10842	-27.3944
10852.7	-27.4239
10863.5	-27.4512
10874.3	-27.4683
10885	-27.2989
10895.8	-27.8623
10906.6	-26.431
10917.3	-27.6622
10928.1	-27.6145
10938.9	-27.6363
10949.6	-27.664
10960.4	-27.6901
10971.2	-27.7004
10981.9	-27.5446
10992.7	-30.4654
11003.5	-24.9725
11014.2	-28.5441
11025	-27.8511
11035.8	-27.8411
11046.5	-27.8641
11057.3	-27.8919
11068.1	-27.9194
11078.8	-27.9375
11089.6	-29.6507
11100.4	-24.9731
11111.1	-29.5138
11121.9	-28.0671
11132.7	-28.0865
11143.4	-28.1138
11154.2	-28.1425
11165	-28.1726
11175.7	-28.2108
11186.5	-28.3833
11197.3	-26.7563
11208	-28.4227
11218.8	-28.2945
11229.6	-28.3602
11240.3	-28.3955
11251.1	-28.4275
11261.9	-28.4558
11272.6	-28.4627
11283.4	-28.1924
11294.2	-30.4779
11304.9	-25.8911
11315.7	-28.9999
11326.5	-28.6364
11337.2	-28.6423
11348	-28.6743
11358.8	-28.7088
11369.5	-28.7318
11380.3	-28.6425
11391.1	-33.2308
11401.8	-24.2414
11412.6	-30.9637
11423.4	-28.9459
11434.1	-28.9291
11444.9	-28.9621
11455.7	-29.0037
11466.4	-29.0521
11477.2	-29.1364
11488	-30.9097
11498.7	-24.1774
11509.5	-31.772
11520.3	-29.2313
11531	-29.3564
11541.8	-29.4166
11552.6	-29.47
11563.3	-29.522
11574.1	-29.5657
11584.9	-29.2667
11595.6	-25.9825
11606.4	-26.1645
11617.2	-29.8143
11627.9	-29.8846
11638.7	-29.9528
11649.5	-30.0249
11660.2	-30.0877
11671	-30.0834
11681.8	-29.3898
11692.5	-29.5523
11703.3	-20.5465
11714.1	-33.2742
11724.8	-30.5197
11735.6	-30.4364
11746.4	-30.4959
11757.1	-30.5727
11767.9	-30.6403
11778.7	-30.6384
11789.4	-28.915
11800.2	-15.1114
11811	-29.7683
11821.7	-30.8415
11832.5	-30.7285
11843.3	-30.6251
11854	-30.4994
11864.8	-30.4714
11875.6	-31.5877
11886.3	-22.2593
11897.1	-6.72081
11907.9	-11.7374
11918.6	-25.1086
11929.4	-27.5682
11940.2	-26.8849
11950.9	-26.1543
11961.7	-27.0676
11972.5	-27.4463
11983.2	-0.744389
11994	17.65
12004.8	18.5329
12015.5	2.57665
12026.3	-32.3116
12037.1	-20.7919
12047.8	-20.0404
12058.6	-20.4062
12069.4	-20.7777
12080.1	-19.3891
12090.9	-3.19035
12101.7	3.06938
12112.4	-8.72186
12123.2	-23.828
12134	-22.8777
12144.7	-23.0134
12155.5	-23.2783
12166.3	-23.5576
12177	-23.879
12187.8	-21.0873
12198.6	-11.383
12209.3	-17.7481
12220.1	-24.5075
12230.9	-24.8547
12241.6	-25.0324
12252.4	-25.1799
12263.2	-25.3022
12273.9	-25.3355
12284.7	-24.0166
12295.5	-22.3681
12306.2	-18.7438
12317	-26.4863
12327.8	-25.8842
12338.5	-25.9085
12349.3	-25.9868
12360.1	-26.064
12370.8	-26.0981
12381.6	-25.7231
12392.4	-38.5382
12403.1	-19.7378
12413.9	-29.0392
12424.7	-26.4786
12435.4	-26.4253
12446.2	-26.4681
12457	-26.5234
12467.7	-26.5789
12478.5	-26.6314
12489.3	-29.0275
12500	-21.9369
12510.8	-29.1567
12521.6	-26.8261
12532.3	-26.8688
12543.1	-26.9108
12553.9	-26.9514
12564.6	-26.9907
12575.4	-27.0281
12586.2	-26.9579
12596.9	-25.7221
12607.7	-26.3611
12618.5	-27.1703
12629.2	-27.2075
12640	-27.2413
12650.8	-27.2738
12661.5	-27.3017
12672.3	-27.3051
12683.1	-27.0239
12693.8	-30.1721
12704.6	-24.4506
12715.4	-27.969
12726.1	-27.4572
12736.9	-27.4477
12747.7	-27.4698
12758.4	-27.4952
12769.2	-27.5143
12780	-27.4751
12790.7	-30.1171
12801.5	-24.2075
12812.3	-29.06
12823	-27.6516
12833.8	-27.6406
12844.6	-27.6584
12855.3	-27.6802
12866.1	-27.7042
12876.9	-27.7417
12887.6	-28.2911
12898.4	-25.6462
12909.2	-28.6545
12919.9	-27.7844
12930.7	-27.8385
12941.5	-27.8622
12952.2	-27.8819
12963	-27.8989
12973.8	-27.9033
12984.5	-27.7109
12995.3	-28.5768
13006.1	-26.5816
13016.8	-28.0999
13027.6	-27.998
13038.4	-28.0057
13049.1	-28.0222
13059.9	-28.0377
13070.7	-28.0392
13081.4	-27.9014
13092.2	-30.8775
13103	-25.0557
13113.7	-29.0128
13124.5	-28.1342
13135.3	-28.1095
13146	-28.1198
13156.8	-28.1352
13167.6	-28.1516
13178.3	-28.1713
13189.1	-29.761
13199.9	-25.0181
13210.6	-29.8899
13221.4	-28.2244
13232.2	-28.2429
13242.9	-28.2574
13253.7	-28.2713
13264.5	-28.2859
13275.2	-28.3065
13286	-28.3954
13296.8	-26.8203
13307.5	-28.1926
13318.3	-28.3233
13329.1	-28.374
13339.8	-28.3915
13350.6	-28.4054
13361.4	-28.4146
13372.1	-28.3994
13382.9	-28.0997
13393.7	-30.807
13404.4	-25.1424
13415.2	-29.0381
13426	-28.4693
13436.7	-28.4424
13447.5	-28.4491
13458.3	-28.4591
13469	-28.459
13479.8	-28.3692
13490.6	-33.7111
13501.3	-23.1123
13512.1	-31.441
13522.9	-28.5321
13533.6	-28.4836
13544.4	-28.4831
13555.2	-28.49
13565.9	-28.5048
13576.7	-28.5715
13587.5	-30.3437
13598.2	-22.5528
13609	-31.0085
13619.8	-28.4255
13630.5	-28.5694
13641.3	-28.5869
13652.1	-28.5884
13662.8	-28.5831
13673.6	-28.5573
13684.4	-28.0114
13695.1	-23.3589
13705.9	-22.9451
13716.7	-28.5399
13727.4	-28.5274
13738.2	-28.5043
13749	-28.4844
13759.7	-28.4448
13770.5	-28.3097
13781.2	-27.3403
13792	-23.8571
13802.8	-15.5835
13813.5	-31.5786
13824.3	-28.0758
13835.1	-27.7379
13845.8	-27.591
13856.6	-27.4535
13867.4	-27.3132
13878.1	-27.3032
13888.9	-17.9882
13899.7	-6.54215
13910.4	-16.9077
13921.2	-25.6861
13932	-25.3926
13942.7	-24.924
13953.5	-24.6471
13964.3	-25.6591
13975	-26.6052
13985.8	3.38927
13996.6	16.4857
14007.3	13.8545
14018.1	-8.57677
14028.9	-30.7902
14039.6	-27.0306
14050.4	-26.8439
14061.2	-27.1969
14071.9	-25.9223
14082.7	-15.7135
14093.5	0.990831
14104.2	3.11839
14115	-13.427
14125.8	-28.9864
14136.5	-26.0041
14147.3	-25.8804
14158.1	-26.103
14168.8	-26.3313
14179.6	-26.1624
14190.4	-19.8302
14201.1	-10.5086
14211.9	-24.4118
14222.7	-27.5153
14233.4	-27.3575
14244.2	-27.4429
14255	-27.5521
14265.7	-27.6613
14276.5	-27.7906
14287.3	-26.5924
14298	-18.5314
14308.8	-23.5327
14319.6	-27.9787
14330.3	-28.164
14341.1	-28.238
14351.9	-28.2956
14362.6	-28.3366
14373.4	-28.306
14384.2	-27.2799
14394.9	-27.8476
14405.7	-22.2929
14416.5	-29.2756
14427.2	-28.5302
14438	-28.5
14448.8	-28.5269
14459.5	-28.5568
14470.3	-28.5571
14481.1	-28.2761
14491.8	-38.0665
14502.6	-22.4993
14513.4	-31.3804
14524.1	-28.734
14534.9	-28.661
14545.7	-28.6719
14556.4	-28.6946
14567.2	-28.7204
14578	-28.7599
14588.7	-30.6055
14599.5	-24.313
14610.3	-30.9673
14621	-28.8119
14631.8	-28.8517
14642.6	-28.8721
14653.3	-28.8894
14664.1	-28.9051
14674.9	-28.9153
14685.6	-28.7595
14696.4	-27.9295
14707.2	-27.8397
14717.9	-29.0006
14728.7	-28.995
14739.5	-29.0079
14750.2	-29.0222
14761	-29.0329
14771.8	-29.0202
14782.5	-28.7491
14793.3	-32.2162
14804.1	-25.7899
14814.8	-29.7899
14825.6	-29.0955
14836.4	-29.0648
14847.1	-29.0715
14857.9	-29.0831
14868.7	-29.091
14879.4	-29.062
14890.2	-31.6377
14901	-25.4987
14911.7	-30.8777
14922.5	-29.1618
14933.3	-29.1454
14944	-29.1521
14954.8	-29.1621
14965.6	-29.1747
14976.3	-29.2025
14987.1	-29.6434
14997.9	-27.0095
15008.6	-29.9617
15019.4	-29.1881
15030.2	-29.2457
15040.9	-29.2607
15051.7	-29.2706
15062.5	-29.277
15073.2	-29.2672
15084	-29.0244
15094.8	-30.2598
15105.5	-27.3644
15116.3	-29.5136
15127.1	-29.316
15137.8	-29.3082
15148.6	-29.3151
15159.4	-29.322
15170.1	-29.3151
15180.9	-29.1775
15191.7	-32.7827
15202.4	-25.6438
15213.2	-30.6661
15224	-29.3725
15234.7	-29.3315
15245.5	-29.3325
15256.3	-29.3398
15267	-29.3501
15277.8	-29.3767
15288.6	-31.0464
15299.3	-25.5983
15310.1	-31.501
15320.9	-29.3701
15331.6	-29.4025
15342.4	-29.412
15353.2	-29.4188
15363.9	-29.4252
15374.7	-29.4334
15385.5	-29.392
15396.2	-27.6559
15407	-28.5025
15417.8	-29.4362
15428.5	-29.4675
15439.3	-29.4766
15450.1	-29.4836
15460.8	-29.4848
15471.6	-29.4527
15482.4	-29.0586
15493.1	-33.02
15503.9	-24.6453
15514.7	-30.5827
15525.4	-29.4951
15536.2	-29.4349
15547	-29.4312
15557.7	-29.4343
15568.5	-29.4294
15579.3	-29.3495
15590	-37.9109
15600.8	-22.145
15611.6	-35.0816
15622.3	-29.4716
15633.1	-29.4128
15643.9	-29.4047
15654.6	-29.4049
15665.4	-29.4177
15676.2	-29.513
15686.9	-30.8607
15697.7	-20.8603
15708.5	-28.5638
15719.2	-29.1933
15730	-29.479
15740.8	-29.5084
15751.5	-29.5077
15762.3	-29.4882
15773.1	-29.384
15783.8	-27.6595
15794.6	-19.4991
15805.4	-17.9964
15816.1	-29.6155
15826.9	-29.3617
15837.7	-29.2626
15848.4	-29.2279
15859.2	-29.1544
15870	-28.833
15880.7	-26.5829
15891.5	-13.8357
15902.3	-7.57136
15913	-22.5138
15923.8	-28.6209
15934.6	-27.6784
15945.3	-27.435
15956.1	-27.3873
15966.9	-28
15977.6	-34.9999
15988.4	6.00603
15999.2	14.8564
16009.9	8.51308
16020.7	-23.1268
16031.5	-30.5988
16042.2	-31.8609
16053	-31.8493
16063.8	-31.7929
16074.5	-30.8226
16085.3	-9.71427
16096.1	4.18084
16106.8	2.29271
16117.6	-18.6801
16128.4	-31.2242
16139.1	-30.3469
16149.9	-30.2665
16160.7	-30.3218
16171.4	-30.0207
16182.2	-26.5133
16193	-15.55
16203.7	-11.015
16214.5	-31.5415
16225.3	-30.6064
16236	-29.8893
16246.8	-29.8373
16257.6	-29.8757
16268.3	-29.9097
16279.1	-29.8033
16289.9	-31.4666
16300.6	-17.0732
16311.4	-34.9833
16322.2	-30.1549
16332.9	-30.0574
16343.7	-30.0619
16354.5	-30.0791
16365.2	-30.1039
16376	-30.1756
16386.8	-30.4582
16397.5	-22.506
16408.3	-27.9729
16419.1	-30.0208
16429.8	-30.2287
16440.6	-30.2611
16451.4	-30.2746
16462.1	-30.2775
16472.9	-30.2362
16483.7	-29.5918
16494.4	-30.0896
16505.2	-25.0683
16516	-30.9078
16526.7	-30.2938
16537.5	-30.2518
16548.3	-30.255
16559	-30.2619
16569.8	-30.2495
16580.6	-30.0523
16591.3	-37.2386
16602.1	-24.5084
16612.9	-33.0029
16623.6	-30.3256
16634.4	-30.2528
16645.2	-30.25
16655.9	-30.2577
16666.7	-30.2705
16677.5	-30.3105
16688.2	-32.1178
16699	-25.849
16709.8	-32.8411
16720.5	-30.2775
16731.3	-30.3348
16742.1	-30.3478
16752.8	-30.3554
16763.6	-30.3619
16774.4	-30.3666
16785.1	-30.2871
16795.9	-29.1299
16806.7	-29.3337
16817.4	-30.3963
16828.2	-30.404
16839	-30.4113
16849.7	-30.4191
16860.5	-30.4237
16871.3	-30.408
16882	-30.1793
16892.8	-33.4071
16903.6	-26.9456
16914.3	-31.2858
16925.1	-30.4573
16935.9	-30.4192
16946.6	-30.4209
16957.4	-30.4283
16968.2	-30.4344
16978.9	-30.4228
16989.7	-33.1217
17000.5	-26.4446
17011.2	-32.6998
17022	-30.483
17032.8	-30.4741
17043.5	-30.4794
17054.3	-30.487
17065.1	-30.498
17075.8	-30.5301
17086.6	-31.0333
17097.4	-27.8715
17108.1	-31.4746
17118.9	-30.4729
17129.7	-30.5647
17140.4	-30.5824
17151.2	-30.5922
17162	-30.5981
17172.7	-30.5873
17183.5	-30.3522
17194.3	-31.3899
17205	-28.1944
17215.8	-30.9003
17226.6	-30.6388
17237.3	-30.6278
17248.1	-30.6355
17258.9	-30.6441
17269.6	-30.6398
17280.4	-30.5158
17291.2	-34.9584
17301.9	-26.0886
17312.7	-32.6467
17323.5	-30.7152
17334.2	-30.6692
17345	-30.6725
17355.8	-30.6838
17366.5	-30.7014
17377.3	-30.7552
17388.1	-32.8982
17398.8	-25.8061
17409.6	-33.9946
17420.4	-30.7158
17431.1	-30.8004
17441.9	-30.8223
17452.7	-30.8372
17463.4	-30.8521
17474.2	-30.8725
17485	-30.8372
17495.7	-27.7117
17506.5	-28.9197
17517.3	-30.8629
17528	-30.9606
17538.8	-30.9863
17549.6	-31.008
17560.3	-31.0224
17571.1	-30.993
17581.9	-30.5065
17592.6	-33.4455
17603.4	-23.8692
17614.2	-33.0531
17624.9	-31.1408
17635.7	-31.0609
17646.5	-31.0752
17657.2	-31.1037
17668	-31.1299
17678.8	-31.1111
17689.5	-46.5549
17700.3	-20.3376
17711.1	-50.7519
17721.8	-31.3318
17732.6	-31.3252
17743.4	-31.3617
17754.1	-31.4125
17764.9	-31.5019
17775.7	-31.8238
17786.4	-31.3659
17797.2	-17.0226
17808	-22.8735
17818.7	-31.0071
17829.5	-32.1976
17840.3	-32.4378
17851	-32.5889
17861.8	-32.708
17872.6	-32.6011
17883.3	-26.5988
17894.1	-10.8492
17904.9	-9.84324
17915.6	-26.011
17926.4	-34.2258
17937.2	-34.4094
17947.9	-34.818
17958.7	-34.6464
17969.5	-31.4214
17980.2	-19.096
17991	7.61762
18001.8	12.6798
18012.5	2.24679
18023.3	-38.2125
18034.1	-26.8225
18044.8	-26.0277
18055.6	-26.105
18066.4	-26.5899
18077.1	-29.2279
18087.9	-3.57224
18098.7	6.43097
18109.4	0.598237
18120.2	-24.3284
18131	-28.9914
18141.7	-29.7188
18152.5	-29.8747
18163.3	-29.9065
18174	-29.8369
18184.8	-24.7367
18195.6	-11.8714
18206.3	-12.8933
18217.1	-28.3952
18227.9	-29.991
18238.6	-29.9751
18249.4	-30.0029
18260.2	-30.0212
18270.9	-29.9303
18281.7	-28.7763
18292.5	-25.5102
18303.2	-17.4527
18314	-34.9199
18324.8	-30.1569
18335.5	-29.9048
18346.3	-29.8945
18357.1	-29.9188
18367.8	-29.9462
18378.6	-29.9579
18389.4	-40.9038
18400.1	-20.5793
18410.9	-40.7831
18421.7	-30.0743
18432.4	-30.0777
18443.2	-30.093
18454	-30.1099
18464.7	-30.1329
18475.5	-30.1998
18486.3	-30.9566
18497	-24.6126
18507.8	-30.1435
18518.6	-30.0295
18529.3	-30.2581
18540.1	-30.2933
18550.9	-30.3088
18561.6	-30.3167
18572.4	-30.2992
18583.2	-29.9603
18593.9	-30.6924
18604.7	-26.4021
18615.5	-30.8108
18626.2	-30.3626
18637	-30.3377
18647.8	-30.3442
18658.5	-30.3537
18669.3	-30.3521
18680.1	-30.2481
18690.8	-35.0116
18701.6	-25.3958
18712.4	-32.7951
18723.1	-30.4271
18733.9	-30.3797
18744.7	-30.3812
18755.4	-30.39
18766.2	-30.4045
18777	-30.4525
18787.7	-32.0063
18798.5	-26.3846
18809.3	-33.1116
18820	-30.393
18830.8	-30.4787
18841.6	-30.4954
18852.3	-30.5042
18863.1	-30.5117
18873.9	-30.5209
18884.6	-30.521
18895.4	-29.2629
18906.2	-29.7667
18916.9	-30.5186
18927.7	-30.5595
18938.5	-30.5698
18949.2	-30.5782
18960	-30.5838
18970.8	-30.5739
18981.5	-30.41
18992.3	-33.0903
19003.1	-27.2085
19013.8	-31.4885
19024.6	-30.6239
19035.4	-30.5891
19046.1	-30.5911
19056.9	-30.5985
19067.7	-30.607
19078.4	-30.6169
19089.2	-33.1686
19100	-26.5083
19110.7	-33.2412
19121.5	-30.6434
19132.3	-30.6523
19143	-30.6593
19153.8	-30.6666
19164.6	-30.6778
19175.3	-30.7157
19186.1	-31.2824
19196.9	-27.7333
19207.6	-31.9887
19218.4	-30.6042
19229.2	-30.7461
19239.9	-30.7678
19250.7	-30.7775
19261.5	-30.7831
19272.2	-30.7746
19283	-30.5894
19293.8	-31.1319
19304.5	-28.1493
19315.3	-31.0878
19326	-30.8212
19336.8	-30.8092
19347.6	-30.8158
19358.3	-30.8236
19369.1	-30.8212
19379.9	-30.7262
19390.6	-35.4622
19401.4	-25.6031
19412.2	-33.4587
19422.9	-30.8907
19433.7	-30.844
19444.5	-30.8455
19455.2	-30.855
19466	-30.8744
19476.8	-30.956
19487.5	-33.6985
19498.3	-24.8563
19509.1	-36.0017
19519.8	-30.8129
19530.6	-30.978
19541.4	-31.0059
19552.1	-31.0189
19562.9	-31.0326
19573.7	-31.0662
19584.4	-31.2054
19595.2	-25.9923
19606	-28.0833
19616.7	-30.801
19627.5	-31.1325
19638.3	-31.1707
19649	-31.19
19659.8	-31.1982
19670.6	-31.158
19681.3	-30.6424
19692.1	-29.3585
19702.9	-21.5876
19713.6	-33.1242
19724.4	-31.2685
19735.2	-31.1487
19745.9	-31.1444
19756.7	-31.1569
19767.5	-31.1771
19778.2	-31.2496
19789	-32.0709
19799.8	-16.2443
19810.5	-30.673
19821.3	-31.1255
19832.1	-31.171
19842.8	-31.1468
19853.6	-31.1269
19864.4	-31.2238
19875.1	-32.2248
19885.9	-25.5111
19896.7	-9.17808
19907.4	-13.4502
19918.2	-27.3076
19929	-31.2988
19939.7	-31.5348
19950.5	-31.3312
19961.3	-31.5734
19972	-31.6529
19982.8	-10.9781
19993.6	8.42314
20004.3	9.86004
20015.1	-5.19545
20025.9	-32.6917
20036.6	-28.5002
20047.4	-27.9727
20058.2	-28.2192
20068.9	-27.9124
20079.7	-23.2384
20090.5	1.82803
20101.2	7.84426
20112	-2.02659
20122.8	-32.0845
20133.5	-27.6665
20144.3	-27.3813
20155.1	-27.5149
20165.8	-27.7573
20176.6	-28.3371
20187.4	-22.614
20198.1	-9.65192
20208.9	-16.2671
20219.7	-27.7461
20230.4	-28.8952
20241.2	-29.1122
20252	-29.2132
20262.7	-29.2804
20273.5	-29.2983
20284.3	-28.0655
20295	-19.9536
20305.8	-19.6801
20316.6	-29.408
20327.3	-29.5733
20338.1	-29.5868
20348.9	-29.6263
20359.6	-29.6602
20370.4	-29.6441
20381.2	-29.1652
20391.9	-33.3836
20402.7	-20.8788
20413.5	-33.5172
20424.2	-29.8536
20435	-29.7287
20445.8	-29.7344
20456.5	-29.7587
20467.3	-29.7881
20478.1	-29.8421
20488.8	-35.3654
20499.6	-22.7236
20510.4	-36.5429
20521.1	-29.8719
20531.9	-29.9247
20542.7	-29.9447
20553.4	-29.9605
20564.2	-29.9794
20575	-30.0281
20585.7	-30.5507
20596.5	-26.0575
20607.3	-30.4154
20618	-29.8823
20628.8	-30.0826
20639.6	-30.1123
20650.3	-30.1256
20661.1	-30.1328
20671.9	-30.1214
20682.6	-29.8964
20693.4	-31.0964
20704.2	-26.8752
20714.9	-30.6204
20725.7	-30.1731
20736.5	-30.1498
20747.2	-30.1542
20758	-30.1615
20768.8	-30.163
20779.5	-30.1114
20790.3	-33.6348
20801.1	-25.784
20811.8	-32.435
20822.6	-30.216
20833.4	-30.185
20844.1	-30.1857
20854.9	-30.1913
20865.7	-30.2022
20876.4	-30.2475
20887.2	-31.4506
20898	-26.6302
20908.7	-32.7108
20919.5	-30.152
20930.3	-30.2567
20941	-30.2719
20951.8	-30.2771
20962.6	-30.2806
20973.3	-30.2847
20984.1	-30.2785
20994.9	-29.2781
21005.6	-29.5125
21016.4	-30.2676
21027.2	-30.302
21037.9	-30.3071
21048.7	-30.3109
21059.5	-30.3123
21070.2	-30.3016
21081	-30.1767
21091.8	-32.6557
21102.5	-26.9376
21113.3	-31.2944
21124.1	-30.3268
21134.8	-30.2888
21145.6	-30.2853
21156.4	-30.2871
21167.1	-30.2918
21177.9	-30.3139
21188.7	-32.6205
21199.4	-26.15
21210.2	-33.2084
21221	-30.2811
21231.7	-30.3072
21242.5	-30.31
21253.3	-30.3105
21264	-30.3145
21274.8	-30.3462
21285.6	-30.8633
21296.3	-27.2634
21307.1	-31.614
21317.9	-30.1581
21328.6	-30.3372
21339.4	-30.354
21350.2	-30.3554
21360.9	-30.3519
21371.7	-30.3345
21382.5	-30.1595
21393.2	-30.5971
21404	-27.2736
21414.8	-30.664
21425.5	-30.3298
21436.3	-30.303
21447.1	-30.2973
21457.8	-30.2932
21468.6	-30.2816
21479.4	-30.2076
21490.1	-35.328
21500.9	-24.3555
21511.7	-33.7222
21522.4	-30.2764
21533.2	-30.222
21544	-30.2072
21554.7	-30.1993
21565.5	-30.2042
21576.3	-30.2979
21587	-33.414
21597.8	-23.1295
21608.6	-36.558
21619.3	-29.9353
21630.1	-30.1997
21640.9	-30.2146
21651.6	-30.2017
21662.4	-30.1877
21673.2	-30.201
21683.9	-30.3549
21694.7	-23.3699
21705.5	-25.1154
21716.2	-29.4678
21727	-30.0826
21737.8	-30.0932
21748.5	-30.0671
21759.3	-30.0218
21770.1	-29.9153
21780.8	-29.2772
21791.6	-24.2513
21802.4	-17.1371
21813.1	-30.2014
21823.9	-29.6646
21834.7	-29.4036
21845.4	-29.2846
21856.2	-29.1808
21867	-29.1073
21877.7	-29.346
21888.5	-21.0882
21899.3	-8.78151
21910	-18.2536
21920.8	-27.7931
21931.6	-27.9339
21942.3	-27.6568
21953.1	-27.4507
21963.9	-27.9932
21974.6	-34.1401
21985.4	-5.74507
21996.2	8.49606
22006.9	6.28344
22017.7	-13.8923
22028.5	-31.8732
22039.2	-36.9305
22050	-37.6212
22060.8	-36.9305
22071.5	-31.8732
22082.3	-13.8923
22093.1	6.28344
22103.8	8.49606
22114.6	-5.74507
22125.4	-34.1401
22136.1	-27.9932
22146.9	-27.4507
22157.7	-27.6568
22168.4	-27.9339
22179.2	-27.7931
22190	-18.2536
22200.7	-8.78151
22211.5	-21.0882
22222.3	-29.346
22233	-29.1073
22243.8	-29.1808
22254.6	-29.2846
22265.3	-29.4036
22276.1	-29.6646
22286.9	-30.2014
22297.6	-17.1371
22308.4	-24.2513
22319.2	-29.2772
22329.9	-29.9153
22340.7	-30.0218
22351.5	-30.0671
22362.2	-30.0932
22373	-30.0826
22383.8	-29.4678
22394.5	-25.1154
22405.3	-23.3699
22416.1	-30.3549
22426.8	-30.201
22437.6	-30.1877
22448.4	-30.2017
22459.1	-30.2146
22469.9	-30.1997
22480.7	-29.9353
22491.4	-36.558
22502.2	-23.1295
22513	-33.414
22523.7	-30.2979
22534.5	-30.2042
22545.3	-30.1993
22556	-30.2072
22566.8	-30.222
22577.6	-30.2764
22588.3	-33.7222
22599.1	-24.3555
22609.9	-35.328
22620.6	-30.2076
22631.4	-30.2816
22642.2	-30.2932
22652.9	-30.2973
22663.7	-30.303
22674.5	-30.3298
22685.2	-30.664
22696	-27.2736
22706.8	-30.5971
22717.5	-30.1595
22728.3	-30.3345
22739.1	-30.3519
22749.8	-30.3554
22760.6	-30.354
22771.4	-30.3372
22782.1	-30.1581
22792.9	-31.614
22803.7	-27.2634
22814.4	-30.8633
22825.2	-30.3462
22836	-30.3145
22846.7	-30.3105
22857.5	-30.31
22868.3	-30.3072
22879	-30.2811
22889.8	-33.2084
22900.6	-26.15
22911.3	-32.6205
22922.1	-30.3139
22932.9	-30.2918
22943.6	-30.2871
22954.4	-30.2853
22965.2	-30.2888
22975.9	-30.3268
22986.7	-31.2944
22997.5	-26.9376
23008.2	-32.6557
23019	-30.1767
23029.8	-30.3016
23040.5	-30.3123
23051.3	-30.3109
23062.1	-30.3071
23072.8	-30.302
23083.6	-30.2676
23094.4	-29.5125
23105.1	-29.2781
23115.9	-30.2785
23126.7	-30.2847
23137.4	-30.2806
23148.2	-30.2771
23159	-30.2719
23169.7	-30.2567
23180.5	-30.152
23191.3	-32.7108
23202	-26.6302
23212.8	-31.4506
23223.6	-30.2475
23234.3	-30.2022
23245.1	-30.1913
23255.9	-30.1857
23266.6	-30.185
23277.4	-30.216
23288.2	-32.435
23298.9	-25.784
23309.7	-33.6348
23320.5	-30.1114
23331.2	-30.163
23342	-30.1615
23352.8	-30.1542
23363.5	-30.1498
23374.3	-30.1731
23385.1	-30.6204
23395.8	-26.8752
23406.6	-31.0964
23417.4	-29.8964
23428.1	-30.1214
23438.9	-30.1328
23449.7	-30.1256
23460.4	-30.1123
23471.2	-30.0826
23482	-29.8823
23492.7	-30.4154
23503.5	-26.0575
23514.3	-30.5507
23525	-30.0281
23535.8	-29.9794
23546.6	-29.9605
23557.3	-29.9447
23568.1	-29.9247
23578.9	-29.8719
23589.6	-36.5429
23600.4	-22.7236
23611.2	-35.3654
23621.9	-29.8421
23632.7	-29.7881
23643.5	-29.7587
23654.2	-29.7344
23665	-29.7287
23675.8	-29.8536
23686.5	-33.5172
23697.3	-20.8788
23708.1	-33.3836
23718.8	-29.1652
23729.6	-29.6441
23740.4	-29.6602
23751.1	-29.6263
23761.9	-29.5868
23772.7	-29.5733
23783.4	-29.408
23794.2	-19.6801
23805	-19.9536
23815.7	-28.0655
23826.5	-29.2983
23837.3	-29.2804
23848	-29.2132
23858.8	-29.1122
23869.6	-28.8952
23880.3	-27.7461
23891.1	-16.2671
23901.9	-9.65192
23912.6	-22.614
23923.4	-28.3371
23934.2	-27.7573
23944.9	-27.5149
23955.7	-27.3813
23966.5	-27.6665
23977.2	-32.0845
23988	-2.02659
23998.8	7.84426
24009.5	1.82803
24020.3	-23.2384
24031.1	-27.9124
24041.8	-28.2192
24052.6	-27.9727
24063.4	-28.5002
24074.1	-32.6917
24084.9	-5.19545
24095.7	9.86004
24106.4	8.42314
24117.2	-10.9781
24128	-31.6529
24138.7	-31.5734
24149.5	-31.3312
24160.3	-31.5348
24171	-31.2988
24181.8	-27.3076
24192.6	-13.4502
24203.3	-9.17808
24214.1	-25.5111
24224.9	-32.2248
24235.6	-31.2238
24246.4	-31.1269
24257.2	-31.1468
24267.9	-31.171
24278.7	-31.1255
24289.5	-30.673
24300.2	-16.2443
24311	-32.0709
24321.8	-31.2496
24332.5	-31.1771
24343.3	-31.1569
24354.1	-31.1444
24364.8	-31.1487
24375.6	-31.2685
24386.4	-33.1242
24397.1	-21.5876
24407.9	-29.3585
24418.7	-30.6424
24429.4	-31.158
24440.2	-31.1982
24451	-31.19
24461.7	-31.1707
24472.5	-31.1325
24483.3	-30.801
24494	-28.0833
24504.8	-25.9923
24515.6	-31.2054
24526.3	-31.0662
24537.1	-31.0326
24547.9	-31.0189
24558.6	-31.0059
24569.4	-30.978
24580.2	-30.8129
24590.9	-36.0017
24601.7	-24.8563
24612.5	-33.6985
24623.2	-30.956
24634	-30.8744
24644.8	-30.855
24655.5	-30.8455
24666.3	-30.844
24677.1	-30.8907
24687.8	-33.4587
24698.6	-25.6031
24709.4	-35.4622
24720.1	-30.7262
24730.9	-30.8212
24741.7	-30.8236
24752.4	-30.8158
24763.2	-30.8092
24774	-30.8212
24784.7	-31.0878
24795.5	-28.1493
24806.2	-31.1319
24817	-30.5894
24827.8	-30.7746
24838.5	-30.7831
24849.3	-30.7775
24860.1	-30.7678
24870.8	-30.7461
24881.6	-30.6042
24892.4	-31.9887
24903.1	-27.7333
24913.9	-31.2824
24924.7	-30.7157
24935.4	-30.6778
24946.2	-30.6666
24957	-30.6593
24967.7	-30.6523
24978.5	-30.6434
24989.3	-33.2412
25000	-26.5083
25010.8	-33.1686
25021.6	-30.6169
25032.3	-30.607
25043.1	-30.5985
25053.9	-30.5911
25064.6	-30.5891
25075.4	-30.6239
25086.2	-31.4885
25096.9	-27.2085
25107.7	-33.0903
25118.5	-30.41
25129.2	-30.5739
25140	-30.5838
25150.8	-30.5782
25161.5	-30.5698
25172.3	-30.5595
25183.1	-30.5186
25193.8	-29.7667
25204.6	-29.2629
25215.4	-30.521
25226.1	-30.5209
25236.9	-30.5117
25247.7	-30.5042
25258.4	-30.4954
25269.2	-30.4787
25280	-30.393
25290.7	-33.1116
25301.5	-26.3846
25312.3	-32.0063
25323	-30.4525
25333.8	-30.4045
25344.6	-30.39
25355.3	-30.3812
25366.1	-30.3797
25376.9	-30.4271
25387.6	-32.7951
25398.4	-25.3958
25409.2	-35.0116
25419.9	-30.2481
25430.7	-30.3521
25441.5	-30.3537
25452.2	-30.3442
25463	-30.3377
25473.8	-30.3626
25484.5	-30.8108
25495.3	-26.4021
25506.1	-30.6924
25516.8	-29.9603
25527.6	-30.2992
25538.4	-30.3167
25549.1	-30.3088
25559.9	-30.2933
25570.7	-30.2581
25581.4	-30.0295
25592.2	-30.1435
25603	-24.6126
25613.7	-30.9566
25624.5	-30.1998
25635.3	-30.1329
25646	-30.1099
25656.8	-30.093
25667.6	-30.0777
25678.3	-30.0743
25689.1	-40.7831
25699.9	-20.5793
25710.6	-40.9038
25721.4	-29.9579
25732.2	-29.9462
25742.9	-29.9188
25753.7	-29.8945
25764.5	-29.9048
25775.2	-30.1569
25786	-34.9199
25796.8	-17.4527
25807.5	-25.5102
25818.3	-28.7763
25829.1	-29.9303
25839.8	-30.0212
25850.6	-30.0029
25861.4	-29.9751
25872.1	-29.991
25882.9	-28.3952
25893.7	-12.8933
25904.4	-11.8714
25915.2	-24.7367
25926	-29.8369
25936.7	-29.9065
25947.5	-29.8747
25958.3	-29.7188
25969	-28.9914
25979.8	-24.3284
25990.6	0.598237
26001.3	6.43097
26012.1	-3.57224
26022.9	-29.2279
26033.6	-26.5899
26044.4	-26.105
26055.2	-26.0277
26065.9	-26.8225
26076.7	-38.2125
26087.5	2.24679
26098.2	12.6798
26109	7.61762
26119.8	-19.096
26130.5	-31.4214
26141.3	-34.6464
26152.1	-34.818
26162.8	-34.4094
26173.6	-34.2258
26184.4	-26.011
26195.1	-9.84324
26205.9	-10.8492
26216.7	-26.5988
26227.4	-32.6011
26238.2	-32.708
26249	-32.5889
26259.7	-32.4378
26270.5	-32.1976
26281.3	-31.0071
26292	-22.8735
26302.8	-17.0226
26313.6	-31.3659
26324.3	-31.8238
26335.1	-31.5019
26345.9	-31.4125
26356.6	-31.3617
26367.4	-31.3252
26378.2	-31.3318
26388.9	-50.7519
26399.7	-20.3376
26410.5	-46.5549
26421.2	-31.1111
26432	-31.1299
26442.8	-31.1037
26453.5	-31.0752
26464.3	-31.0609
26475.1	-31.1408
26485.8	-33.0531
26496.6	-23.8692
26507.4	-33.4455
26518.1	-30.5065
26528.9	-30.993
26539.7	-31.0224
26550.4	-31.008
26561.2	-30.9863
26572	-30.9606
26582.7	-30.8629
26593.5	-28.9197
26604.3	-27.7117
26615	-30.8372
26625.8	-30.8725
26636.6	-30.8521
26647.3	-30.8372
26658.1	-30.8223
26668.9	-30.8004
26679.6	-30.7158
26690.4	-33.9946
26701.2	-25.8061
26711.9	-32.8982
26722.7	-30.7552
26733.5	-30.7014
26744.2	-30.6838
26755	-30.6725
26765.8	-30.6692
26776.5	-30.7152
26787.3	-32.6467
26798.1	-26.0886
26808.8	-34.9584
26819.6	-30.5158
26830.4	-30.6398
26841.1	-30.6441
26851.9	-30.6355
26862.7	-30.6278
26873.4	-30.6388
26884.2	-30.9003
26895	-28.1944
26905.7	-31.3899
26916.5	-30.3522
26927.3	-30.5873
26938	-30.5981
26948.8	-30.5922
26959.6	-30.5824
26970.3	-30.5647
26981.1	-30.4729
26991.9	-31.4746
27002.6	-27.8715
27013.4	-31.0333
27024.2	-30.5301
27034.9	-30.498
27045.7	-30.487
27056.5	-30.4794
27067.2	-30.4741
27078	-30.483
27088.8	-32.6998
27099.5	-26.4446
27110.3	-33.1217
27121.1	-30.4228
27131.8	-30.4344
27142.6	-30.4283
27153.4	-30.4209
27164.1	-30.4192
27174.9	-30.4573
27185.7	-31.2858
27196.4	-26.9456
27207.2	-33.4071
27218	-30.1793
27228.7	-30.408
27239.5	-30.4237
27250.3	-30.4191
27261	-30.4113
27271.8	-30.404
27282.6	-30.3963
27293.3	-29.3337
27304.1	-29.1299
27314.9	-30.2871
27325.6	-30.3666
27336.4	-30.3619
27347.2	-30.3554
27357.9	-30.3478
27368.7	-30.3348
27379.5	-30.2775
27390.2	-32.8411
27401	-25.849
27411.8	-32.1178
27422.5	-30.3105
27433.3	-30.2705
27444.1	-30.2577
27454.8	-30.25
27465.6	-30.2528
27476.4	-30.3256
27487.1	-33.0029
27497.9	-24.5084
27508.7	-37.2386
27519.4	-30.0523
27530.2	-30.2495
27541	-30.2619
27551.7	-30.255
27562.5	-30.2518
27573.3	-30.2938
27584	-30.9078
27594.8	-25.0683
27605.6	-30.0896
27616.3	-29.5918
27627.1	-30.2362
27637.9	-30.2775
27648.6	-30.2746
27659.4	-30.2611
27670.2	-30.2287
27680.9	-30.0208
27691.7	-27.9729
27702.5	-22.506
27713.2	-30.4582
27724	-30.1756
27734.8	-30.1039
27745.5	-30.0791
27756.3	-30.0619
27767.1	-30.0574
27777.8	-30.1549
27788.6	-34.9833
27799.4	-17.0732
27810.1	-31.4666
27820.9	-29.8033
27831.7	-29.9097
27842.4	-29.8757
27853.2	-29.8373
27864	-29.8893
27874.7	-30.6064
27885.5	-31.5415
27896.3	-11.015
27907	-15.55
27917.8	-26.5133
27928.6	-30.0207
27939.3	-30.3218
27950.1	-30.2665
27960.9	-30.3469
27971.6	-31.2242
27982.4	-18.6801
27993.2	2.29271
28003.9	4.18084
28014.7	-9.71427
28025.5	-30.8226
28036.2	-31.7929
28047	-31.8493
28057.8	-31.8609
28068.5	-30.5988
28079.3	-23.1268
28090.1	8.51308
28100.8	14.8564
28111.6	6.00603
28122.4	-34.9999
28133.1	-28
28143.9	-27.3873
28154.7	-27.435
28165.4	-27.6784
28176.2	-28.6209
28187	-22.5138
28197.7	-7.57136
28208.5	-13.8357
28219.3	-26.5829
28230	-28.833
28240.8	-29.1544
28251.6	-29.2279
28262.3	-29.2626
28273.1	-29.3617
28283.9	-29.6155
28294.6	-17.9964
28305.4	-19.4991
28316.2	-27.6595
28326.9	-29.384
28337.7	-29.4882
28348.5	-29.5077
28359.2	-29.5084
28370	-29.479
28380.8	-29.1933
28391.5	-28.5638
28402.3	-20.8603
28413.1	-30.8607
28423.8	-29.513
28434.6	-29.4177
28445.4	-29.4049
28456.1	-29.4047
28466.9	-29.4128
28477.7	-29.4716
28488.4	-35.0816
28499.2	-22.145
28510	-37.9109
28520.7	-29.3495
28531.5	-29.4294
28542.3	-29.4343
28553	-29.4312
28563.8	-29.4349
28574.6	-29.4951
28585.3	-30.5827
28596.1	-24.6453
28606.9	-33.02
28617.6	-29.0586
28628.4	-29.4527
28639.2	-29.4848
28649.9	-29.4836
28660.7	-29.4766
28671.5	-29.4675
28682.2	-29.4362
28693	-28.5025
28703.8	-27.6559
28714.5	-29.392
28725.3	-29.4334
28736.1	-29.4252
28746.8	-29.4188
28757.6	-29.412
28768.4	-29.4025
28779.1	-29.3701
28789.9	-31.501
28800.7	-25.5983
28811.4	-31.0464
28822.2	-29.3767
28833	-29.3501
28843.7	-29.3398
28854.5	-29.3325
28865.3	-29.3315
28876	-29.3725
28886.8	-30.6661
28897.6	-25.6438
28908.3	-32.7827
28919.1	-29.1775
28929.9	-29.3151
28940.6	-29.322
28951.4	-29.3151
28962.2	-29.3082
28972.9	-29.316
28983.7	-29.5136
28994.5	-27.3644
29005.2	-30.2598
29016	-29.0244
29026.8	-29.2672
29037.5	-29.277
29048.3	-29.2706
29059.1	-29.2607
29069.8	-29.2457
29080.6	-29.1881
29091.4	-29.9617
29102.1	-27.0095
29112.9	-29.6434
29123.7	-29.2025
29134.4	-29.1747
29145.2	-29.1621
29156	-29.1521
29166.7	-29.1454
29177.5	-29.1618
29188.3	-30.8777
29199	-25.4987
29209.8	-31.6377
29220.6	-29.062
29231.3	-29.091
29242.1	-29.0831
29252.9	-29.0715
29263.6	-29.0648
29274.4	-29.0955
29285.2	-29.7899
29295.9	-25.7899
29306.7	-32.2162
29317.5	-28.7491
29328.2	-29.0202
29339	-29.0329
29349.8	-29.0222
29360.5	-29.0079
29371.3	-28.995
29382.1	-29.0006
29392.8	-27.8397
29403.6	-27.9295
29414.4	-28.7595
29425.1	-28.9153
29435.9	-28.9051
29446.7	-28.8894
29457.4	-28.8721
29468.2	-28.8517
29479	-28.8119
29489.7	-30.9673
29500.5	-24.313
29511.3	-30.6055
29522	-28.7599
29532.8	-28.7204
29543.6	-28.6946
29554.3	-28.6719
29565.1	-28.661
29575.9	-28.734
29586.6	-31.3804
29597.4	-22.4993
29608.2	-38.0665
29618.9	-28.2761
29629.7	-28.5571
29640.5	-28.5568
29651.2	-28.5269
29662	-28.5
29672.8	-28.5302
29683.5	-29.2756
29694.3	-22.2929
29705.1	-27.8476
29715.8	-27.2799
29726.6	-28.306
29737.4	-28.3366
29748.1	-28.2956
29758.9	-28.238
29769.7	-28.164
29780.4	-27.9787
29791.2	-23.5327
29802	-18.5314
29812.7	-26.5924
29823.5	-27.7906
29834.3	-27.6613
29845	-27.5521
29855.8	-27.4429
29866.6	-27.3575
29877.3	-27.5153
29888.1	-24.4118
29898.9	-10.5086
29909.6	-19.8302
29920.4	-26.1624
29931.2	-26.3313
29941.9	-26.103
29952.7	-25.8804
29963.5	-26.0041
29974.2	-28.9864
29985	-13.427
29995.8	3.11839
30006.5	0.990831
30017.3	-15.7135
30028.1	-25.9223
30038.8	-27.1969
30049.6	-26.8439
30060.4	-27.0306
30071.1	-30.7902
30081.9	-8.57677
30092.7	13.8545
30103.4	16.4857
30114.2	3.38927
30125	-26.6052
30135.7	-25.6591
30146.5	-24.6471
30157.3	-24.924
30168	-25.3926
30178.8	-25.6861
30189.6	-16.9077
30200.3	-6.54215
30211.1	-17.9882
30221.9	-27.3032
30232.6	-27.3132
30243.4	-27.4535
30254.2	-27.591
30264.9	-27.7379
30275.7	-28.0758
30286.5	-31.5786
30297.2	-15.5835
30308	-23.8571
30318.8	-27.3403
30329.5	-28.3097
30340.3	-28.4448
30351	-28.4844
30361.8	-28.5043
30372.6	-28.5274
30383.3	-28.5399
30394.1	-22.9451
30404.9	-23.3589
30415.6	-28.0114
30426.4	-28.5573
30437.2	-28.5831
30447.9	-28.5884
30458.7	-28.5869
30469.5	-28.5694
30480.2	-28.4255
30491	-31.0085
30501.8	-22.5528
30512.5	-30.3437
30523.3	-28.5715
30534.1	-28.5048
30544.8	-28.49
30555.6	-28.4831
30566.4	-28.4836
30577.1	-28.5321
30587.9	-31.441
30598.7	-23.1123
30609.4	-33.7111
30620.2	-28.3692
30631	-28.459
30641.7	-28.4591
30652.5	-28.4491
30663.3	-28.4424
30674	-28.4693
30684.8	-29.0381
30695.6	-25.1424
30706.3	-30.807
30717.1	-28.0997
30727.9	-28.3994
30738.6	-28.4146
30749.4	-28.4054
30760.2	-28.3915
30770.9	-28.374
30781.7	-28.3233
30792.5	-28.1926
30803.2	-26.8203
30814	-28.3954
30824.8	-28.3065
30835.5	-28.2859
30846.3	-28.2713
30857.1	-28.2574
30867.8	-28.2429
30878.6	-28.2244
30889.4	-29.8899
30900.1	-25.0181
30910.9	-29.761
30921.7	-28.1713
30932.4	-28.1516
30943.2	-28.1352
30954	-28.1198
30964.7	-28.1095
30975.5	-28.1342
30986.3	-29.0128
30997	-25.0557
31007.8	-30.8775
31018.6	-27.9014
31029.3	-28.0392
31040.1	-28.0377
31050.9	-28.0222
31061.6	-28.0057
31072.4	-27.998
31083.2	-28.0999
31093.9	-26.5816
31104.7	-28.5768
31115.5	-27.7109
31126.2	-27.9033
31137	-27.8989
31147.8	-27.8819
31158.5	-27.8622
31169.3	-27.8385
31180.1	-27.7844
31190.8	-28.6545
31201.6	-25.6462
31212.4	-28.2911
31223.1	-27.7417
31233.9	-27.7042
31244.7	-27.6802
31255.4	-27.6584
31266.2	-27.6406
31277	-27.6516
31287.7	-29.06
31298.5	-24.2075
31309.3	-30.1171
31320	-27.4751
31330.8	-27.5143
31341.6	-27.4952
31352.3	-27.4698
31363.1	-27.4477
31373.9	-27.4572
31384.6	-27.969
31395.4	-24.4506
31406.2	-30.1721
31416.9	-27.0239
31427.7	-27.3051
31438.5	-27.3017
31449.2	-27.2738
31460	-27.2413
31470.8	-27.2075
31481.5	-27.1703
31492.3	-26.3611
31503.1	-25.7221
31513.8	-26.9579
31524.6	-27.0281
31535.4	-26.9907
31546.1	-26.9514
31556.9	-26.9108
31567.7	-26.8688
31578.4	-26.8261
31589.2	-29.1567
31600	-21.9369
31610.7	-29.0275
31621.5	-26.6314
31632.3	-26.5789
31643	-26.5234
31653.8	-26.4681
31664.6	-26.4253
31675.3	-26.4786
31686.1	-29.0392
31696.9	-19.7378
31707.6	-38.5382
31718.4	-25.7231
31729.2	-26.0981
31739.9	-26.064
31750.7	-25.9868
31761.5	-25.9085
31772.2	-25.8842
31783	-26.4863
31793.8	-18.7438
31804.5	-22.3681
31815.3	-24.0166
31826.1	-25.3355
31836.8	-25.3022
31847.6	-25.1799
31858.4	-25.0324
31869.1	-24.8547
31879.9	-24.5075
31890.7	-17.7481
31901.4	-11.383
31912.2	-21.0873
31923	-23.879
31933.7	-23.5576
31944.5	-23.2783
31955.3	-23.0134
31966	-22.8777
31976.8	-23.828
31987.6	-8.72186
31998.3	3.06938
32009.1	-3.19035
32019.9	-19.3891
32030.6	-20.7777
32041.4	-20.4062
32052.2	-20.0404
32062.9	-20.7919
32073.7	-32.3116
32084.5	2.57665
32095.2	18.5329
32106	17.65
32116.8	-0.744389
32127.5	-27.4463
32138.3	-27.0676
32149.1	-26.1543
32159.8	-26.8849
32170.6	-27.5682
32181.4	-25.1086
32192.1	-11.7374
32202.9	-6.72081
32213.7	-22.2593
32224.4	-31.5877
32235.2	-30.4714
32246	-30.4994
32256.7	-30.6251
32267.5	-30.7285
32278.3	-30.8415
32289	-29.7683
32299.8	-15.1114
32310.6	-28.915
32321.3	-30.6384
32332.1	-30.6403
32342.9	-30.5727
32353.6	-30.4959
32364.4	-30.4364
32375.2	-30.5197
32385.9	-33.2742
32396.7	-20.5465
32407.5	-29.5523
32418.2	-29.3898
32429	-30.0834
32439.8	-30.0877
32450.5	-30.0249
32461.3	-29.9528
32472.1	-29.8846
32482.8	-29.8143
32493.6	-26.1645
32504.4	-25.9825
32515.1	-29.2667
32525.9	-29.5657
32536.7	-29.522
32547.4	-29.47
32558.2	-29.4166
32569	-29.3564
32579.7	-29.2313
32590.5	-31.772
32601.3	-24.1774
32612	-30.9097
32622.8	-29.1364
32633.6	-29.0521
32644.3	-29.0037
32655.1	-28.9621
32665.9	-28.9291
32676.6	-28.9459
32687.4	-30.9637
32698.2	-24.2414
32708.9	-33.2308
32719.7	-28.6425
32730.5	-28.7318
32741.2	-28.7088
32752	-28.6743
32762.8	-28.6423
32773.5	-28.6364
32784.3	-28.9999
32795.1	-25.8911
32805.8	-30.4779
32816.6	-28.1924
32827.4	-28.4627
32838.1	-28.4558
32848.9	-28.4275
32859.7	-28.3955
32870.4	-28.3602
32881.2	-28.2945
32892	-28.4227
32902.7	-26.7563
32913.5	-28.3833
32924.3	-28.2108
32935	-28.1726
32945.8	-28.1425
32956.6	-28.1138
32967.3	-28.0865
32978.1	-28.0671
32988.9	-29.5138
32999.6	-24.9731
33010.4	-29.6507
33021.2	-27.9375
33031.9	-27.9194
33042.7	-27.8919
33053.5	-27.8641
33064.2	-27.8411
33075	-27.8511
33085.8	-28.5441
33096.5	-24.9725
33107.3	-30.4654
33118.1	-27.5446
33128.8	-27.7004
33139.6	-27.6901
33150.4	-27.664
33161.1	-27.6363
33171.9	-27.6145
33182.7	-27.6622
33193.4	-26.431
33204.2	-27.8623
33215	-27.2989
33225.7	-27.4683
33236.5	-27.4512
33247.3	-27.4239
33258	-27.3944
33268.8	-27.3619
33279.6	-27.3071
33290.3	-28.3275
33301.1	-24.8733
33311.9	-27.9693
33322.6	-27.2164
33333.4	-27.1702
33344.2	-27.1364
33354.9	-27.105
33365.7	-27.0787
33376.5	-27.0896
33387.2	-28.4525
33398	-23.424
33408.8	-30.0544
33419.5	-26.832
33430.3	-26.9014
33441.1	-26.8765
33451.8	-26.8415
33462.6	-26.8092
33473.4	-26.8066
33484.1	-27.2334
33494.9	-23.7071
33505.7	-29.2638
33516.4	-26.2602
33527.2	-26.6031
33538	-26.5928
33548.7	-26.5545
33559.5	-26.5105
33570.3	-26.4621
33581	-26.3841
33591.8	-25.8511
33602.6	-23.8428
33613.3	-26.3023
33624.1	-26.2227
33634.9	-26.162
33645.6	-26.1071
33656.4	-26.0521
33667.2	-25.9989
33677.9	-25.97
33688.7	-29.3651
33699.5	-19.6329
33710.2	-29.8347
33721	-25.6503
33731.8	-25.6139
33742.5	-25.5409
33753.3	-25.4644
33764.1	-25.4058
33774.8	-25.4871
33785.6	-28.8099
33796.4	-16.7789
33807.1	-31.9754
33817.9	-24.2452
33828.7	-24.9528
33839.4	-24.918
33850.2	-24.8073
33861	-24.6894
33871.7	-24.627
33882.5	-24.96
33893.3	-13.9453
33904	-13.9467
33914.8	-21.3237
33925.6	-23.7823
33936.3	-23.689
33947.1	-23.4773
33957.9	-23.2149
33968.6	-22.8477
33979.4	-21.8099
33990.2	-4.95644
34000.9	2.0516
34011.7	-8.00831
34022.5	-21.0939
34033.2	-20.2218
34044	-19.711
34054.8	-19.5003
34065.5	-20.8087
34076.3	-26.8896
34087.1	11.8362
34097.8	22.8082
34108.6	18.4278
34119.4	-8.09458
34130.1	-32.6199
34140.9	-35.5753
34151.7	-34.9153
34162.4	-37.1276
34173.2	-40.0596
34184	-25.034
34194.7	-7.79453
34205.5	-8.19419
34216.3	-24.087
34227	-38.007
34237.8	-38.9643
34248.6	-37.7197
34259.3	-36.4908
34270.1	-35.4753
34280.9	-34.3191
34291.6	-20.5642
34302.4	-16.5103
34313.2	-26.8989
34323.9	-32.5265
34334.7	-32.1399
34345.5	-31.8155
34356.2	-31.533
34367	-31.2906
34377.8	-31.1503
34388.5	-35.3811
34399.3	-19.8935
34410.1	-33.6316
34420.8	-30.2399
34431.6	-30.1987
34442.4	-30.0668
34453.1	-29.935
34463.9	-29.8266
34474.7	-29.8373
34485.4	-32.1826
34496.2	-22.4743
34507	-40.5523
34517.7	-28.6991
34528.5	-29.2992
34539.3	-29.2788
34550	-29.2035
34560.8	-29.1249
34571.6	-29.0647
34582.3	-29.1747
34593.1	-26.0086
34603.9	-28.5971
34614.6	-28.1589
34625.4	-28.7139
34636.2	-28.6861
34646.9	-28.6323
34657.7	-28.5759
34668.5	-28.5185
34679.2	-28.445
34690	-29.4389
34700.8	-25.1024
34711.5	-29.1719
34722.3	-28.2745
34733.1	-28.2145
34743.8	-28.1677
34754.6	-28.1247
34765.4	-28.0888
34776.1	-28.0952
34786.9	-29.3765
34797.7	-24.3463
34808.4	-31.3024
34819.2	-27.7855
34830	-27.8823
34840.7	-27.8593
34851.5	-27.8246
34862.3	-27.7921
34873	-27.7833
34883.8	-28.0886
34894.6	-25.3466
34905.3	-30.1422
34916.1	-27.2946
34926.9	-27.6102
34937.6	-27.6055
34948.4	-27.5778
34959.2	-27.5467
34969.9	-27.515
34980.7	-27.4797
34991.5	-27.265
35002.2	-26.626
35013	-27.3743
35023.8	-27.3672
35034.5	-27.3375
35045.3	-27.3094
35056.1	-27.282
35066.8	-27.2567
35077.6	-27.2454
35088.4	-28.2674
35099.1	-24.5875
35109.9	-28.5837
35120.7	-27.1069
35131.4	-27.1033
35142.2	-27.0793
35153	-27.0539
35163.7	-27.033
35174.5	-27.0443
35185.3	-27.6396
35196	-24.294
35206.8	-29.8771
35217.6	-26.7077
35228.3	-26.9099
35239.1	-26.9062
35249.9	-26.8842
35260.6	-26.8605
35271.4	-26.8444
35282.2	-26.9117
35292.9	-25.476
35303.7	-27.6131
35314.5	-26.4262
35325.2	-26.7191
35336	-26.7127
35346.8	-26.6915
35357.5	-26.6679
35368.3	-26.6428
35379.1	-26.609
35389.8	-27.3081
35400.6	-24.3174
35411.4	-27.1537
35422.1	-26.5268
35432.9	-26.4951
35443.7	-26.4699
35454.4	-26.4465
35465.2	-26.4297
35476	-26.4583
35486.7	-27.8015
35497.5	-22.5147
35508.3	-30.1036
35519	-26.1813
35529.8	-26.3171
35540.6	-26.3085
35551.3	-26.2855
35562.1	-26.2663
35572.9	-26.2859
35583.6	-26.8242
35594.4	-22.4552
35605.2	-30.3159
35615.9	-25.5379
35626.7	-26.1496
35637.5	-26.1731
35648.2	-26.1538
35659	-26.1275
35669.8	-26.1006
35680.5	-26.0779
35691.3	-24.3504
35702.1	-22.7773
35712.8	-25.4582
35723.6	-25.9561
35734.4	-25.9304
35745.1	-25.9002
35755.9	-25.8702
35766.7	-25.8479
35777.4	-25.8917
35788.2	-29.1502
35799	-17.1251
35809.7	-28.5664
35820.5	-25.5741
35831.2	-25.6467
35842	-25.6105
35852.8	-25.5687
35863.5	-25.5744
35874.3	-25.9196
35885.1	-36.819
35895.8	-11.9519
35906.6	-18.8526
35917.4	-23.2768
35928.1	-25.5244
35938.9	-25.6886
35949.7	-25.6505
35960.4	-25.6662
35971.2	-26.2079
35982	-26.0362
35992.7	-2.11707
36003.5	-0.216948
36014.3	-11.9867
36025	-25.6472
36035.8	-27.0116
36046.6	-27.1781
36057.3	-27.086
36068.1	-26.4581
36078.9	-19.4499
36089.6	20.154
36100.4	26.9873
36111.2	18.9133
36121.9	-25.7335
36132.7	-23.9914
36143.5	-23.3205
36154.2	-23.3279
36165	-23.5335
36175.8	-24.4107
36186.5	-23.4243
36197.3	-4.98622
36208.1	-11.3816
36218.8	-22.0588
36229.6	-24.4537
36240.4	-24.7554
36251.1	-24.7943
36261.9	-24.7996
36272.7	-24.9081
36283.4	-26.3944
36294.2	-15.3879
36305	-19.7387
36315.7	-22.7071
36326.5	-24.7608
36337.3	-24.8961
36348	-24.8945
36358.8	-24.8704
36369.6	-24.8396
36380.3	-24.7799
36391.1	-23.2628
36401.9	-19.9593
36412.6	-24.4094
36423.4	-24.7158
36434.2	-24.6818
36444.9	-24.6571
36455.7	-24.6346
36466.5	-24.6174
36477.2	-24.6362
36488	-26.6793
36498.8	-19.8203
36509.5	-27.697
36520.3	-24.4528
36531.1	-24.4995
36541.8	-24.4832
36552.6	-24.4605
36563.4	-24.4429
36574.1	-24.4671
36584.9	-25.2085
36595.7	-20.9857
36606.4	-28.7214
36617.2	-24.0096
36628	-24.3358
36638.7	-24.3433
36649.5	-24.3229
36660.3	-24.2989
36671	-24.2806
36681.8	-24.3285
36692.6	-23.0372
36703.3	-24.9778
36714.1	-23.8494
36724.9	-24.151
36735.6	-24.1426
36746.4	-24.12
36757.2	-24.0953
36767.9	-24.0698
36778.7	-24.0418
36789.5	-24.5539
36800.2	-22.4305
36811	-24.4586
36821.8	-23.9439
36832.5	-23.9157
36843.3	-23.8894
36854.1	-23.8638
36864.8	-23.8416
36875.6	-23.8429
36886.4	-24.4261
36897.1	-21.6437
36907.9	-25.5369
36918.7	-23.6296
36929.4	-23.701
36940.2	-23.6836
36951	-23.6574
36961.7	-23.6316
36972.5	-23.6182
36983.3	-23.7636
36994	-22.1495
37004.8	-25.1762
37015.6	-23.2506
37026.3	-23.4731
37037.1	-23.4625
37047.9	-23.436
37058.6	-23.4068
37069.4	-23.3771
37080.2	-23.3483
37090.9	-23.1857
37101.7	-23.0862
37112.5	-23.2028
37123.2	-23.2251
37134	-23.195
37144.8	-23.1638
37155.5	-23.1326
37166.3	-23.1026
37177.1	-23.0837
37187.8	-23.603
37198.6	-21.3942
37209.4	-23.8707
37220.1	-22.9209
37230.9	-22.9106
37241.7	-22.8784
37252.4	-22.8439
37263.2	-22.8117
37274	-22.7998
37284.7	-23.1219
37295.5	-20.8741
37306.3	-24.6761
37317	-22.4581
37327.8	-22.6085
37338.6	-22.5862
37349.3	-22.5488
37360.1	-22.5094
37370.9	-22.4748
37381.6	-22.4971
37392.4	-21.409
37403.2	-23.4322
37413.9	-21.9957
37424.7	-22.2567
37435.5	-22.227
37446.2	-22.1834
37457	-22.1369
37467.8	-22.089
37478.5	-22.0396
37489.3	-22.3015
37500.1	-20.6832
37510.8	-22.1785
37521.6	-21.8336
37532.4	-21.778
37543.1	-21.7216
37553.9	-21.6645
37564.7	-21.6109
37575.4	-21.5889
37586.2	-22.3416
37597	-18.584
37607.7	-23.9035
37618.5	-21.1686
37629.3	-21.2439
37640	-21.1848
37650.8	-21.1109
37661.6	-21.0375
37672.3	-20.9925
37683.1	-21.3326
37693.9	-17.6656
37704.6	-25.6832
37715.4	-19.9764
37726.2	-20.5291
37736.9	-20.4728
37747.7	-20.3714
37758.5	-20.2593
37769.2	-20.1449
37780	-20.0623
37790.8	-17.882
37801.5	-18.9216
37812.3	-18.5212
37823.1	-19.4386
37833.8	-19.2967
37844.6	-19.1246
37855.4	-18.9392
37866.1	-18.7474
37876.9	-18.5898
37887.7	-19.0881
37898.4	-10.851
37909.2	-17.3446
37920	-17.4176
37930.7	-17.1852
37941.5	-16.8447
37952.3	-16.4794
37963	-16.1479
37973.8	-16.1905
37984.6	-22.7754
37995.3	0.0505472
38006.1	-4.48565
38016.9	-10.9847
38027.6	-13.0277
38038.4	-12.5273
38049.2	-11.9706
38059.9	-12.2607
38070.7	-19.9544
38081.5	4.20497
38092.2	28.3849
38103	31.5479
38113.8	19.2729
38124.5	-11.4694
38135.3	-14.9635
38146.1	-13.1441
38156.8	-13.5461
38167.6	-14.3385
38178.4	-15.1936
38189.1	-19.1007
38199.9	-2.99168
38210.7	-18.1807
38221.4	-17.8719
38232.2	-18.3984
38243	-18.8355
38253.7	-19.2135
38264.5	-19.5514
38275.3	-19.9271
38286	-21.8915
38296.8	-12.7677
38307.6	-21.8417
38318.3	-20.1801
38329.1	-20.8346
38339.9	-21.0027
38350.6	-21.104
38361.4	-21.1805
38372.2	-21.2444
38382.9	-21.3208
38393.7	-19.1688
38404.5	-19.7154
38415.2	-21.1243
38426	-21.4014
38436.8	-21.4264
38447.5	-21.4341
38458.3	-21.4338
38469.1	-21.4243
38479.8	-21.3731
38490.6	-22.7361
38501.4	-18.429
38512.1	-22.2137
38522.9	-21.3593
38533.7	-21.316
38544.4	-21.2889
38555.2	-21.263
38566	-21.2396
38576.7	-21.2405
38587.5	-22.2893
38598.3	-18.3559
38609	-23.2108
38619.8	-21.0346
38630.6	-21.0631
38641.3	-21.0338
38652.1	-20.9977
38662.9	-20.9624
38673.6	-20.9431
38684.4	-21.1749
38695.2	-19.223
38705.9	-22.4447
38716.7	-20.5934
38727.5	-20.7383
38738.2	-20.7125
38749	-20.6725
38759.8	-20.6298
38770.5	-20.5869
38781.3	-20.5481
38792.1	-20.3116
38802.8	-20.395
38813.6	-20.3577
38824.4	-20.3648
38835.1	-20.3215
38845.9	-20.2763
38856.7	-20.2305
38867.4	-20.1845
38878.2	-20.1402
38889	-20.5802
38899.7	-18.8605
38910.5	-20.5205
38921.3	-19.9453
38932	-19.8991
38942.8	-19.8501
38953.6	-19.8007
38964.3	-19.7531
38975.1	-19.7193
38985.9	-19.9818
38996.6	-18.3155
39007.4	-20.6427
39018.2	-19.4338
39028.9	-19.4564
39039.7	-19.4106
39050.5	-19.3578
39061.2	-19.3044
39072	-19.2552
39082.8	-19.2631
39093.5	-18.5068
39104.3	-19.7907
39115.1	-18.8981
39125.8	-18.9725
39136.6	-18.9233
39147.4	-18.8661
39158.1	-18.807
39168.9	-18.7468
39179.7	-18.6824
39190.4	-18.7606
39201.2	-18.1719
39212	-18.5924
39222.7	-18.4386
39233.5	-18.3726
39244.3	-18.3076
39255	-18.2422
39265.8	-18.1774
39276.6	-18.1218
39287.3	-18.4163
39298.1	-16.8416
39308.9	-18.6184
39319.6	-17.8122
39330.4	-17.7661
39341.2	-17.6955
39351.9	-17.6215
39362.7	-17.5477
39373.5	-17.4838
39384.2	-17.579
39395	-16.2502
39405.8	-18.3598
39416.5	-17.0325
39427.3	-17.0787
39438.1	-17.0046
39448.8	-16.9197
39459.6	-16.832
39470.4	-16.744
39481.1	-16.6696
39491.9	-16.2103
39502.7	-16.8045
39513.4	-16.2415
39524.2	-16.2673
39535	-16.1715
39545.7	-16.069
39556.5	-15.9637
39567.3	-15.8561
39578	-15.7486
39588.8	-16.0258
39599.6	-14.436
39610.3	-15.8331
39621.1	-15.2717
39631.9	-15.1494
39642.6	-15.0204
39653.4	-14.888
39664.2	-14.7552
39674.9	-14.6416
39685.7	-14.9867
39696.5	-12.3568
39707.2	-15.9952
39718	-13.8983
39728.8	-13.8595
39739.5	-13.7
39750.3	-13.524
39761.1	-13.3423
39771.8	-13.1688
39782.6	-13.1607
39793.4	-10.9074
39804.1	-14.8467
39814.9	-11.9011
39825.7	-12.0813
39836.4	-11.8604
39847.2	-11.6047
39858	-11.3324
39868.7	-11.0452
39879.5	-10.7427
39890.3	-9.88918
39901	-8.64836
39911.8	-9.45252
39922.6	-9.33651
39933.3	-8.92743
39944.1	-8.48875
39954.9	-8.02073
39965.6	-7.53223
39976.4	-7.10541
39987.2	-9.28364
39997.9	2.13493
40008.7	-7.69927
40019.5	-4.13693
40030.2	-3.56748
40041	-2.82684
40051.8	-2.32992
40062.5	-3.23154
40073.3	-16.7354
40084.1	21.0935
40094.8	37.8417
40105.6	37.5497
40116.4	19.9696
40127.1	-13.1305
40137.9	-5.25263
40148.7	-4.26028
40159.4	-4.90739
40170.2	-5.85935
40181	-6.61378
40191.7	-11.0405
40202.5	-0.943869
40213.3	-12.917
40224	-10.7073
40234.8	-11.3742
40245.6	-12.1228
40256.3	-12.8533
40267.1	-13.553
40277.9	-14.2246
40288.6	-14.8639
40299.4	-11.5117
40310.2	-16.0093
40320.9	-16.5725
40331.7	-17.1084
40342.5	-17.6032
40353.2	-18.0675
40364	-18.4996
40374.8	-18.8803
40385.5	-18.7668
40396.3	-19.3599
40407.1	-17.7835
40417.8	-20.325
40428.6	-20.5017
40439.4	-20.7325
40450.1	-20.9418
40460.9	-21.1204
40471.7	-21.2511
40482.4	-21.1295
40493.2	-23.9602
40504	-18.4859
40514.7	-22.2193
40525.5	-21.671
40536.3	-21.6578
40547	-21.658
40557.8	-21.6466
40568.6	-21.6188
40579.3	-21.5532
40590.1	-23.4432
40600.9	-18.5349
40611.6	-22.7422
40622.4	-21.3403
40633.2	-21.2401
40643.9	-21.1499
40654.7	-21.0572
40665.5	-20.9634
40676.2	-20.8857
40687	-21.4128
40697.8	-18.6555
40708.5	-22.0028
40719.3	-20.3854
40730.1	-20.3356
40740.8	-20.2286
40751.6	-20.1148
40762.4	-19.9999
40773.1	-19.8895
40783.9	-19.8498
40794.7	-18.992
40805.4	-20.0263
40816.2	-19.3375
40827	-19.303
40837.7	-19.1923
40848.5	-19.0759
40859.3	-18.9583
40870	-18.839
40880.8	-18.7045
40891.6	-18.9162
40902.3	-17.8849
40913.1	-18.5076
40923.9	-18.2557
40934.6	-18.1339
40945.4	-18.0167
40956.2	-17.9004
40966.9	-17.7848
40977.7	-17.6742
40988.5	-17.9811
40999.2	-16.3872
41010	-17.8657
41020.8	-17.1973
41031.5	-17.0881
41042.3	-16.9718
41053.1	-16.8549
41063.8	-16.7388
41074.6	-16.6309
41085.4	-16.6732
41096.1	-15.6125
41106.9	-16.9208
41117.7	-16.0998
41128.4	-16.036
41139.2	-15.9214
41150	-15.8019
41160.7	-15.6812
41171.5	-15.5608
41182.3	-15.4495
41193	-15.1684
41203.8	-15.3161
41214.6	-15.0353
41225.3	-14.9445
41236.1	-14.8211
41246.9	-14.6953
41257.6	-14.5683
41268.4	-14.4399
41279.2	-14.3075
41289.9	-14.4441
41300.7	-13.4966
41311.5	-14.1188
41322.2	-13.7856
41333	-13.6486
41343.8	-13.5124
41354.5	-13.3754
41365.3	-13.2381
41376	-13.1073
41386.8	-13.194
41397.6	-12.0254
41408.3	-13.2051
41419.1	-12.5023
41429.9	-12.3794
41440.6	-12.2317
41451.4	-12.0797
41462.2	-11.9261
41472.9	-11.7747
41483.7	-11.6782
41494.5	-10.987
41505.2	-11.7487
41516	-11.0602
41526.8	-10.9566
41537.5	-10.7903
41548.3	-10.6169
41559.1	-10.4398
41569.8	-10.2589
41580.6	-10.0702
41591.4	-9.98574
41602.1	-9.46729
41612.9	-9.55221
41623.7	-9.30657
41634.4	-9.10262
41645.2	-8.89594
41656	-8.68506
41666.7	-8.47017
41677.5	-8.25561
41688.3	-8.39991
41699	-6.8374
41709.8	-8.05081
41720.6	-7.30424
41731.3	-7.06216
41742.1	-6.80546
41752.9	-6.54086
41763.6	-6.27031
41774.4	-6.00415
41785.2	-5.94648
41795.9	-4.29037
41806.7	-6.06927
41817.5	-4.69623
41828.2	-4.44731
41839	-4.10916
41849.8	-3.75082
41860.5	-3.37716
41871.3	-2.99007
41882.1	-2.61284
41892.8	-1.68122
41903.6	-1.96533
41914.4	-1.13817
41925.1	-0.738923
41935.9	-0.218899
41946.7	0.336791
41957.4	0.928355
41968.2	1.56065
41979	2.24898
41989.7	1.67482
42000.5	6.55427
42011.3	3.62124
42022	5.42332
42032.8	6.32383
42043.6	7.14112
42054.3	7.52098
42065.1	5.39766
42075.9	9.23732
42086.6	41.4676
42097.4	53.0293
42108.2	49.2912
42118.9	23.5714
42129.7	-3.13525
42140.5	7.05473
42151.2	7.33777
42162	6.65356
42172.8	5.78909
42183.5	5.10391
42194.3	2.49285
42205.1	5.34126
42215.8	2.15462
42226.6	1.77786
42237.4	1.14916
42248.1	0.538433
42258.9	-0.0398455
42269.7	-0.586951
42280.4	-1.11342
42291.2	-1.27475
42302	-2.32962
42312.7	-2.33487
42323.5	-2.92267
42334.3	-3.33252
42345	-3.72103
42355.8	-4.09317
42366.6	-4.44994
42377.3	-4.78658
42388.1	-4.71065
42398.9	-6.77484
42409.6	-5.10639
42420.4	-6.06764
42431.2	-6.34331
42441.9	-6.62347
42452.7	-6.89683
42463.5	-7.16153
42474.2	-7.41076
42485	-7.51357
42495.8	-8.78577
42506.5	-7.44078
42517.3	-8.45489
42528.1	-8.60793
42538.8	-8.82282
42549.6	-9.03859
42560.4	-9.25046
42571.1	-9.45729
42581.9	-9.6533
42592.7	-9.92568
42603.4	-9.88748
42614.2	-10.2691
42625	-10.4319
42635.7	-10.6138
42646.5	-10.7936
42657.3	-10.9702
42668	-11.1439
42678.8	-11.3161
42689.6	-11.2011
42700.3	-12.2808
42711.1	-11.5477
42721.9	-11.9668
42732.6	-12.1251
42743.4	-12.2796
42754.2	-12.4314
42764.9	-12.5796
42775.7	-12.718
42786.5	-12.6648
42797.2	-13.8674
42808	-12.613
42818.8	-13.3209
42829.5	-13.4246
42840.3	-13.556
42851.1	-13.6885
42861.8	-13.8193
42872.6	-13.9456
42883.4	-14.0338
42894.1	-14.5124
42904.9	-13.9509
42915.7	-14.5022
42926.4	-14.5684
42937.2	-14.6838
42948	-14.8013
42958.7	-14.918
42969.5	-15.0342
42980.3	-15.1558
42991	-15.0335
43001.8	-15.7274
43012.6	-15.3572
43023.3	-15.5884
43034.1	-15.6994
43044.9	-15.8058
43055.6	-15.9105
43066.4	-16.013
43077.2	-16.1081
43087.9	-15.8904
43098.7	-17.3566
43109.5	-15.9001
43120.2	-16.5222
43131	-16.6054
43141.8	-16.6994
43152.5	-16.7935
43163.3	-16.8856
43174.1	-16.9694
43184.8	-16.9335
43195.6	-17.8872
43206.4	-16.6117
43217.1	-17.3954
43227.9	-17.4157
43238.7	-17.4955
43249.4	-17.5795
43260.2	-17.6633
43271	-17.747
43281.7	-17.8365
43292.5	-17.7509
43303.3	-18.0656
43314	-18.0237
43324.8	-18.1456
43335.6	-18.2246
43346.3	-18.3008
43357.1	-18.3758
43367.9	-18.4499
43378.6	-18.525
43389.4	-17.968
43400.2	-20.2444
43410.9	-18.1311
43421.7	-18.8048
43432.5	-18.8753
43443.2	-18.9431
43454	-19.0093
43464.8	-19.0719
43475.5	-19.1156
43486.3	-18.7487
43497.1	-21.2282
43507.8	-18.1164
43518.6	-19.4488
43529.4	-19.4281
43540.1	-19.4782
43550.9	-19.5343
43561.7	-19.5901
43572.4	-19.642
43583.2	-19.6535
43594	-19.7538
43604.7	-19.1282
43615.5	-19.8933
43626.3	-19.9018
43637	-19.9466
43647.8	-19.9935
43658.6	-20.0407
43669.3	-20.0929
43680.1	-20.1974
43690.9	-18.3862
43701.6	-23.2726
43712.4	-19.2059
43723.2	-20.2924
43733.9	-20.3618
43744.7	-20.4039
43755.5	-20.4398
43766.2	-20.4663
43777	-20.4377
43787.8	-18.2849
43798.5	-32.6207
43809.3	-17.122
43820.1	-20.7049
43830.8	-20.6094
43841.6	-20.6195
43852.4	-20.6379
43863.1	-20.6471
43873.9	-20.599
43884.7	-19.4903
43895.4	-16.0674
43906.2	-14.1893
43917	-20.9958
43927.7	-20.6247
43938.5	-20.5716
43949.3	-20.5521
43960	-20.5579
43970.8	-20.7102
43981.6	-22.0571
43992.3	-5.33887
44003.1	-3.89797
44013.9	-12.7548
44024.6	-20.238
44035.4	-20.4578
44046.2	-20.1703
44056.9	-19.5492
44067.7	-18.2392
44078.5	-14.7231
44089.2	55.5591

