1.00000000
0.99999999
0.99999979
0.99999894
0.99999666
0.99999185
0.99998309
0.99996867
0.99994656
0.99991440
0.99986953
0.99980898
0.99972947
0.99962738
0.99949882
0.99933956
0.99914506
0.99891049
0.99863068
0.99830017
0.99791318
0.99746365
0.99694519
0.99635110
0.99567439
0.99490779
0.99404369
0.99307422
0.99199121
0.99078619
0.98945042
0.98797487
0.98635025
0.98456698
0.98261524
0.98048494
0.97816573
0.97564705
0.97291806
0.96996774
0.96678484
0.96335788
0.95967523
0.95572504
0.95149533
0.94697393
0.94214856
0.93700681
0.93153614
0.92572397
0.91955761
0.91302434
0.90611142
0.89880608
0.89109561
0.88296731
0.87440857
0.86540686
0.85594981
0.84602518
0.83562094
0.82472525
0.81332657
0.80141362
0.78897547
0.77600153
0.76248164
0.74840609
0.73376564
0.71855160
0.70275584
0.68637087
0.66938986
0.65180670
0.63361604
0.61481335
0.59539496
0.57535814
0.55470109
0.53342307
0.51152439
0.48900649
0.46587200
0.44212479
0.41776999
0.39281410
0.36726499
0.34113199
0.31442592
0.28715914
0.25934562
0.23100095
0.20214243
0.17278906
0.14296165
0.11268278
0.08197691
0.05087035
0.01939133
-0.01242997
-0.04456144
-0.07696899
-0.10961654
-0.14246601
-0.17547733
-0.20860845
-0.24181531
-0.27505190
-0.30827025
-0.34142048
-0.37445082
-0.40730767
-0.43993562
-0.47227755
-0.50427467
-0.53586662
-0.56699152
-0.59758610
-0.62758578
-0.65692479
-0.68553633
-0.71335263
-0.74030515
-0.76632472
-0.79134171
-0.81528619
-0.83808810
-0.85967750
-0.87998472
-0.89894058
-0.91647664
-0.93252542
-0.94702064
-0.95989744
-0.97109269
-0.98054523
-0.98819613
-0.99398899
-0.99787020
-0.99978924
-0.99969897
-0.99755593
-0.99332062
-0.98695781
-0.97843683
-0.96773185
-0.95482219
-0.93969262
-0.92233358
-0.90274152
-0.88091912
-0.85687555
-0.83062673
-0.80219553
-0.77161200
-0.73891353
-0.70414506
-0.66735924
-0.62861649
-0.58798518
-0.54554167
-0.50137035
-0.45556367
-0.40822215
-0.35945428
-0.30937647
-0.25811293
-0.20579549
-0.15256343
-0.09856321
-0.04394820
0.01112161
0.06648005
0.12195512
0.17736947
0.23254091
0.28728292
0.34140530
0.39471473
0.44701550
0.49811023
0.54780056
0.59588803
0.64217487
0.68646485
0.72856422
0.76828259
0.80543392
0.83983744
0.87131870
0.89971052
0.92485401
0.94659959
0.96480798
0.97935124
0.99011369
0.99699294
0.99990079
0.99876416
0.99352592
0.98414577
0.97060094
0.95288696
0.93101827
0.90502875
0.87497228
0.84092310
0.80297607
0.76124697
0.71587249
0.66701029
0.61483883
0.55955711
0.50138432
0.44055929
0.37733985
0.31200205
0.24483928
0.17616112
0.10629226
0.03557107
-0.03565179
-0.10701503
-0.17814840
-0.24867455
-0.31821101
-0.38637222
-0.45277170
-0.51702435
-0.57874869
-0.63756936
-0.69311946
-0.74504312
-0.79299796
-0.83665762
-0.87571427
-0.90988104
-0.93889449
-0.96251698
-0.98053889
-0.99278081
-0.99909562
-0.99937031
-0.99352776
-0.98152826
-0.96337088
-0.93909450
-0.90877877
-0.87254464
-0.83055477
-0.78301350
-0.73016664
-0.67230089
-0.60974296
-0.54285833
-0.47204971
-0.39775519
-0.32044598
-0.24062388
-0.15881846
-0.07558382
0.00850483
0.09285497
0.17686073
0.25990721
0.34137493
0.42064449
0.49710138
0.57014093
0.63917334
0.70362873
0.76296221
0.81665892
0.86423897
0.90526223
0.93933298
0.96610433
0.98528228
0.99662959
0.99996918
0.99518715
0.98223533
0.96113336
0.93197017
0.89490499
0.85016761
0.79805817
0.73894618
0.67326893
0.60152923
0.52429241
0.44218274
0.35587910
0.26611003
0.17364818
0.07930412
-0.01608034
-0.11163941
-0.20649099
-0.29974469
-0.39051030
-0.47790637
-0.56106903
-0.63916092
-0.71138002
-0.77696854
-0.83522141
-0.88549471
-0.92721350
-0.95987932
-0.98307701
-0.99648090
-0.99986024
-0.99308371
-0.97612307
-0.94905575
-0.91206641
-0.86544733
-0.80959769
-0.74502157
-0.67232481
-0.59221059
-0.50547384
-0.41299439
-0.31572905
-0.21470251
-0.11099728
-0.00574262
0.09989735
0.20473624
0.30757866
0.40723390
0.50252997
0.59232773
0.67553512
0.75112109
0.81812924
0.87569087
0.92303736
0.95951159
0.98457829
0.99783316
0.99901060
0.98798985
0.96479949
0.92962013
0.88278525
0.82478006
0.75623838
0.67793746
0.59079089
0.49583937
0.39423973
0.28725198
0.17622473
0.06257900
-0.05220932
-0.16662826
-0.27914948
-0.38824872
-0.49242672
-0.59023031
-0.68027338
-0.76125744
-0.83199145
-0.89141062
-0.93859389
-0.97277973
-0.99338013
-0.99999230
-0.99240801
-0.97062038
-0.93482774
-0.88543466
-0.82304986
-0.74848108
-0.66272681
-0.56696491
-0.46253829
-0.35093771
-0.23378188
-0.11279514
0.01021705
0.13339442
0.25484973
0.37269767
0.48508439
0.59021727
0.68639437
0.77203311
0.84569776
0.90612508
0.95224789
0.98321581
0.99841309
0.99747284
0.98028755
0.94701545
0.89808261
0.83418059
0.75625951
0.66551657
0.56338012
0.45148936
0.33167001
0.20590614
0.07630864
-0.05491925
-0.18551876
-0.31321424
-0.43575299
-0.55094551
-0.65670554
-0.75108910
-0.83233185
-0.89888396
-0.94944188
-0.98297624
-0.99875531
-0.99636349
-0.97571432
-0.93705758
-0.88098027
-0.80840128
-0.72055957
-0.61899611
-0.50552959
-0.38222634
-0.25136475
-0.11539495
0.02310585
0.16148131
0.29704658
0.42714047
0.54917828
0.66070422
0.75944232
0.84334479
0.91063681
0.95985667
0.98989040
1.00000000
0.98984452
0.95949339
0.90943149
0.84055575
0.75416300
0.65192920
0.53588026
0.40835486
0.27195988
0.12951915
-0.01598343
-0.16146537
-0.30381045
-0.43993562
-0.56685845
-0.68176382
-0.78206811
-0.86547970
-0.93005405
-0.97424218
-0.99693129
-0.99747628
-0.97572140
-0.93201116
-0.86719015
-0.78259131
-0.68001286
-0.56168397
-0.43021984
-0.28856691
-0.13993929
0.01225229
0.16447760
0.31316822
0.45480136
0.58598425
0.70353689
0.80457140
0.88656568
0.94742973
0.98556259
0.99989850
0.98994074
0.95578207
0.89811103
0.81820354
0.71789969
0.59956595
0.46604352
0.32058369
0.16677161
0.00844022
-0.15042381
-0.30577974
-0.45363567
-0.59015207
-0.71174322
-0.81517393
-0.89764878
-0.95689153
-0.99121216
-0.99955975
-0.98155916
-0.93753052
-0.86849034
-0.77613396
-0.66279939
-0.53141302
-0.38541846
-0.22868993
-0.06543235
0.09992949
0.26286971
0.41888509
0.56362032
0.69299136
0.80330330
0.89135937
0.95455779
0.99097338
0.99942138
0.97950119
0.93161836
0.85698380
0.75758963
0.63616204
0.49609185
0.34134457
0.17635193
0.00588800
-0.16506712
-0.33147189
-0.48837229
-0.63105062
-0.75516987
-0.85690886
-0.93308429
-0.98125531
-0.99980740
-0.98801230
-0.94606184
-0.87507394
-0.77707022
-0.65492510
-0.51228761
-0.35347764
-0.18335954
-0.00719642
0.16951050
0.34119273
0.50239030
0.64792699
0.77307930
0.87373369
0.94652665
0.98896285
0.99950697
0.97764570
0.92391739
0.83990759
0.72821005
0.59235376
0.43669781
0.26629688
0.08674136
-0.09602303
-0.27589045
-0.44679874
-0.60293488
-0.73893529
-0.85007404
-0.93243206
-0.98304148
-0.99999930
-0.98254620
-0.93110667
-0.84728880
-0.73384246
-0.59457701
-0.43424028
-0.25836262
-0.07307081
0.11512217
0.29954434
0.47360121
0.63101303
0.76604444
0.87371797
0.95000328
0.99197488
0.99793192
0.96747491
0.90153581
0.80235947
0.67343613
0.51938681
0.34580465
0.15905768
-0.03394053
-0.22598424
-0.40984362
-0.57853790
-0.72560311
-0.84534413
-0.93306105
-0.98524083
-0.99970606
-0.97571432
-0.91400348
-0.81678010
-0.68765032
-0.53149512
-0.35429349
-0.16289996
0.03521592
0.23225810
0.42040999
0.59214551
0.74053316
0.85952068
0.94418837
0.99096038
0.99776461
0.96413370
0.89124218
0.78187680
0.64034038
0.47229179
0.28452759
0.08471348
-0.11892429
-0.31793534
-0.50399566
-0.66925784
-0.80668632
-0.91036294
-0.97574969
-0.99989642
-0.98158385
-0.92139462
-0.82170805
-0.68661754
-0.52177287
-0.33415287
-0.13177730
0.07663077
0.28201787
0.47539286
0.64822225
0.79281094
0.90265117
0.97272356
0.99973619
0.98228985
0.92096088
0.81829640
0.67872082
0.50835620
0.31476325
0.10661350
-0.10669381
-0.31545314
-0.51009400
-0.68162199
-0.82203933
-0.92472494
-0.98475582
-0.99915372
-0.96704445
-0.88972069
-0.77060405
-0.61510632
-0.43039482
-0.22507146
-0.00877944
0.20824507
0.41565544
0.60348888
0.76264884
0.88535206
0.96551804
0.99908114
0.98420874
0.92141345
0.81355207
0.66570946
0.48497138
0.28009555
0.06109570
-0.16124218
-0.37588831
-0.57211666
-0.74004446
-0.87113632
-0.95864717
-0.99798043
-0.98694220
-0.92587663
-0.81767382
-0.66764792
-0.48328938
-0.27390244
-0.05014436
0.17651094
0.39435849
0.59206740
0.75927415
0.88713294
0.96879364
0.99978087
0.97825293
0.90512492
0.78404732
0.62123918
0.42518227
0.20619067
-0.02412325
-0.25345926
-0.46948440
-0.66049806
-0.81607117
-0.92762435
-0.98891254
-0.99638823
-0.94942160
-0.85036317
-0.70444322
-0.51951104
-0.30562594
-0.07452068
0.16103493
0.38793608
0.59347245
0.76604444
0.89582579
0.97533425
0.99987674
0.96784166
0.88081972
0.74354354
0.56364701
0.35125534
0.11842707
-0.12152221
-0.35477683
-0.56781622
-0.74820249
-0.88531451
-0.97098462
-0.99999951
-0.97043352
-0.88379250
-0.74495691
-0.56192451
-0.34536505
-0.10801076
0.13608350
0.37236787
0.58666471
0.76602368
0.89951300
0.97889813
0.99916498
0.95885379
0.86018045
0.70893485
0.51415925
0.28762331
0.04312515
-0.20434093
-0.43950037
-0.64774241
-0.81603382
-0.93374502
-0.99333552
-0.99085389
-0.92621803
-0.80325519
-0.62949550
-0.41572890
-0.17535011
0.07646970
0.32373394
0.55063541
0.74257060
0.88708821
0.97470998
0.99956881
0.95982041
0.85779854
0.69990013
0.49620406
0.25984482
0.00617876
-0.24820514
-0.48656691
-0.69311946
-0.85408167
-0.95861038
-0.99954720
-0.97392796
-0.88321743
-0.73324961
-0.53387389
-0.29832655
-0.04236661
0.21676882
0.46152113
0.67520156
0.84313639
0.95368719
0.99907420
0.97594378
0.88563728
0.73413868
0.53170035
0.29216856
0.03205158
-0.23060801
-0.47748063
-0.69123076
-0.85674228
-0.96220088
-0.99995535
-0.96709378
-0.86569002
-0.70269838
-0.48949958
-0.24112558
0.02478535
0.28923190
0.53320443
0.73905501
0.89178368
0.98014687
0.99750488
0.94234333
0.81842637
0.63456535
0.40401510
0.14353718
-0.12780507
-0.39003438
-0.62372973
-0.81147098
-0.93915000
-0.99704901
-0.98060226
-0.89078017
-0.73406190
-0.52199334
-0.27035839
0.00197883
0.27447722
0.52646407
0.73870669
0.89489057
0.98289006
0.99573124
0.93216915
0.79683004
0.59990203
0.35639232
0.08500320
-0.19329079
-0.45685740
-0.68508930
-0.86002389
-0.96777254
-0.99964438
-0.95287226
-0.83087851
-0.64305362
-0.40405943
-0.13270599
0.14951346
0.42011684
0.65742400
0.84230154
0.95972062
1.00000000
0.95962980
0.84160428
0.65523023
0.41542036
0.14152260
-0.14422457
-0.41848901
-0.65874974
-0.84515422
-0.96217448
-0.99992285
-0.95501402
-0.83089648
-0.63761913
-0.39104560
-0.11157520
0.17752845
0.45206581
0.68892764
0.86804958
0.97412913
0.99795676
0.93724358
0.79686908
0.58852077
0.32974917
0.04251187
-0.24867455
-0.51882073
-0.74461197
-0.90643234
-0.99008875
-0.98808203
-0.90030900
-0.73412771
-0.50377241
-0.22916167
0.06580308
0.35530538
0.61387015
0.81861197
0.95127641
0.99989101
0.95987479
0.83450116
0.63466523
0.37796806
0.08719195
-0.21170387
-0.49189237
-0.72808825
-0.89884149
-0.98850589
-0.98870044
-0.89912449
-0.72764518
-0.48964044
-0.20664904
0.09555672
0.38930541
0.64755778
0.84640391
0.96729486
0.99879923
0.93771584
0.78943181
0.56748375
0.29235394
-0.01039474
-0.31247778
-0.58552601
-0.80375524
-0.94641715
-0.99979712
-0.95856438
-0.82633886
-0.61541195
-0.34563792
-0.04259256
0.26483295
0.54717875
0.77724304
0.93271779
0.99837649
0.96759738
0.84306690
0.63658570
0.36798607
0.06325611
-0.24795476
-0.53521180
-0.77027451
-0.92988776
-0.99810765
-0.96792694
-0.84203152
-0.63260322
-0.36017772
-0.05166084
0.26230859
0.55039267
0.78368623
0.93863289
0.99943014
0.95967523
0.82307738
0.60315394
0.32192986
0.00776179
-0.30750180
-0.59174190
-0.81584704
-0.95671306
-0.99965380
-0.93996856
-0.78349555
-0.54608308
-0.25202137
0.06841408
0.38206213
0.65630343
0.86246200
0.97882545
0.99296371
0.90309562
0.71834935
0.45787733
0.14890649
-0.17608162
-0.48275190
-0.73854335
-0.91614025
-0.99641561
-0.97052702
-0.84093184
-0.62120120
-0.33464004
-0.01184848
0.31252382
0.60348888
0.82950068
0.96589551
0.99761539
0.92091052
0.74382432
0.48539513
0.17364818
-0.15741481
-0.47150848
-0.73403996
-0.91593291
-0.99687540
-0.96762593
-0.83111214
-0.60218715
-0.30605657
0.02446238
0.35255570
0.64150595
0.85880982
0.97985758
0.99075553
0.88996391
0.68855287
0.40903304
0.08287844
-0.25299044
-0.56037351
-0.80413950
-0.95626059
-0.99906794
-0.92734655
-0.74901646
-0.48430728
-0.16350557
0.17647914
0.49634430
0.75893765
0.93358882
0.99972266
0.94932518
0.78796202
0.53421532
0.21758876
-0.12488865
-0.45297333
-0.72793321
-0.91713462
-0.99794539
-0.96048405
-0.80887645
-0.56085507
-0.24573191
0.09902937
0.43224570
0.71392973
0.91010206
0.99691990
0.96361739
0.81389009
0.56554027
0.24840856
-0.09917404
-0.43499679
-0.71809083
-0.91374115
-0.99777431
-0.95958890
-0.80354375
-0.54851662
-0.22566951
0.12532137
0.46111983
0.74007705
0.92741302
0.99958571
0.94729526
0.77673459
0.50891252
0.17711511
-0.17719460
-0.50953813
-0.77800476
-0.94855572
-0.99937602
-0.92371331
-0.73082853
-0.44491904
-0.10213123
0.25397489
0.57794483
0.82823549
0.97256595
0.99212126
0.88405689
0.66196436
0.35421796
0.00039577
-0.35377984
-0.66233962
-0.88504395
-0.99266019
-0.97084539
-0.82211291
-0.56560688
-0.23469273
0.12734044
0.47291816
0.75642859
0.94026038
0.99982925
0.92691676
0.73086161
0.43742427
0.08545386
-0.27821866
-0.60499483
-0.85100853
-0.98304148
-0.98305332
-0.85070299
-0.60350177
-0.27455488
0.09182554
0.44606156
0.74001187
0.93353092
0.99998888
0.92998874
0.73275514
0.43498224
0.07727500
-0.29134966
-0.62016263
-0.86371026
-0.98812674
-0.97589093
-0.82835315
-0.56566016
-0.22406403
0.14903428
0.50163588
0.78438811
0.95751332
0.99644697
0.89538025
0.66818891
0.34659270
-0.02422014
-0.39190774
-0.70435150
-0.91705734
-0.99952854
-0.93969262
-0.74573231
-0.44503477
-0.08038297
0.29609011
0.63033608
0.87415764
0.99218992
0.96708145
0.80210872
0.52082169
0.16374461
-0.21741532
-0.56723101
-0.83461686
-0.98031626
-0.98271407
-0.84110662
-0.57592612
-0.22585835
0.15774980
0.51839257
0.80272568
0.96848056
0.99079494
0.86600521
0.61231323
0.26719985
-0.11805814
-0.48597407
-0.78142341
-0.95992460
-0.99438205
-0.87926244
-0.63155174
-0.28831943
0.09877218
0.47120930
0.77246415
0.95659545
0.99530045
0.88232952
0.63456535
0.28957207
-0.10004200
-0.47461103
-0.77654124
-0.95918791
-0.99410865
-0.87555823
-0.62150497
-0.27098041
0.12185892
0.49606380
0.79334228
0.96716361
0.99009102
0.85818023
0.59172888
0.23222668
-0.16404738
-0.53480238
-0.82152388
-0.97873608
-0.98126776
-0.82835315
-0.54388895
-0.17277315
0.22612586
0.58927799
0.85861114
0.99082989
0.96443321
0.78328471
0.47613170
0.09211508
-0.30704063
-0.65692479
-0.90084267
-0.99904125
-0.93525155
-0.71946098
-0.38643181
0.00982938
0.40478334
0.73385344
0.94300101
0.99764650
0.88845629
0.63301598
0.27307893
-0.13219362
-0.51591774
-0.81451845
-0.97828977
-0.97972511
-0.81821283
-0.52028378
-0.13533130
0.27251945
0.63506461
0.89143258
0.99834320
0.93747993
0.71870887
0.37856620
-0.02577042
-0.42604471
-0.75442814
-0.95503318
-0.99347628
-0.86284601
-0.58502829
-0.20712317
0.20647518
0.58501519
0.86349036
0.99383773
0.95329767
0.74847037
0.41433271
0.00834330
-0.39938486
-0.73817294
-0.94904557
-0.99504845
-0.86780085
-0.58910832
-0.20731280
0.21102496
0.59269209
0.87063615
0.99578178
0.94576312
0.72900667
0.38340527
-0.03022709
-0.43880376
-0.76986229
-0.96443748
-0.98762014
-0.83490148
-0.53313610
-0.13590746
0.28592103
0.65681517
0.91010206
1.00000000
0.90996814
0.65584017
0.28313354
-0.14102685
-0.53995190
-0.84124639
-0.98997956
-0.95876661
-0.75289926
-0.40954890
0.00886020
0.42594240
0.76527552
0.96442467
0.98648821
0.82702055
0.51501800
0.10773775
-0.31974200
-0.68833026
-0.92956654
-0.99838660
-0.88162149
-0.60061262
-0.20740762
0.22480389
0.61527188
0.89077283
0.99938342
0.92034288
0.66811680
0.28985037
-0.14336133
-0.54978562
-0.85246435
-0.99382161
-0.94668809
-0.71961803
-0.35544127
0.07672740
0.49454823
0.81812924
0.98533194
0.96377267
0.75718882
0.40490151
-0.02557663
-0.45141729
-0.79039267
-0.97677823
-0.97416198
-0.78265165
-0.43903599
-0.00981323
0.42161148
0.77110827
0.97024999
0.97977362
0.79741528
0.45853780
0.02937132
-0.40586136
-0.76144596
-0.96707734
-0.98182377
-0.80236911
-0.46385539
-0.03310101
0.40451744
0.76195881
0.96784978
0.98080123
0.79782449
0.45511783
0.02100637
-0.41760854
-0.77261801
-0.97242674
-0.97645875
-0.78349555
-0.43211459
0.00692182
0.44484670
0.79281094
0.97993493
0.96781727
0.75851674
0.39432880
-0.05066062
-0.48557872
-0.82130277
-0.98875365
-0.95318539
-0.72149978
-0.34102569
0.11005005
0.53868682
0.85616690
0.99649578
0.93020235
0.67063700
0.27140022
-0.18462978
-0.60244505
-0.89469584
-0.99999882
-0.89591909
-0.60386235
-0.18478853
0.27342079
0.67434318
0.93331069
0.99534726
0.84693684
0.51908309
0.08094650
-0.37466051
-0.75089710
-0.96749534
-0.97795372
-0.77962595
-0.41449443
0.03960665
0.48550811
0.82747434
0.99179001
0.94273191
0.69044825
0.28898448
-0.17519107
-0.60174858
-0.89817495
-0.99988691
-0.88439640
-0.57640143
-0.14262590
0.32254155
0.71753974
0.95582006
0.98487640
0.79792187
0.43559305
-0.02276671
-0.47640157
-0.82526387
-0.99211114
-0.93969262
-0.67918335
-0.26793139
0.20305991
0.62920677
0.91556300
0.99802837
0.85779854
0.52577721
0.07588986
-0.39128346
-0.77095397
-0.97764910
-0.96453135
-0.73412771
-0.33798684
0.13473909
0.57728551
0.88937384
0.99998155
0.88360348
0.56625946
0.11980640
-0.35423307
-0.74770928
-0.97053481
-0.97138501
-0.74963689
-0.35574323
0.12012714
0.56865364
0.88646104
0.99999223
0.88263343
0.56108240
0.10940780
-0.36791097
-0.76010400
-0.97583448
-0.96454840
-0.72844249
-0.32218985
0.15959990
0.60433866
0.90775823
0.99840944
0.85459379
0.50969101
0.04454531
-0.43138607
-0.80574975
-0.98984682
-0.93973681
-0.66685381
-0.23554058
0.25200574
0.67988257
0.94603567
0.98666758
0.79164777
0.40717488
-0.07503615
-0.53954394
-0.87479234
-0.99994639
-0.88448686
-0.55578931
-0.09277455
0.39293294
0.78386681
0.98514945
0.94760532
0.67990626
0.24671826
-0.24679653
-0.68043913
-0.94824841
-0.98446220
-0.77978779
-0.38392738
0.10635651
0.57080429
0.89513555
0.99921950
0.85698380
0.50308849
0.02462387
-0.46021656
-0.83129176
-0.99631655
-0.91391171
-0.60411984
-0.14368106
0.35285802
0.76158207
0.98014687
0.95349263
0.68784968
0.24944114
-0.25189631
-0.69015606
-0.95483180
-0.97885520
-0.75572024
-0.34139012
0.15959990
0.62042871
0.92407800
0.99310834
0.80953131
0.41964769
-0.07748437
-0.55511768
-0.89110294
-0.99917747
-0.85122902
-0.48475946
0.00646952
0.49631625
0.85861114
0.99969459
0.88273971
0.53751587
0.05296750
-0.44558439
-0.82880535
-0.99693129
-0.90584472
-0.57880139
-0.10065275
0.40404465
0.80341873
0.99276337
0.92208997
0.60947405
0.13659559
-0.37247281
-0.78375647
-0.98865681
-0.93272361
-0.63027338
-0.16089144
0.35137634
0.77073787
0.98566633
0.93865518
0.64175376
0.17364818
-0.34105606
-0.76493227
-0.98443950
-0.94043076
-0.64424045
-0.17493660
0.34164822
0.76658411
0.98522147
0.93821992
0.63780577
0.16476440
-0.35314518
-0.77562441
-0.98785720
-0.93181197
-0.62226398
-0.14307356
0.37539427
0.79166751
0.99179001
0.92062063
0.59718451
0.10976104
-0.40807468
-0.81399332
-0.99605727
-0.90369825
-0.56192451
-0.06472309
0.45065317
0.84151702
0.99928568
0.87976210
0.51568248
0.00792332
-0.50232046
-0.87274975
-0.99969099
-0.84723731
-0.45757572
0.06051524
0.56191115
0.90575575
0.99508851
0.80432191
0.38674467
-0.14019520
-0.62781212
-0.93811367
-0.98292278
-0.74908067
-0.30248660
0.23030935
0.69786668
0.96689210
0.96032653
0.67957451
0.20441999
-0.32948990
-0.76928465
-0.98865196
-0.92421994
-0.59403137
-0.09267804
0.43565121
0.83857246
0.99949061
0.87146135
0.49106235
-0.03187398
-0.54583948
-0.90150086
-0.99514432
-0.79905966
-0.36992288
0.16740868
0.65610840
0.95313165
0.97116591
0.70445469
0.23081234
-0.31091219
-0.76144596
-0.98792737
-0.92319265
-0.58586643
-0.07519723
0.45799221
0.85578272
0.99996867
0.84731454
0.44270426
-0.09386821
-0.60275444
-0.93211651
-0.98330117
-0.74054401
-0.27601466
0.27146241
0.73779141
0.98278875
0.93242623
0.60137436
0.08892977
-0.45060991
-0.85433364
-0.99994368
-0.84293656
-0.43039482
0.11293959
0.62225133
0.94261331
0.97618969
0.71227633
0.23090665
-0.32124156
-0.77544085
-0.99248332
-0.90546115
-0.54057719
-0.00945787
0.52484252
0.89784091
0.99431517
0.78404732
0.33148713
-0.22381213
-0.71010733
-0.97657012
-0.94016686
-0.61171280
-0.09287105
0.45514660
0.86159411
0.99942905
0.82516351
0.39278439
-0.16277245
-0.66759981
-0.96323213
-0.95647768
-0.64897225
-0.13702764
0.41835696
0.84204023
1.00000000
0.84186592
0.41718284
-0.13990730
-0.65289634
-0.95880333
-0.96004223
-0.65573041
-0.14233810
0.41671300
0.84298001
0.99998596
0.83705556
0.40587612
-0.15569172
-0.66755170
-0.96510047
-0.95225282
-0.63265326
-0.10887791
0.45030705
0.86423897
0.99876576
0.80987258
0.35829330
-0.20980897
-0.71001633
-0.97950444
-0.93014898
-0.57753610
-0.03626524
0.51712113
0.90164762
0.99114580
0.75581545
0.27236402
-0.30079246
-0.77531843
-0.99484737
-0.88663293
-0.48586113
0.07556771
0.61228769
0.94662042
0.96747491
0.66744345
0.14564707
-0.42481671
-0.85419928
-0.99924795
-0.81114989
-0.35217776
0.22470944
0.72670263
0.98556806
0.91414106
0.53588026
-0.02260521
-0.57375837
-0.93199945
-0.97628421
-0.69118407
-0.17248675
0.40478334
0.84531824
0.99963266
0.81493995
0.35343231
-0.22843831
-0.73285407
-0.98786723
-0.90613192
-0.51503184
0.05225772
0.60194209
0.94575263
0.96550963
0.65393575
0.11756086
-0.45949934
-0.87864613
-0.99518873
-0.76845835
-0.27623202
0.31172579
0.79208183
0.99825658
0.85832946
0.42035137
-0.16391990
-0.69144085
-0.97841013
-0.92441720
-0.54778704
0.02039266
0.58170889
0.93964289
0.96844836
0.65752137
0.11553936
-0.46731504
-0.88598959
-0.99274590
-0.74946580
-0.24150181
0.35204169
0.82133042
0.99999623
0.82426821
0.35596968
-0.23899292
-0.74925187
-0.99305333
-0.88312650
-0.45815016
0.13060827
0.67295833
0.97478212
0.92761832
0.54785461
-0.02870930
-0.59522623
-0.94794021
-0.95955253
-0.62536979
-0.06543235
0.51839257
0.91509462
0.98084531
0.69133581
0.15101467
-0.44436922
-0.87856899
-0.99342090
-0.74663566
-0.22762045
0.37467549
0.84041571
0.99913569
0.79229871
0.29513333
-0.31048227
-0.80240767
-0.99972304
-0.82941948
-0.35365896
0.25266224
0.76604444
0.99675561
0.85909105
0.40345351
-0.20184183
-0.73256824
-0.99162184
-0.88235232
-0.44486117
0.15845163
0.70298565
0.98551332
0.90014723
0.47826107
-0.12277277
-0.67809182
-0.97941976
-0.91329430
-0.50402356
0.09497783
0.65849448
0.97412913
0.92246461
0.52247549
-0.07516502
-0.64463572
-0.97023043
-0.92816640
-0.53387389
0.06338508
0.63680992
0.96811740
0.93073499
0.53838737
-0.05966064
-0.63517691
-0.96799184
-0.93032681
-0.53608482
0.06399768
0.63976946
0.96986550
0.92691676
0.52693095
-0.07638917
-0.65049490
-0.97356023
-0.92029865
-0.51078854
0.09681087
0.66713063
0.97870624
0.91008867
0.48742755
-0.12520919
-0.68931393
-0.98473895
-0.89573244
-0.45654124
0.16148131
0.71652636
0.99089525
0.87651640
0.41776999
-0.20544770
-0.74807387
-0.99621052
-0.85158487
-0.37073316
0.25681737
0.78306373
0.99951807
0.81996426
0.31506989
-0.31514654
-0.82038014
-0.99945335
-0.78059617
-0.25048909
0.37979189
0.85866082
0.99446552
0.73238129
0.17682893
-0.44985987
-0.89627759
-0.98283944
-0.67423582
-0.09412552
0.52415485
0.93132451
0.96273136
0.60516202
0.00268959
-0.60112912
-0.96161799
-0.93222177
-0.52433368
0.09681087
0.67883944
0.98471364
0.88938861
0.43119660
-0.20326553
-0.75491567
-0.99794539
-0.83240347
-0.32558266
0.31503923
0.82654804
0.99849213
0.75965246
0.20783427
-0.42989900
-0.89050105
-0.98347709
-0.66988175
-0.07893375
0.54495940
0.94316217
0.95010410
0.56236538
-0.05937039
-0.65665681
-0.98063391
-0.89583297
-0.43709014
0.20445162
0.76076490
0.99887707
0.81859342
0.29494812
-0.35272198
-0.85246435
-0.99391093
-0.71703324
-0.13792366
-0.13792366
-0.71703324
-0.99391093
-0.85246435
-0.35272198
0.29494812
0.81859342
0.99887707
0.76076490
0.20445162
-0.43709014
-0.89583297
-0.98063391
-0.65665681
-0.05937039
0.56236538
0.95010410
0.94316217
0.54495940
-0.07893375
-0.66988175
-0.98347709
-0.89050105
-0.42989900
0.20783427
0.75965246
0.99849213
0.82654804
0.31503923
-0.32558266
-0.83240347
-0.99794539
-0.75491567
-0.20326553
0.43119660
0.88938861
0.98471364
0.67883944
0.09681087
-0.52433368
-0.93222177
-0.96161799
-0.60112912
0.00268959
0.60516202
0.96273136
0.93132451
0.52415485
-0.09412552
-0.67423582
-0.98283944
-0.89627759
-0.44985987
0.17682893
0.73238129
0.99446552
0.85866082
0.37979189
-0.25048909
-0.78059617
-0.99945335
-0.82038014
-0.31514654
0.31506989
0.81996426
0.99951807
0.78306373
0.25681737
-0.37073316
-0.85158487
-0.99621052
-0.74807387
-0.20544770
0.41776999
0.87651640
0.99089525
0.71652636
0.16148131
-0.45654124
-0.89573244
-0.98473895
-0.68931393
-0.12520919
0.48742755
0.91008867
0.97870624
0.66713063
0.09681087
-0.51078854
-0.92029865
-0.97356023
-0.65049490
-0.07638917
0.52693095
0.92691676
0.96986550
0.63976946
0.06399768
-0.53608482
-0.93032681
-0.96799184
-0.63517691
-0.05966064
0.53838737
0.93073499
0.96811740
0.63680992
0.06338508
-0.53387389
-0.92816640
-0.97023043
-0.64463572
-0.07516502
0.52247549
0.92246461
0.97412913
0.65849448
0.09497783
-0.50402356
-0.91329430
-0.97941976
-0.67809182
-0.12277277
0.47826107
0.90014723
0.98551332
0.70298565
0.15845163
-0.44486117
-0.88235232
-0.99162184
-0.73256824
-0.20184183
0.40345351
0.85909105
0.99675561
0.76604444
0.25266224
-0.35365896
-0.82941948
-0.99972304
-0.80240767
-0.31048227
0.29513333
0.79229871
0.99913569
0.84041571
0.37467549
-0.22762045
-0.74663566
-0.99342090
-0.87856899
-0.44436922
0.15101467
0.69133581
0.98084531
0.91509462
0.51839257
-0.06543235
-0.62536979
-0.95955253
-0.94794021
-0.59522623
-0.02870930
0.54785461
0.92761832
0.97478212
0.67295833
0.13060827
-0.45815016
-0.88312650
-0.99305333
-0.74925187
-0.23899292
0.35596968
0.82426821
0.99999623
0.82133042
0.35204169
-0.24150181
-0.74946580
-0.99274590
-0.88598959
-0.46731504
0.11553936
0.65752137
0.96844836
0.93964289
0.58170889
0.02039266
-0.54778704
-0.92441720
-0.97841013
-0.69144085
-0.16391990
0.42035137
0.85832946
0.99825658
0.79208183
0.31172579
-0.27623202
-0.76845835
-0.99518873
-0.87864613
-0.45949934
0.11756086
0.65393575
0.96550963
0.94575263
0.60194209
0.05225772
-0.51503184
-0.90613192
-0.98786723
-0.73285407
-0.22843831
0.35343231
0.81493995
0.99963266
0.84531824
0.40478334
-0.17248675
-0.69118407
-0.97628421
-0.93199945
-0.57375837
-0.02260521
0.53588026
0.91414106
0.98556806
0.72670263
0.22470944
-0.35217776
-0.81114989
-0.99924795
-0.85419928
-0.42481671
0.14564707
0.66744345
0.96747491
0.94662042
0.61228769
0.07556771
-0.48586113
-0.88663293
-0.99484737
-0.77531843
-0.30079246
0.27236402
0.75581545
0.99114580
0.90164762
0.51712113
-0.03626524
-0.57753610
-0.93014898
-0.97950444
-0.71001633
-0.20980897
0.35829330
0.80987258
0.99876576
0.86423897
0.45030705
-0.10887791
-0.63265326
-0.95225282
-0.96510047
-0.66755170
-0.15569172
0.40587612
0.83705556
0.99998596
0.84298001
0.41671300
-0.14233810
-0.65573041
-0.96004223
-0.95880333
-0.65289634
-0.13990730
0.41718284
0.84186592
1.00000000
0.84204023
0.41835696
-0.13702764
-0.64897225
-0.95647768
-0.96323213
-0.66759981
-0.16277245
0.39278439
0.82516351
0.99942905
0.86159411
0.45514660
-0.09287105
-0.61171280
-0.94016686
-0.97657012
-0.71010733
-0.22381213
0.33148713
0.78404732
0.99431517
0.89784091
0.52484252
-0.00945787
-0.54057719
-0.90546115
-0.99248332
-0.77544085
-0.32124156
0.23090665
0.71227633
0.97618969
0.94261331
0.62225133
0.11293959
-0.43039482
-0.84293656
-0.99994368
-0.85433364
-0.45060991
0.08892977
0.60137436
0.93242623
0.98278875
0.73779141
0.27146241
-0.27601466
-0.74054401
-0.98330117
-0.93211651
-0.60275444
-0.09386821
0.44270426
0.84731454
0.99996867
0.85578272
0.45799221
-0.07519723
-0.58586643
-0.92319265
-0.98792737
-0.76144596
-0.31091219
0.23081234
0.70445469
0.97116591
0.95313165
0.65610840
0.16740868
-0.36992288
-0.79905966
-0.99514432
-0.90150086
-0.54583948
-0.03187398
0.49106235
0.87146135
0.99949061
0.83857246
0.43565121
-0.09267804
-0.59403137
-0.92421994
-0.98865196
-0.76928465
-0.32948990
0.20441999
0.67957451
0.96032653
0.96689210
0.69786668
0.23030935
-0.30248660
-0.74908067
-0.98292278
-0.93811367
-0.62781212
-0.14019520
0.38674467
0.80432191
0.99508851
0.90575575
0.56191115
0.06051524
-0.45757572
-0.84723731
-0.99969099
-0.87274975
-0.50232046
0.00792332
0.51568248
0.87976210
0.99928568
0.84151702
0.45065317
-0.06472309
-0.56192451
-0.90369825
-0.99605727
-0.81399332
-0.40807468
0.10976104
0.59718451
0.92062063
0.99179001
0.79166751
0.37539427
-0.14307356
-0.62226398
-0.93181197
-0.98785720
-0.77562441
-0.35314518
0.16476440
0.63780577
0.93821992
0.98522147
0.76658411
0.34164822
-0.17493660
-0.64424045
-0.94043076
-0.98443950
-0.76493227
-0.34105606
0.17364818
0.64175376
0.93865518
0.98566633
0.77073787
0.35137634
-0.16089144
-0.63027338
-0.93272361
-0.98865681
-0.78375647
-0.37247281
0.13659559
0.60947405
0.92208997
0.99276337
0.80341873
0.40404465
-0.10065275
-0.57880139
-0.90584472
-0.99693129
-0.82880535
-0.44558439
0.05296750
0.53751587
0.88273971
0.99969459
0.85861114
0.49631625
0.00646952
-0.48475946
-0.85122902
-0.99917747
-0.89110294
-0.55511768
-0.07748437
0.41964769
0.80953131
0.99310834
0.92407800
0.62042871
0.15959990
-0.34139012
-0.75572024
-0.97885520
-0.95483180
-0.69015606
-0.25189631
0.24944114
0.68784968
0.95349263
0.98014687
0.76158207
0.35285802
-0.14368106
-0.60411984
-0.91391171
-0.99631655
-0.83129176
-0.46021656
0.02462387
0.50308849
0.85698380
0.99921950
0.89513555
0.57080429
0.10635651
-0.38392738
-0.77978779
-0.98446220
-0.94824841
-0.68043913
-0.24679653
0.24671826
0.67990626
0.94760532
0.98514945
0.78386681
0.39293294
-0.09277455
-0.55578931
-0.88448686
-0.99994639
-0.87479234
-0.53954394
-0.07503615
0.40717488
0.79164777
0.98666758
0.94603567
0.67988257
0.25200574
-0.23554058
-0.66685381
-0.93973681
-0.98984682
-0.80574975
-0.43138607
0.04454531
0.50969101
0.85459379
0.99840944
0.90775823
0.60433866
0.15959990
-0.32218985
-0.72844249
-0.96454840
-0.97583448
-0.76010400
-0.36791097
0.10940780
0.56108240
0.88263343
0.99999223
0.88646104
0.56865364
0.12012714
-0.35574323
-0.74963689
-0.97138501
-0.97053481
-0.74770928
-0.35423307
0.11980640
0.56625946
0.88360348
0.99998155
0.88937384
0.57728551
0.13473909
-0.33798684
-0.73412771
-0.96453135
-0.97764910
-0.77095397
-0.39128346
0.07588986
0.52577721
0.85779854
0.99802837
0.91556300
0.62920677
0.20305991
-0.26793139
-0.67918335
-0.93969262
-0.99211114
-0.82526387
-0.47640157
-0.02276671
0.43559305
0.79792187
0.98487640
0.95582006
0.71753974
0.32254155
-0.14262590
-0.57640143
-0.88439640
-0.99988691
-0.89817495
-0.60174858
-0.17519107
0.28898448
0.69044825
0.94273191
0.99179001
0.82747434
0.48550811
0.03960665
-0.41449443
-0.77962595
-0.97795372
-0.96749534
-0.75089710
-0.37466051
0.08094650
0.51908309
0.84693684
0.99534726
0.93331069
0.67434318
0.27342079
-0.18478853
-0.60386235
-0.89591909
-0.99999882
-0.89469584
-0.60244505
-0.18462978
0.27140022
0.67063700
0.93020235
0.99649578
0.85616690
0.53868682
0.11005005
-0.34102569
-0.72149978
-0.95318539
-0.98875365
-0.82130277
-0.48557872
-0.05066062
0.39432880
0.75851674
0.96781727
0.97993493
0.79281094
0.44484670
0.00692182
-0.43211459
-0.78349555
-0.97645875
-0.97242674
-0.77261801
-0.41760854
0.02100637
0.45511783
0.79782449
0.98080123
0.96784978
0.76195881
0.40451744
-0.03310101
-0.46385539
-0.80236911
-0.98182377
-0.96707734
-0.76144596
-0.40586136
0.02937132
0.45853780
0.79741528
0.97977362
0.97024999
0.77110827
0.42161148
-0.00981323
-0.43903599
-0.78265165
-0.97416198
-0.97677823
-0.79039267
-0.45141729
-0.02557663
0.40490151
0.75718882
0.96377267
0.98533194
0.81812924
0.49454823
0.07672740
-0.35544127
-0.71961803
-0.94668809
-0.99382161
-0.85246435
-0.54978562
-0.14336133
0.28985037
0.66811680
0.92034288
0.99938342
0.89077283
0.61527188
0.22480389
-0.20740762
-0.60061262
-0.88162149
-0.99838660
-0.92956654
-0.68833026
-0.31974200
0.10773775
0.51501800
0.82702055
0.98648821
0.96442467
0.76527552
0.42594240
0.00886020
-0.40954890
-0.75289926
-0.95876661
-0.98997956
-0.84124639
-0.53995190
-0.14102685
0.28313354
0.65584017
0.90996814
1.00000000
0.91010206
0.65681517
0.28592103
-0.13590746
-0.53313610
-0.83490148
-0.98762014
-0.96443748
-0.76986229
-0.43880376
-0.03022709
0.38340527
0.72900667
0.94576312
0.99578178
0.87063615
0.59269209
0.21102496
-0.20731280
-0.58910832
-0.86780085
-0.99504845
-0.94904557
-0.73817294
-0.39938486
0.00834330
0.41433271
0.74847037
0.95329767
0.99383773
0.86349036
0.58501519
0.20647518
-0.20712317
-0.58502829
-0.86284601
-0.99347628
-0.95503318
-0.75442814
-0.42604471
-0.02577042
0.37856620
0.71870887
0.93747993
0.99834320
0.89143258
0.63506461
0.27251945
-0.13533130
-0.52028378
-0.81821283
-0.97972511
-0.97828977
-0.81451845
-0.51591774
-0.13219362
0.27307893
0.63301598
0.88845629
0.99764650
0.94300101
0.73385344
0.40478334
0.00982938
-0.38643181
-0.71946098
-0.93525155
-0.99904125
-0.90084267
-0.65692479
-0.30704063
0.09211508
0.47613170
0.78328471
0.96443321
0.99082989
0.85861114
0.58927799
0.22612586
-0.17277315
-0.54388895
-0.82835315
-0.98126776
-0.97873608
-0.82152388
-0.53480238
-0.16404738
0.23222668
0.59172888
0.85818023
0.99009102
0.96716361
0.79334228
0.49606380
0.12185892
-0.27098041
-0.62150497
-0.87555823
-0.99410865
-0.95918791
-0.77654124
-0.47461103
-0.10004200
0.28957207
0.63456535
0.88232952
0.99530045
0.95659545
0.77246415
0.47120930
0.09877218
-0.28831943
-0.63155174
-0.87926244
-0.99438205
-0.95992460
-0.78142341
-0.48597407
-0.11805814
0.26719985
0.61231323
0.86600521
0.99079494
0.96848056
0.80272568
0.51839257
0.15774980
-0.22585835
-0.57592612
-0.84110662
-0.98271407
-0.98031626
-0.83461686
-0.56723101
-0.21741532
0.16374461
0.52082169
0.80210872
0.96708145
0.99218992
0.87415764
0.63033608
0.29609011
-0.08038297
-0.44503477
-0.74573231
-0.93969262
-0.99952854
-0.91705734
-0.70435150
-0.39190774
-0.02422014
0.34659270
0.66818891
0.89538025
0.99644697
0.95751332
0.78438811
0.50163588
0.14903428
-0.22406403
-0.56566016
-0.82835315
-0.97589093
-0.98812674
-0.86371026
-0.62016263
-0.29134966
0.07727500
0.43498224
0.73275514
0.92998874
0.99998888
0.93353092
0.74001187
0.44606156
0.09182554
-0.27455488
-0.60350177
-0.85070299
-0.98305332
-0.98304148
-0.85100853
-0.60499483
-0.27821866
0.08545386
0.43742427
0.73086161
0.92691676
0.99982925
0.94026038
0.75642859
0.47291816
0.12734044
-0.23469273
-0.56560688
-0.82211291
-0.97084539
-0.99266019
-0.88504395
-0.66233962
-0.35377984
0.00039577
0.35421796
0.66196436
0.88405689
0.99212126
0.97256595
0.82823549
0.57794483
0.25397489
-0.10213123
-0.44491904
-0.73082853
-0.92371331
-0.99937602
-0.94855572
-0.77800476
-0.50953813
-0.17719460
0.17711511
0.50891252
0.77673459
0.94729526
0.99958571
0.92741302
0.74007705
0.46111983
0.12532137
-0.22566951
-0.54851662
-0.80354375
-0.95958890
-0.99777431
-0.91374115
-0.71809083
-0.43499679
-0.09917404
0.24840856
0.56554027
0.81389009
0.96361739
0.99691990
0.91010206
0.71392973
0.43224570
0.09902937
-0.24573191
-0.56085507
-0.80887645
-0.96048405
-0.99794539
-0.91713462
-0.72793321
-0.45297333
-0.12488865
0.21758876
0.53421532
0.78796202
0.94932518
0.99972266
0.93358882
0.75893765
0.49634430
0.17647914
-0.16350557
-0.48430728
-0.74901646
-0.92734655
-0.99906794
-0.95626059
-0.80413950
-0.56037351
-0.25299044
0.08287844
0.40903304
0.68855287
0.88996391
0.99075553
0.97985758
0.85880982
0.64150595
0.35255570
0.02446238
-0.30605657
-0.60218715
-0.83111214
-0.96762593
-0.99687540
-0.91593291
-0.73403996
-0.47150848
-0.15741481
0.17364818
0.48539513
0.74382432
0.92091052
0.99761539
0.96589551
0.82950068
0.60348888
0.31252382
-0.01184848
-0.33464004
-0.62120120
-0.84093184
-0.97052702
-0.99641561
-0.91614025
-0.73854335
-0.48275190
-0.17608162
0.14890649
0.45787733
0.71834935
0.90309562
0.99296371
0.97882545
0.86246200
0.65630343
0.38206213
0.06841408
-0.25202137
-0.54608308
-0.78349555
-0.93996856
-0.99965380
-0.95671306
-0.81584704
-0.59174190
-0.30750180
0.00776179
0.32192986
0.60315394
0.82307738
0.95967523
0.99943014
0.93863289
0.78368623
0.55039267
0.26230859
-0.05166084
-0.36017772
-0.63260322
-0.84203152
-0.96792694
-0.99810765
-0.92988776
-0.77027451
-0.53521180
-0.24795476
0.06325611
0.36798607
0.63658570
0.84306690
0.96759738
0.99837649
0.93271779
0.77724304
0.54717875
0.26483295
-0.04259256
-0.34563792
-0.61541195
-0.82633886
-0.95856438
-0.99979712
-0.94641715
-0.80375524
-0.58552601
-0.31247778
-0.01039474
0.29235394
0.56748375
0.78943181
0.93771584
0.99879923
0.96729486
0.84640391
0.64755778
0.38930541
0.09555672
-0.20664904
-0.48964044
-0.72764518
-0.89912449
-0.98870044
-0.98850589
-0.89884149
-0.72808825
-0.49189237
-0.21170387
0.08719195
0.37796806
0.63466523
0.83450116
0.95987479
0.99989101
0.95127641
0.81861197
0.61387015
0.35530538
0.06580308
-0.22916167
-0.50377241
-0.73412771
-0.90030900
-0.98808203
-0.99008875
-0.90643234
-0.74461197
-0.51882073
-0.24867455
0.04251187
0.32974917
0.58852077
0.79686908
0.93724358
0.99795676
0.97412913
0.86804958
0.68892764
0.45206581
0.17752845
-0.11157520
-0.39104560
-0.63761913
-0.83089648
-0.95501402
-0.99992285
-0.96217448
-0.84515422
-0.65874974
-0.41848901
-0.14422457
0.14152260
0.41542036
0.65523023
0.84160428
0.95962980
1.00000000
0.95972062
0.84230154
0.65742400
0.42011684
0.14951346
-0.13270599
-0.40405943
-0.64305362
-0.83087851
-0.95287226
-0.99964438
-0.96777254
-0.86002389
-0.68508930
-0.45685740
-0.19329079
0.08500320
0.35639232
0.59990203
0.79683004
0.93216915
0.99573124
0.98289006
0.89489057
0.73870669
0.52646407
0.27447722
0.00197883
-0.27035839
-0.52199334
-0.73406190
-0.89078017
-0.98060226
-0.99704901
-0.93915000
-0.81147098
-0.62372973
-0.39003438
-0.12780507
0.14353718
0.40401510
0.63456535
0.81842637
0.94234333
0.99750488
0.98014687
0.89178368
0.73905501
0.53320443
0.28923190
0.02478535
-0.24112558
-0.48949958
-0.70269838
-0.86569002
-0.96709378
-0.99995535
-0.96220088
-0.85674228
-0.69123076
-0.47748063
-0.23060801
0.03205158
0.29216856
0.53170035
0.73413868
0.88563728
0.97594378
0.99907420
0.95368719
0.84313639
0.67520156
0.46152113
0.21676882
-0.04236661
-0.29832655
-0.53387389
-0.73324961
-0.88321743
-0.97392796
-0.99954720
-0.95861038
-0.85408167
-0.69311946
-0.48656691
-0.24820514
0.00617876
0.25984482
0.49620406
0.69990013
0.85779854
0.95982041
0.99956881
0.97470998
0.88708821
0.74257060
0.55063541
0.32373394
0.07646970
-0.17535011
-0.41572890
-0.62949550
-0.80325519
-0.92621803
-0.99085389
-0.99333552
-0.93374502
-0.81603382
-0.64774241
-0.43950037
-0.20434093
0.04312515
0.28762331
0.51415925
0.70893485
0.86018045
0.95885379
0.99916498
0.97889813
0.89951300
0.76602368
0.58666471
0.37236787
0.13608350
-0.10801076
-0.34536505
-0.56192451
-0.74495691
-0.88379250
-0.97043352
-0.99999951
-0.97098462
-0.88531451
-0.74820249
-0.56781622
-0.35477683
-0.12152221
0.11842707
0.35125534
0.56364701
0.74354354
0.88081972
0.96784166
0.99987674
0.97533425
0.89582579
0.76604444
0.59347245
0.38793608
0.16103493
-0.07452068
-0.30562594
-0.51951104
-0.70444322
-0.85036317
-0.94942160
-0.99638823
-0.98891254
-0.92762435
-0.81607117
-0.66049806
-0.46948440
-0.25345926
-0.02412325
0.20619067
0.42518227
0.62123918
0.78404732
0.90512492
0.97825293
0.99978087
0.96879364
0.88713294
0.75927415
0.59206740
0.39435849
0.17651094
-0.05014436
-0.27390244
-0.48328938
-0.66764792
-0.81767382
-0.92587663
-0.98694220
-0.99798043
-0.95864717
-0.87113632
-0.74004446
-0.57211666
-0.37588831
-0.16124218
0.06109570
0.28009555
0.48497138
0.66570946
0.81355207
0.92141345
0.98420874
0.99908114
0.96551804
0.88535206
0.76264884
0.60348888
0.41565544
0.20824507
-0.00877944
-0.22507146
-0.43039482
-0.61510632
-0.77060405
-0.88972069
-0.96704445
-0.99915372
-0.98475582
-0.92472494
-0.82203933
-0.68162199
-0.51009400
-0.31545314
-0.10669381
0.10661350
0.31476325
0.50835620
0.67872082
0.81829640
0.92096088
0.98228985
0.99973619
0.97272356
0.90265117
0.79281094
0.64822225
0.47539286
0.28201787
0.07663077
-0.13177730
-0.33415287
-0.52177287
-0.68661754
-0.82170805
-0.92139462
-0.98158385
-0.99989642
-0.97574969
-0.91036294
-0.80668632
-0.66925784
-0.50399566
-0.31793534
-0.11892429
0.08471348
0.28452759
0.47229179
0.64034038
0.78187680
0.89124218
0.96413370
0.99776461
0.99096038
0.94418837
0.85952068
0.74053316
0.59214551
0.42040999
0.23225810
0.03521592
-0.16289996
-0.35429349
-0.53149512
-0.68765032
-0.81678010
-0.91400348
-0.97571432
-0.99970606
-0.98524083
-0.93306105
-0.84534413
-0.72560311
-0.57853790
-0.40984362
-0.22598424
-0.03394053
0.15905768
0.34580465
0.51938681
0.67343613
0.80235947
0.90153581
0.96747491
0.99793192
0.99197488
0.95000328
0.87371797
0.76604444
0.63101303
0.47360121
0.29954434
0.11512217
-0.07307081
-0.25836262
-0.43424028
-0.59457701
-0.73384246
-0.84728880
-0.93110667
-0.98254620
-0.99999930
-0.98304148
-0.93243206
-0.85007404
-0.73893529
-0.60293488
-0.44679874
-0.27589045
-0.09602303
0.08674136
0.26629688
0.43669781
0.59235376
0.72821005
0.83990759
0.92391739
0.97764570
0.99950697
0.98896285
0.94652665
0.87373369
0.77307930
0.64792699
0.50239030
0.34119273
0.16951050
-0.00719642
-0.18335954
-0.35347764
-0.51228761
-0.65492510
-0.77707022
-0.87507394
-0.94606184
-0.98801230
-0.99980740
-0.98125531
-0.93308429
-0.85690886
-0.75516987
-0.63105062
-0.48837229
-0.33147189
-0.16506712
0.00588800
0.17635193
0.34134457
0.49609185
0.63616204
0.75758963
0.85698380
0.93161836
0.97950119
0.99942138
0.99097338
0.95455779
0.89135937
0.80330330
0.69299136
0.56362032
0.41888509
0.26286971
0.09992949
-0.06543235
-0.22868993
-0.38541846
-0.53141302
-0.66279939
-0.77613396
-0.86849034
-0.93753052
-0.98155916
-0.99955975
-0.99121216
-0.95689153
-0.89764878
-0.81517393
-0.71174322
-0.59015207
-0.45363567
-0.30577974
-0.15042381
0.00844022
0.16677161
0.32058369
0.46604352
0.59956595
0.71789969
0.81820354
0.89811103
0.95578207
0.98994074
0.99989850
0.98556259
0.94742973
0.88656568
0.80457140
0.70353689
0.58598425
0.45480136
0.31316822
0.16447760
0.01225229
-0.13993929
-0.28856691
-0.43021984
-0.56168397
-0.68001286
-0.78259131
-0.86719015
-0.93201116
-0.97572140
-0.99747628
-0.99693129
-0.97424218
-0.93005405
-0.86547970
-0.78206811
-0.68176382
-0.56685845
-0.43993562
-0.30381045
-0.16146537
-0.01598343
0.12951915
0.27195988
0.40835486
0.53588026
0.65192920
0.75416300
0.84055575
0.90943149
0.95949339
0.98984452
1.00000000
0.98989040
0.95985667
0.91063681
0.84334479
0.75944232
0.66070422
0.54917828
0.42714047
0.29704658
0.16148131
0.02310585
-0.11539495
-0.25136475
-0.38222634
-0.50552959
-0.61899611
-0.72055957
-0.80840128
-0.88098027
-0.93705758
-0.97571432
-0.99636349
-0.99875531
-0.98297624
-0.94944188
-0.89888396
-0.83233185
-0.75108910
-0.65670554
-0.55094551
-0.43575299
-0.31321424
-0.18551876
-0.05491925
0.07630864
0.20590614
0.33167001
0.45148936
0.56338012
0.66551657
0.75625951
0.83418059
0.89808261
0.94701545
0.98028755
0.99747284
0.99841309
0.98321581
0.95224789
0.90612508
0.84569776
0.77203311
0.68639437
0.59021727
0.48508439
0.37269767
0.25484973
0.13339442
0.01021705
-0.11279514
-0.23378188
-0.35093771
-0.46253829
-0.56696491
-0.66272681
-0.74848108
-0.82304986
-0.88543466
-0.93482774
-0.97062038
-0.99240801
-0.99999230
-0.99338013
-0.97277973
-0.93859389
-0.89141062
-0.83199145
-0.76125744
-0.68027338
-0.59023031
-0.49242672
-0.38824872
-0.27914948
-0.16662826
-0.05220932
0.06257900
0.17622473
0.28725198
0.39423973
0.49583937
0.59079089
0.67793746
0.75623838
0.82478006
0.88278525
0.92962013
0.96479949
0.98798985
0.99901060
0.99783316
0.98457829
0.95951159
0.92303736
0.87569087
0.81812924
0.75112109
0.67553512
0.59232773
0.50252997
0.40723390
0.30757866
0.20473624
0.09989735
-0.00574262
-0.11099728
-0.21470251
-0.31572905
-0.41299439
-0.50547384
-0.59221059
-0.67232481
-0.74502157
-0.80959769
-0.86544733
-0.91206641
-0.94905575
-0.97612307
-0.99308371
-0.99986024
-0.99648090
-0.98307701
-0.95987932
-0.92721350
-0.88549471
-0.83522141
-0.77696854
-0.71138002
-0.63916092
-0.56106903
-0.47790637
-0.39051030
-0.29974469
-0.20649099
-0.11163941
-0.01608034
0.07930412
0.17364818
0.26611003
0.35587910
0.44218274
0.52429241
0.60152923
0.67326893
0.73894618
0.79805817
0.85016761
0.89490499
0.93197017
0.96113336
0.98223533
0.99518715
0.99996918
0.99662959
0.98528228
0.96610433
0.93933298
0.90526223
0.86423897
0.81665892
0.76296221
0.70362873
0.63917334
0.57014093
0.49710138
0.42064449
0.34137493
0.25990721
0.17686073
0.09285497
0.00850483
-0.07558382
-0.15881846
-0.24062388
-0.32044598
-0.39775519
-0.47204971
-0.54285833
-0.60974296
-0.67230089
-0.73016664
-0.78301350
-0.83055477
-0.87254464
-0.90877877
-0.93909450
-0.96337088
-0.98152826
-0.99352776
-0.99937031
-0.99909562
-0.99278081
-0.98053889
-0.96251698
-0.93889449
-0.90988104
-0.87571427
-0.83665762
-0.79299796
-0.74504312
-0.69311946
-0.63756936
-0.57874869
-0.51702435
-0.45277170
-0.38637222
-0.31821101
-0.24867455
-0.17814840
-0.10701503
-0.03565179
0.03557107
0.10629226
0.17616112
0.24483928
0.31200205
0.37733985
0.44055929
0.50138432
0.55955711
0.61483883
0.66701029
0.71587249
0.76124697
0.80297607
0.84092310
0.87497228
0.90502875
0.93101827
0.95288696
0.97060094
0.98414577
0.99352592
0.99876416
0.99990079
0.99699294
0.99011369
0.97935124
0.96480798
0.94659959
0.92485401
0.89971052
0.87131870
0.83983744
0.80543392
0.76828259
0.72856422
0.68646485
0.64217487
0.59588803
0.54780056
0.49811023
0.44701550
0.39471473
0.34140530
0.28728292
0.23254091
0.17736947
0.12195512
0.06648005
0.01112161
-0.04394820
-0.09856321
-0.15256343
-0.20579549
-0.25811293
-0.30937647
-0.35945428
-0.40822215
-0.45556367
-0.50137035
-0.54554167
-0.58798518
-0.62861649
-0.66735924
-0.70414506
-0.73891353
-0.77161200
-0.80219553
-0.83062673
-0.85687555
-0.88091912
-0.90274152
-0.92233358
-0.93969262
-0.95482219
-0.96773185
-0.97843683
-0.98695781
-0.99332062
-0.99755593
-0.99969897
-0.99978924
-0.99787020
-0.99398899
-0.98819613
-0.98054523
-0.97109269
-0.95989744
-0.94702064
-0.93252542
-0.91647664
-0.89894058
-0.87998472
-0.85967750
-0.83808810
-0.81528619
-0.79134171
-0.76632472
-0.74030515
-0.71335263
-0.68553633
-0.65692479
-0.62758578
-0.59758610
-0.56699152
-0.53586662
-0.50427467
-0.47227755
-0.43993562
-0.40730767
-0.37445082
-0.34142048
-0.30827025
-0.27505190
-0.24181531
-0.20860845
-0.17547733
-0.14246601
-0.10961654
-0.07696899
-0.04456144
-0.01242997
0.01939133
0.05087035
0.08197691
0.11268278
0.14296165
0.17278906
0.20214243
0.23100095
0.25934562
0.28715914
0.31442592
0.34113199
0.36726499
0.39281410
0.41776999
0.44212479
0.46587200
0.48900649
0.51152439
0.53342307
0.55470109
0.57535814
0.59539496
0.61481335
0.63361604
0.65180670
0.66938986
0.68637087
0.70275584
0.71855160
0.73376564
0.74840609
0.76248164
0.77600153
0.78897547
0.80141362
0.81332657
0.82472525
0.83562094
0.84602518
0.85594981
0.86540686
0.87440857
0.88296731
0.89109561
0.89880608
0.90611142
0.91302434
0.91955761
0.92572397
0.93153614
0.93700681
0.94214856
0.94697393
0.95149533
0.95572504
0.95967523
0.96335788
0.96678484
0.96996774
0.97291806
0.97564705
0.97816573
0.98048494
0.98261524
0.98456698
0.98635025
0.98797487
0.98945042
0.99078619
0.99199121
0.99307422
0.99404369
0.99490779
0.99567439
0.99635110
0.99694519
0.99746365
0.99791318
0.99830017
0.99863068
0.99891049
0.99914506
0.99933956
0.99949882
0.99962738
0.99972947
0.99980898
0.99986953
0.99991440
0.99994656
0.99996867
0.99998309
0.99999185
0.99999666
0.99999894
0.99999979
0.99999999
1.00000000
