-1.00000000
-0.95464853
-0.90929705
-0.86394558
-0.81859410
-0.77324263
-0.72789116
-0.68253968
-0.63718821
-0.59183673
-0.54648526
-0.50113379
-0.45578231
-0.41043084
-0.36507937
-0.31972789
-0.27437642
-0.22902494
-0.18367347
-0.13832200
-0.09297052
-0.04761905
-0.00226757
0.04308390
0.08843537
0.13378685
0.17913832
0.22448980
0.26984127
0.31519274
0.36054422
0.40589569
0.45124717
0.49659864
0.54195011
0.58730159
0.63265306
0.67800454
0.72335601
0.76870748
0.81405896
0.85941043
0.90476190
0.95011338
0.99546485
-0.95918367
-0.91383220
-0.86848073
-0.82312925
-0.77777778
-0.73242630
-0.68707483
-0.64172336
-0.59637188
-0.55102041
-0.50566893
-0.46031746
-0.41496599
-0.36961451
-0.32426304
-0.27891156
-0.23356009
-0.18820862
-0.14285714
-0.09750567
-0.05215420
-0.00680272
0.03854875
0.08390023
0.12925170
0.17460317
0.21995465
0.26530612
0.31065760
0.35600907
0.40136054
0.44671202
0.49206349
0.53741497
0.58276644
0.62811791
0.67346939
0.71882086
0.76417234
0.80952381
0.85487528
0.90022676
0.94557823
0.99092971
-0.96371882
-0.91836735
-0.87301587
-0.82766440
-0.78231293
-0.73696145
-0.69160998
-0.64625850
-0.60090703
-0.55555556
-0.51020408
-0.46485261
-0.41950113
-0.37414966
-0.32879819
-0.28344671
-0.23809524
-0.19274376
-0.14739229
-0.10204082
-0.05668934
-0.01133787
0.03401361
0.07936508
0.12471655
0.17006803
0.21541950
0.26077098
0.30612245
0.35147392
0.39682540
0.44217687
0.48752834
0.53287982
0.57823129
0.62358277
0.66893424
0.71428571
0.75963719
0.80498866
0.85034014
0.89569161
0.94104308
0.98639456
-0.96825397
-0.92290249
-0.87755102
-0.83219955
-0.78684807
-0.74149660
-0.69614512
-0.65079365
-0.60544218
-0.56009070
-0.51473923
-0.46938776
-0.42403628
-0.37868481
-0.33333333
-0.28798186
-0.24263039
-0.19727891
-0.15192744
-0.10657596
-0.06122449
-0.01587302
0.02947846
0.07482993
0.12018141
0.16553288
0.21088435
0.25623583
0.30158730
0.34693878
0.39229025
0.43764172
0.48299320
0.52834467
0.57369615
0.61904762
0.66439909
0.70975057
0.75510204
0.80045351
0.84580499
0.89115646
0.93650794
0.98185941
-0.97278912
-0.92743764
-0.88208617
-0.83673469
-0.79138322
-0.74603175
-0.70068027
-0.65532880
-0.60997732
-0.56462585
-0.51927438
-0.47392290
-0.42857143
-0.38321995
-0.33786848
-0.29251701
-0.24716553
-0.20181406
-0.15646259
-0.11111111
-0.06575964
-0.02040816
0.02494331
0.07029478
0.11564626
0.16099773
0.20634921
0.25170068
0.29705215
0.34240363
0.38775510
0.43310658
0.47845805
0.52380952
0.56916100
0.61451247
0.65986395
0.70521542
0.75056689
0.79591837
0.84126984
0.88662132
0.93197279
0.97732426
-0.97732426
-0.93197279
-0.88662132
-0.84126984
-0.79591837
-0.75056689
-0.70521542
-0.65986395
-0.61451247
-0.56916100
-0.52380952
-0.47845805
-0.43310658
-0.38775510
-0.34240363
-0.29705215
-0.25170068
-0.20634921
-0.16099773
-0.11564626
-0.07029478
-0.02494331
0.02040816
0.06575964
0.11111111
0.15646259
0.20181406
0.24716553
0.29251701
0.33786848
0.38321995
0.42857143
0.47392290
0.51927438
0.56462585
0.60997732
0.65532880
0.70068027
0.74603175
0.79138322
0.83673469
0.88208617
0.92743764
0.97278912
-0.98185941
-0.93650794
-0.89115646
-0.84580499
-0.80045351
-0.75510204
-0.70975057
-0.66439909
-0.61904762
-0.57369615
-0.52834467
-0.48299320
-0.43764172
-0.39229025
-0.34693878
-0.30158730
-0.25623583
-0.21088435
-0.16553288
-0.12018141
-0.07482993
-0.02947846
0.01587302
0.06122449
0.10657596
0.15192744
0.19727891
0.24263039
0.28798186
0.33333333
0.37868481
0.42403628
0.46938776
0.51473923
0.56009070
0.60544218
0.65079365
0.69614512
0.74149660
0.78684807
0.83219955
0.87755102
0.92290249
0.96825397
-0.98639456
-0.94104308
-0.89569161
-0.85034014
-0.80498866
-0.75963719
-0.71428571
-0.66893424
-0.62358277
-0.57823129
-0.53287982
-0.48752834
-0.44217687
-0.39682540
-0.35147392
-0.30612245
-0.26077098
-0.21541950
-0.17006803
-0.12471655
-0.07936508
-0.03401361
0.01133787
0.05668934
0.10204082
0.14739229
0.19274376
0.23809524
0.28344671
0.32879819
0.37414966
0.41950113
0.46485261
0.51020408
0.55555556
0.60090703
0.64625850
0.69160998
0.73696145
0.78231293
0.82766440
0.87301587
0.91836735
0.96371882
-0.99092971
-0.94557823
-0.90022676
-0.85487528
-0.80952381
-0.76417234
-0.71882086
-0.67346939
-0.62811791
-0.58276644
-0.53741497
-0.49206349
-0.44671202
-0.40136054
-0.35600907
-0.31065760
-0.26530612
-0.21995465
-0.17460317
-0.12925170
-0.08390023
-0.03854875
0.00680272
0.05215420
0.09750567
0.14285714
0.18820862
0.23356009
0.27891156
0.32426304
0.36961451
0.41496599
0.46031746
0.50566893
0.55102041
0.59637188
0.64172336
0.68707483
0.73242630
0.77777778
0.82312925
0.86848073
0.91383220
0.95918367
-0.99546485
-0.95011338
-0.90476190
-0.85941043
-0.81405896
-0.76870748
-0.72335601
-0.67800454
-0.63265306
-0.58730159
-0.54195011
-0.49659864
-0.45124717
-0.40589569
-0.36054422
-0.31519274
-0.26984127
-0.22448980
-0.17913832
-0.13378685
-0.08843537
-0.04308390
0.00226757
0.04761905
0.09297052
0.13832200
0.18367347
0.22902494
0.27437642
0.31972789
0.36507937
0.41043084
0.45578231
0.50113379
0.54648526
0.59183673
0.63718821
0.68253968
0.72789116
0.77324263
0.81859410
0.86394558
0.90929705
0.95464853
-1.00000000
-0.95464853
-0.90929705
-0.86394558
-0.81859410
-0.77324263
-0.72789116
-0.68253968
-0.63718821
-0.59183673
-0.54648526
-0.50113379
-0.45578231
-0.41043084
-0.36507937
-0.31972789
-0.27437642
-0.22902494
-0.18367347
-0.13832200
-0.09297052
-0.04761905
-0.00226757
0.04308390
0.08843537
0.13378685
0.17913832
0.22448980
0.26984127
0.31519274
0.36054422
0.40589569
0.45124717
0.49659864
0.54195011
0.58730159
0.63265306
0.67800454
0.72335601
0.76870748
0.81405896
0.85941043
0.90476190
0.95011338
0.99546485
-0.95918367
-0.91383220
-0.86848073
-0.82312925
-0.77777778
-0.73242630
-0.68707483
-0.64172336
-0.59637188
-0.55102041
-0.50566893
-0.46031746
-0.41496599
-0.36961451
-0.32426304
-0.27891156
-0.23356009
-0.18820862
-0.14285714
-0.09750567
-0.05215420
-0.00680272
0.03854875
0.08390023
0.12925170
0.17460317
0.21995465
0.26530612
0.31065760
0.35600907
0.40136054
0.44671202
0.49206349
0.53741497
0.58276644
0.62811791
0.67346939
0.71882086
0.76417234
0.80952381
0.85487528
0.90022676
0.94557823
0.99092971
-0.96371882
-0.91836735
-0.87301587
-0.82766440
-0.78231293
-0.73696145
-0.69160998
-0.64625850
-0.60090703
-0.55555556
-0.51020408
-0.46485261
-0.41950113
-0.37414966
-0.32879819
-0.28344671
-0.23809524
-0.19274376
-0.14739229
-0.10204082
-0.05668934
-0.01133787
0.03401361
0.07936508
0.12471655
0.17006803
0.21541950
0.26077098
0.30612245
0.35147392
0.39682540
0.44217687
0.48752834
0.53287982
0.57823129
0.62358277
0.66893424
0.71428571
0.75963719
0.80498866
0.85034014
0.89569161
0.94104308
0.98639456
-0.96825397
-0.92290249
-0.87755102
-0.83219955
-0.78684807
-0.74149660
-0.69614512
-0.65079365
-0.60544218
-0.56009070
-0.51473923
-0.46938776
-0.42403628
-0.37868481
-0.33333333
-0.28798186
-0.24263039
-0.19727891
-0.15192744
-0.10657596
-0.06122449
-0.01587302
0.02947846
0.07482993
0.12018141
0.16553288
0.21088435
0.25623583
0.30158730
0.34693878
0.39229025
0.43764172
0.48299320
0.52834467
0.57369615
0.61904762
0.66439909
0.70975057
0.75510204
0.80045351
0.84580499
0.89115646
0.93650794
0.98185941
-0.97278912
-0.92743764
-0.88208617
-0.83673469
-0.79138322
-0.74603175
-0.70068027
-0.65532880
-0.60997732
-0.56462585
-0.51927438
-0.47392290
-0.42857143
-0.38321995
-0.33786848
-0.29251701
-0.24716553
-0.20181406
-0.15646259
-0.11111111
-0.06575964
-0.02040816
0.02494331
0.07029478
0.11564626
0.16099773
0.20634921
0.25170068
0.29705215
0.34240363
0.38775510
0.43310658
0.47845805
0.52380952
0.56916100
0.61451247
0.65986395
0.70521542
0.75056689
0.79591837
0.84126984
0.88662132
0.93197279
0.97732426
-0.97732426
-0.93197279
-0.88662132
-0.84126984
-0.79591837
-0.75056689
-0.70521542
-0.65986395
-0.61451247
-0.56916100
-0.52380952
-0.47845805
-0.43310658
-0.38775510
-0.34240363
-0.29705215
-0.25170068
-0.20634921
-0.16099773
-0.11564626
-0.07029478
-0.02494331
0.02040816
0.06575964
0.11111111
0.15646259
0.20181406
0.24716553
0.29251701
0.33786848
0.38321995
0.42857143
0.47392290
0.51927438
0.56462585
0.60997732
0.65532880
0.70068027
0.74603175
0.79138322
0.83673469
0.88208617
0.92743764
0.97278912
-0.98185941
-0.93650794
-0.89115646
-0.84580499
-0.80045351
-0.75510204
-0.70975057
-0.66439909
-0.61904762
-0.57369615
-0.52834467
-0.48299320
-0.43764172
-0.39229025
-0.34693878
-0.30158730
-0.25623583
-0.21088435
-0.16553288
-0.12018141
-0.07482993
-0.02947846
0.01587302
0.06122449
0.10657596
0.15192744
0.19727891
0.24263039
0.28798186
0.33333333
0.37868481
0.42403628
0.46938776
0.51473923
0.56009070
0.60544218
0.65079365
0.69614512
0.74149660
0.78684807
0.83219955
0.87755102
0.92290249
0.96825397
-0.98639456
-0.94104308
-0.89569161
-0.85034014
-0.80498866
-0.75963719
-0.71428571
-0.66893424
-0.62358277
-0.57823129
-0.53287982
-0.48752834
-0.44217687
-0.39682540
-0.35147392
-0.30612245
-0.26077098
-0.21541950
-0.17006803
-0.12471655
-0.07936508
-0.03401361
0.01133787
0.05668934
0.10204082
0.14739229
0.19274376
0.23809524
0.28344671
0.32879819
0.37414966
0.41950113
0.46485261
0.51020408
0.55555556
0.60090703
0.64625850
0.69160998
0.73696145
0.78231293
0.82766440
0.87301587
0.91836735
0.96371882
-0.99092971
-0.94557823
-0.90022676
-0.85487528
-0.80952381
-0.76417234
-0.71882086
-0.67346939
-0.62811791
-0.58276644
-0.53741497
-0.49206349
-0.44671202
-0.40136054
-0.35600907
-0.31065760
-0.26530612
-0.21995465
-0.17460317
-0.12925170
-0.08390023
-0.03854875
0.00680272
0.05215420
0.09750567
0.14285714
0.18820862
0.23356009
0.27891156
0.32426304
0.36961451
0.41496599
0.46031746
0.50566893
0.55102041
0.59637188
0.64172336
0.68707483
0.73242630
0.77777778
0.82312925
0.86848073
0.91383220
0.95918367
-0.99546485
-0.95011338
-0.90476190
-0.85941043
-0.81405896
-0.76870748
-0.72335601
-0.67800454
-0.63265306
-0.58730159
-0.54195011
-0.49659864
-0.45124717
-0.40589569
-0.36054422
-0.31519274
-0.26984127
-0.22448980
-0.17913832
-0.13378685
-0.08843537
-0.04308390
0.00226757
0.04761905
0.09297052
0.13832200
0.18367347
0.22902494
0.27437642
0.31972789
0.36507937
0.41043084
0.45578231
0.50113379
0.54648526
0.59183673
0.63718821
0.68253968
0.72789116
0.77324263
0.81859410
0.86394558
0.90929705
0.95464853
-1.00000000
-0.95464853
-0.90929705
-0.86394558
-0.81859410
-0.77324263
-0.72789116
-0.68253968
-0.63718821
-0.59183673
-0.54648526
-0.50113379
-0.45578231
-0.41043084
-0.36507937
-0.31972789
-0.27437642
-0.22902494
-0.18367347
-0.13832200
-0.09297052
-0.04761905
-0.00226757
0.04308390
0.08843537
0.13378685
0.17913832
0.22448980
0.26984127
0.31519274
0.36054422
0.40589569
0.45124717
0.49659864
0.54195011
0.58730159
0.63265306
0.67800454
0.72335601
0.76870748
0.81405896
0.85941043
0.90476190
0.95011338
0.99546485
-0.95918367
-0.91383220
-0.86848073
-0.82312925
-0.77777778
-0.73242630
-0.68707483
-0.64172336
-0.59637188
-0.55102041
-0.50566893
-0.46031746
-0.41496599
-0.36961451
-0.32426304
-0.27891156
-0.23356009
-0.18820862
-0.14285714
-0.09750567
-0.05215420
-0.00680272
0.03854875
0.08390023
0.12925170
0.17460317
0.21995465
0.26530612
0.31065760
0.35600907
0.40136054
0.44671202
0.49206349
0.53741497
0.58276644
0.62811791
0.67346939
0.71882086
0.76417234
0.80952381
0.85487528
0.90022676
0.94557823
0.99092971
-0.96371882
-0.91836735
-0.87301587
-0.82766440
-0.78231293
-0.73696145
-0.69160998
-0.64625850
-0.60090703
-0.55555556
-0.51020408
-0.46485261
-0.41950113
-0.37414966
-0.32879819
-0.28344671
-0.23809524
-0.19274376
-0.14739229
-0.10204082
-0.05668934
-0.01133787
0.03401361
0.07936508
0.12471655
0.17006803
0.21541950
0.26077098
0.30612245
0.35147392
0.39682540
0.44217687
0.48752834
0.53287982
0.57823129
0.62358277
0.66893424
0.71428571
0.75963719
0.80498866
0.85034014
0.89569161
0.94104308
0.98639456
-0.96825397
-0.92290249
-0.87755102
-0.83219955
-0.78684807
-0.74149660
-0.69614512
-0.65079365
-0.60544218
-0.56009070
-0.51473923
-0.46938776
-0.42403628
-0.37868481
-0.33333333
-0.28798186
-0.24263039
-0.19727891
-0.15192744
-0.10657596
-0.06122449
-0.01587302
0.02947846
0.07482993
0.12018141
0.16553288
0.21088435
0.25623583
0.30158730
0.34693878
0.39229025
0.43764172
0.48299320
0.52834467
0.57369615
0.61904762
0.66439909
0.70975057
0.75510204
0.80045351
0.84580499
0.89115646
0.93650794
0.98185941
-0.97278912
-0.92743764
-0.88208617
-0.83673469
-0.79138322
-0.74603175
-0.70068027
-0.65532880
-0.60997732
-0.56462585
-0.51927438
-0.47392290
-0.42857143
-0.38321995
-0.33786848
-0.29251701
-0.24716553
-0.20181406
-0.15646259
-0.11111111
-0.06575964
-0.02040816
0.02494331
0.07029478
0.11564626
0.16099773
0.20634921
0.25170068
0.29705215
0.34240363
0.38775510
0.43310658
0.47845805
0.52380952
0.56916100
0.61451247
0.65986395
0.70521542
0.75056689
0.79591837
0.84126984
0.88662132
0.93197279
0.97732426
-0.97732426
-0.93197279
-0.88662132
-0.84126984
-0.79591837
-0.75056689
-0.70521542
-0.65986395
-0.61451247
-0.56916100
-0.52380952
-0.47845805
-0.43310658
-0.38775510
-0.34240363
-0.29705215
-0.25170068
-0.20634921
-0.16099773
-0.11564626
-0.07029478
-0.02494331
0.02040816
0.06575964
0.11111111
0.15646259
0.20181406
0.24716553
0.29251701
0.33786848
0.38321995
0.42857143
0.47392290
0.51927438
0.56462585
0.60997732
0.65532880
0.70068027
0.74603175
0.79138322
0.83673469
0.88208617
0.92743764
0.97278912
-0.98185941
-0.93650794
-0.89115646
-0.84580499
-0.80045351
-0.75510204
-0.70975057
-0.66439909
-0.61904762
-0.57369615
-0.52834467
-0.48299320
-0.43764172
-0.39229025
-0.34693878
-0.30158730
-0.25623583
-0.21088435
-0.16553288
-0.12018141
-0.07482993
-0.02947846
0.01587302
0.06122449
0.10657596
0.15192744
0.19727891
0.24263039
0.28798186
0.33333333
0.37868481
0.42403628
0.46938776
0.51473923
0.56009070
0.60544218
0.65079365
0.69614512
0.74149660
0.78684807
0.83219955
0.87755102
0.92290249
0.96825397
-0.98639456
-0.94104308
-0.89569161
-0.85034014
-0.80498866
-0.75963719
-0.71428571
-0.66893424
-0.62358277
-0.57823129
-0.53287982
-0.48752834
-0.44217687
-0.39682540
-0.35147392
-0.30612245
-0.26077098
-0.21541950
-0.17006803
-0.12471655
-0.07936508
-0.03401361
0.01133787
0.05668934
0.10204082
0.14739229
0.19274376
0.23809524
0.28344671
0.32879819
0.37414966
0.41950113
0.46485261
0.51020408
0.55555556
0.60090703
0.64625850
0.69160998
0.73696145
0.78231293
0.82766440
0.87301587
0.91836735
0.96371882
-0.99092971
-0.94557823
-0.90022676
-0.85487528
-0.80952381
-0.76417234
-0.71882086
-0.67346939
-0.62811791
-0.58276644
-0.53741497
-0.49206349
-0.44671202
-0.40136054
-0.35600907
-0.31065760
-0.26530612
-0.21995465
-0.17460317
-0.12925170
-0.08390023
-0.03854875
0.00680272
0.05215420
0.09750567
0.14285714
0.18820862
0.23356009
0.27891156
0.32426304
0.36961451
0.41496599
0.46031746
0.50566893
0.55102041
0.59637188
0.64172336
0.68707483
0.73242630
0.77777778
0.82312925
0.86848073
0.91383220
0.95918367
-0.99546485
-0.95011338
-0.90476190
-0.85941043
-0.81405896
-0.76870748
-0.72335601
-0.67800454
-0.63265306
-0.58730159
-0.54195011
-0.49659864
-0.45124717
-0.40589569
-0.36054422
-0.31519274
-0.26984127
-0.22448980
-0.17913832
-0.13378685
-0.08843537
-0.04308390
0.00226757
0.04761905
0.09297052
0.13832200
0.18367347
0.22902494
0.27437642
0.31972789
0.36507937
0.41043084
0.45578231
0.50113379
0.54648526
0.59183673
0.63718821
0.68253968
0.72789116
0.77324263
0.81859410
0.86394558
0.90929705
0.95464853
-1.00000000
-0.95464853
-0.90929705
-0.86394558
-0.81859410
-0.77324263
-0.72789116
-0.68253968
-0.63718821
-0.59183673
-0.54648526
-0.50113379
-0.45578231
-0.41043084
-0.36507937
-0.31972789
-0.27437642
-0.22902494
-0.18367347
-0.13832200
-0.09297052
-0.04761905
-0.00226757
0.04308390
0.08843537
0.13378685
0.17913832
0.22448980
0.26984127
0.31519274
0.36054422
0.40589569
0.45124717
0.49659864
0.54195011
0.58730159
0.63265306
0.67800454
0.72335601
0.76870748
0.81405896
0.85941043
0.90476190
0.95011338
0.99546485
-0.95918367
-0.91383220
-0.86848073
-0.82312925
-0.77777778
-0.73242630
-0.68707483
-0.64172336
-0.59637188
-0.55102041
-0.50566893
-0.46031746
-0.41496599
-0.36961451
-0.32426304
-0.27891156
-0.23356009
-0.18820862
-0.14285714
-0.09750567
-0.05215420
-0.00680272
0.03854875
0.08390023
0.12925170
0.17460317
0.21995465
0.26530612
0.31065760
0.35600907
0.40136054
0.44671202
0.49206349
0.53741497
0.58276644
0.62811791
0.67346939
0.71882086
0.76417234
0.80952381
0.85487528
0.90022676
0.94557823
0.99092971
-0.96371882
-0.91836735
-0.87301587
-0.82766440
-0.78231293
-0.73696145
-0.69160998
-0.64625850
-0.60090703
-0.55555556
-0.51020408
-0.46485261
-0.41950113
-0.37414966
-0.32879819
-0.28344671
-0.23809524
-0.19274376
-0.14739229
-0.10204082
-0.05668934
-0.01133787
0.03401361
0.07936508
0.12471655
0.17006803
0.21541950
0.26077098
0.30612245
0.35147392
0.39682540
0.44217687
0.48752834
0.53287982
0.57823129
0.62358277
0.66893424
0.71428571
0.75963719
0.80498866
0.85034014
0.89569161
0.94104308
0.98639456
-0.96825397
-0.92290249
-0.87755102
-0.83219955
-0.78684807
-0.74149660
-0.69614512
-0.65079365
-0.60544218
-0.56009070
-0.51473923
-0.46938776
-0.42403628
-0.37868481
-0.33333333
-0.28798186
-0.24263039
-0.19727891
-0.15192744
-0.10657596
-0.06122449
-0.01587302
0.02947846
0.07482993
0.12018141
0.16553288
0.21088435
0.25623583
0.30158730
0.34693878
0.39229025
0.43764172
0.48299320
0.52834467
0.57369615
0.61904762
0.66439909
0.70975057
0.75510204
0.80045351
0.84580499
0.89115646
0.93650794
0.98185941
-0.97278912
-0.92743764
-0.88208617
-0.83673469
-0.79138322
-0.74603175
-0.70068027
-0.65532880
-0.60997732
-0.56462585
-0.51927438
-0.47392290
-0.42857143
-0.38321995
-0.33786848
-0.29251701
-0.24716553
-0.20181406
-0.15646259
-0.11111111
-0.06575964
-0.02040816
0.02494331
0.07029478
0.11564626
0.16099773
0.20634921
0.25170068
0.29705215
0.34240363
0.38775510
0.43310658
0.47845805
0.52380952
0.56916100
0.61451247
0.65986395
0.70521542
0.75056689
0.79591837
0.84126984
0.88662132
0.93197279
0.97732426
-0.97732426
-0.93197279
-0.88662132
-0.84126984
-0.79591837
-0.75056689
-0.70521542
-0.65986395
-0.61451247
-0.56916100
-0.52380952
-0.47845805
-0.43310658
-0.38775510
-0.34240363
-0.29705215
-0.25170068
-0.20634921
-0.16099773
-0.11564626
-0.07029478
-0.02494331
0.02040816
0.06575964
0.11111111
0.15646259
0.20181406
0.24716553
0.29251701
0.33786848
0.38321995
0.42857143
0.47392290
0.51927438
0.56462585
0.60997732
0.65532880
0.70068027
0.74603175
0.79138322
0.83673469
0.88208617
0.92743764
0.97278912
-0.98185941
-0.93650794
-0.89115646
-0.84580499
-0.80045351
-0.75510204
-0.70975057
-0.66439909
-0.61904762
-0.57369615
-0.52834467
-0.48299320
-0.43764172
-0.39229025
-0.34693878
-0.30158730
-0.25623583
-0.21088435
-0.16553288
-0.12018141
-0.07482993
-0.02947846
0.01587302
0.06122449
0.10657596
0.15192744
0.19727891
0.24263039
0.28798186
0.33333333
0.37868481
0.42403628
0.46938776
0.51473923
0.56009070
0.60544218
0.65079365
0.69614512
0.74149660
0.78684807
0.83219955
0.87755102
0.92290249
0.96825397
-0.98639456
-0.94104308
-0.89569161
-0.85034014
-0.80498866
-0.75963719
-0.71428571
-0.66893424
-0.62358277
-0.57823129
-0.53287982
-0.48752834
-0.44217687
-0.39682540
-0.35147392
-0.30612245
-0.26077098
-0.21541950
-0.17006803
-0.12471655
-0.07936508
-0.03401361
0.01133787
0.05668934
0.10204082
0.14739229
0.19274376
0.23809524
0.28344671
0.32879819
0.37414966
0.41950113
0.46485261
0.51020408
0.55555556
0.60090703
0.64625850
0.69160998
0.73696145
0.78231293
0.82766440
0.87301587
0.91836735
0.96371882
-0.99092971
-0.94557823
-0.90022676
-0.85487528
-0.80952381
-0.76417234
-0.71882086
-0.67346939
-0.62811791
-0.58276644
-0.53741497
-0.49206349
-0.44671202
-0.40136054
-0.35600907
-0.31065760
-0.26530612
-0.21995465
-0.17460317
-0.12925170
-0.08390023
-0.03854875
0.00680272
0.05215420
0.09750567
0.14285714
0.18820862
0.23356009
0.27891156
0.32426304
0.36961451
0.41496599
0.46031746
0.50566893
0.55102041
0.59637188
0.64172336
0.68707483
0.73242630
0.77777778
0.82312925
0.86848073
0.91383220
0.95918367
-0.99546485
-0.95011338
-0.90476190
-0.85941043
-0.81405896
-0.76870748
-0.72335601
-0.67800454
-0.63265306
-0.58730159
-0.54195011
-0.49659864
-0.45124717
-0.40589569
-0.36054422
-0.31519274
-0.26984127
-0.22448980
-0.17913832
-0.13378685
-0.08843537
-0.04308390
0.00226757
0.04761905
0.09297052
0.13832200
0.18367347
0.22902494
0.27437642
0.31972789
0.36507937
0.41043084
0.45578231
0.50113379
0.54648526
0.59183673
0.63718821
0.68253968
0.72789116
0.77324263
0.81859410
0.86394558
0.90929705
0.95464853
-1.00000000
-0.95464853
-0.90929705
-0.86394558
-0.81859410
-0.77324263
-0.72789116
-0.68253968
-0.63718821
-0.59183673
-0.54648526
-0.50113379
-0.45578231
-0.41043084
-0.36507937
-0.31972789
-0.27437642
-0.22902494
-0.18367347
-0.13832200
-0.09297052
-0.04761905
-0.00226757
0.04308390
0.08843537
0.13378685
0.17913832
0.22448980
0.26984127
0.31519274
0.36054422
0.40589569
0.45124717
0.49659864
0.54195011
0.58730159
0.63265306
0.67800454
0.72335601
0.76870748
0.81405896
0.85941043
0.90476190
0.95011338
0.99546485
-0.95918367
-0.91383220
-0.86848073
-0.82312925
-0.77777778
-0.73242630
-0.68707483
-0.64172336
-0.59637188
-0.55102041
-0.50566893
-0.46031746
-0.41496599
-0.36961451
-0.32426304
-0.27891156
-0.23356009
-0.18820862
-0.14285714
-0.09750567
-0.05215420
-0.00680272
0.03854875
0.08390023
0.12925170
0.17460317
0.21995465
0.26530612
0.31065760
0.35600907
0.40136054
0.44671202
0.49206349
0.53741497
0.58276644
0.62811791
0.67346939
0.71882086
0.76417234
0.80952381
0.85487528
0.90022676
0.94557823
0.99092971
-0.96371882
-0.91836735
-0.87301587
-0.82766440
-0.78231293
-0.73696145
-0.69160998
-0.64625850
-0.60090703
-0.55555556
-0.51020408
-0.46485261
-0.41950113
-0.37414966
-0.32879819
-0.28344671
-0.23809524
-0.19274376
-0.14739229
-0.10204082
-0.05668934
-0.01133787
0.03401361
0.07936508
0.12471655
0.17006803
0.21541950
0.26077098
0.30612245
0.35147392
0.39682540
0.44217687
0.48752834
0.53287982
0.57823129
0.62358277
0.66893424
0.71428571
0.75963719
0.80498866
0.85034014
0.89569161
0.94104308
0.98639456
-0.96825397
-0.92290249
-0.87755102
-0.83219955
-0.78684807
-0.74149660
-0.69614512
-0.65079365
-0.60544218
-0.56009070
-0.51473923
-0.46938776
-0.42403628
-0.37868481
-0.33333333
-0.28798186
-0.24263039
-0.19727891
-0.15192744
-0.10657596
-0.06122449
-0.01587302
0.02947846
0.07482993
0.12018141
0.16553288
0.21088435
0.25623583
0.30158730
0.34693878
0.39229025
0.43764172
0.48299320
0.52834467
0.57369615
0.61904762
0.66439909
0.70975057
0.75510204
0.80045351
0.84580499
0.89115646
0.93650794
0.98185941
-0.97278912
-0.92743764
-0.88208617
-0.83673469
-0.79138322
-0.74603175
-0.70068027
-0.65532880
-0.60997732
-0.56462585
-0.51927438
-0.47392290
-0.42857143
-0.38321995
-0.33786848
-0.29251701
-0.24716553
-0.20181406
-0.15646259
-0.11111111
-0.06575964
-0.02040816
0.02494331
0.07029478
0.11564626
0.16099773
0.20634921
0.25170068
0.29705215
0.34240363
0.38775510
0.43310658
0.47845805
0.52380952
0.56916100
0.61451247
0.65986395
0.70521542
0.75056689
0.79591837
0.84126984
0.88662132
0.93197279
0.97732426
-0.97732426
-0.93197279
-0.88662132
-0.84126984
-0.79591837
-0.75056689
-0.70521542
-0.65986395
-0.61451247
-0.56916100
-0.52380952
-0.47845805
-0.43310658
-0.38775510
-0.34240363
-0.29705215
-0.25170068
-0.20634921
-0.16099773
-0.11564626
-0.07029478
-0.02494331
0.02040816
0.06575964
0.11111111
0.15646259
0.20181406
0.24716553
0.29251701
0.33786848
0.38321995
0.42857143
0.47392290
0.51927438
0.56462585
0.60997732
0.65532880
0.70068027
0.74603175
0.79138322
0.83673469
0.88208617
0.92743764
0.97278912
-0.98185941
-0.93650794
-0.89115646
-0.84580499
-0.80045351
-0.75510204
-0.70975057
-0.66439909
-0.61904762
-0.57369615
-0.52834467
-0.48299320
-0.43764172
-0.39229025
-0.34693878
-0.30158730
-0.25623583
-0.21088435
-0.16553288
-0.12018141
-0.07482993
-0.02947846
0.01587302
0.06122449
0.10657596
0.15192744
0.19727891
0.24263039
0.28798186
0.33333333
0.37868481
0.42403628
0.46938776
0.51473923
0.56009070
0.60544218
0.65079365
0.69614512
0.74149660
0.78684807
0.83219955
0.87755102
0.92290249
0.96825397
-0.98639456
-0.94104308
-0.89569161
-0.85034014
-0.80498866
-0.75963719
-0.71428571
-0.66893424
-0.62358277
-0.57823129
-0.53287982
-0.48752834
-0.44217687
-0.39682540
-0.35147392
-0.30612245
-0.26077098
-0.21541950
-0.17006803
-0.12471655
-0.07936508
-0.03401361
0.01133787
0.05668934
0.10204082
0.14739229
0.19274376
0.23809524
0.28344671
0.32879819
0.37414966
0.41950113
0.46485261
0.51020408
0.55555556
0.60090703
0.64625850
0.69160998
0.73696145
0.78231293
0.82766440
0.87301587
0.91836735
0.96371882
-0.99092971
-0.94557823
-0.90022676
-0.85487528
-0.80952381
-0.76417234
-0.71882086
-0.67346939
-0.62811791
-0.58276644
-0.53741497
-0.49206349
-0.44671202
-0.40136054
-0.35600907
-0.31065760
-0.26530612
-0.21995465
-0.17460317
-0.12925170
-0.08390023
-0.03854875
0.00680272
0.05215420
0.09750567
0.14285714
0.18820862
0.23356009
0.27891156
0.32426304
0.36961451
0.41496599
0.46031746
0.50566893
0.55102041
0.59637188
0.64172336
0.68707483
0.73242630
0.77777778
0.82312925
0.86848073
0.91383220
0.95918367
-0.99546485
-0.95011338
-0.90476190
-0.85941043
-0.81405896
-0.76870748
-0.72335601
-0.67800454
-0.63265306
-0.58730159
-0.54195011
-0.49659864
-0.45124717
-0.40589569
-0.36054422
-0.31519274
-0.26984127
-0.22448980
-0.17913832
-0.13378685
-0.08843537
-0.04308390
0.00226757
0.04761905
0.09297052
0.13832200
0.18367347
0.22902494
0.27437642
0.31972789
0.36507937
0.41043084
0.45578231
0.50113379
0.54648526
0.59183673
0.63718821
0.68253968
0.72789116
0.77324263
0.81859410
0.86394558
0.90929705
0.95464853
-1.00000000
-0.95464853
-0.90929705
-0.86394558
-0.81859410
-0.77324263
-0.72789116
-0.68253968
-0.63718821
-0.59183673
-0.54648526
-0.50113379
-0.45578231
-0.41043084
-0.36507937
-0.31972789
-0.27437642
-0.22902494
-0.18367347
-0.13832200
-0.09297052
-0.04761905
-0.00226757
0.04308390
0.08843537
0.13378685
0.17913832
0.22448980
0.26984127
0.31519274
0.36054422
0.40589569
0.45124717
0.49659864
0.54195011
0.58730159
0.63265306
0.67800454
0.72335601
0.76870748
0.81405896
0.85941043
0.90476190
0.95011338
0.99546485
-0.95918367
-0.91383220
-0.86848073
-0.82312925
-0.77777778
-0.73242630
-0.68707483
-0.64172336
-0.59637188
-0.55102041
-0.50566893
-0.46031746
-0.41496599
-0.36961451
-0.32426304
-0.27891156
-0.23356009
-0.18820862
-0.14285714
-0.09750567
-0.05215420
-0.00680272
0.03854875
0.08390023
0.12925170
0.17460317
0.21995465
0.26530612
0.31065760
0.35600907
0.40136054
0.44671202
0.49206349
0.53741497
0.58276644
0.62811791
0.67346939
0.71882086
0.76417234
0.80952381
0.85487528
0.90022676
0.94557823
0.99092971
-0.96371882
-0.91836735
-0.87301587
-0.82766440
-0.78231293
-0.73696145
-0.69160998
-0.64625850
-0.60090703
-0.55555556
-0.51020408
-0.46485261
-0.41950113
-0.37414966
-0.32879819
-0.28344671
-0.23809524
-0.19274376
-0.14739229
-0.10204082
-0.05668934
-0.01133787
0.03401361
0.07936508
0.12471655
0.17006803
0.21541950
0.26077098
0.30612245
0.35147392
0.39682540
0.44217687
0.48752834
0.53287982
0.57823129
0.62358277
0.66893424
0.71428571
0.75963719
0.80498866
0.85034014
0.89569161
0.94104308
0.98639456
-0.96825397
-0.92290249
-0.87755102
-0.83219955
-0.78684807
-0.74149660
-0.69614512
-0.65079365
-0.60544218
-0.56009070
-0.51473923
-0.46938776
-0.42403628
-0.37868481
-0.33333333
-0.28798186
-0.24263039
-0.19727891
-0.15192744
-0.10657596
-0.06122449
-0.01587302
0.02947846
0.07482993
0.12018141
0.16553288
0.21088435
0.25623583
0.30158730
0.34693878
0.39229025
0.43764172
0.48299320
0.52834467
0.57369615
0.61904762
0.66439909
0.70975057
0.75510204
0.80045351
0.84580499
0.89115646
0.93650794
0.98185941
-0.97278912
-0.92743764
-0.88208617
-0.83673469
-0.79138322
-0.74603175
-0.70068027
-0.65532880
-0.60997732
-0.56462585
-0.51927438
-0.47392290
-0.42857143
-0.38321995
-0.33786848
-0.29251701
-0.24716553
-0.20181406
-0.15646259
-0.11111111
-0.06575964
-0.02040816
0.02494331
0.07029478
0.11564626
0.16099773
0.20634921
0.25170068
0.29705215
0.34240363
0.38775510
0.43310658
0.47845805
0.52380952
0.56916100
0.61451247
0.65986395
0.70521542
0.75056689
0.79591837
0.84126984
0.88662132
0.93197279
0.97732426
-0.97732426
-0.93197279
-0.88662132
-0.84126984
-0.79591837
-0.75056689
-0.70521542
-0.65986395
-0.61451247
-0.56916100
-0.52380952
-0.47845805
-0.43310658
-0.38775510
-0.34240363
-0.29705215
-0.25170068
-0.20634921
-0.16099773
-0.11564626
-0.07029478
-0.02494331
0.02040816
0.06575964
0.11111111
0.15646259
0.20181406
0.24716553
0.29251701
0.33786848
0.38321995
0.42857143
0.47392290
0.51927438
0.56462585
0.60997732
0.65532880
0.70068027
0.74603175
0.79138322
0.83673469
0.88208617
0.92743764
0.97278912
-0.98185941
-0.93650794
-0.89115646
-0.84580499
-0.80045351
-0.75510204
-0.70975057
-0.66439909
-0.61904762
-0.57369615
-0.52834467
-0.48299320
-0.43764172
-0.39229025
-0.34693878
-0.30158730
-0.25623583
-0.21088435
-0.16553288
-0.12018141
-0.07482993
-0.02947846
0.01587302
0.06122449
0.10657596
0.15192744
0.19727891
0.24263039
0.28798186
0.33333333
0.37868481
0.42403628
0.46938776
0.51473923
0.56009070
0.60544218
0.65079365
0.69614512
0.74149660
0.78684807
0.83219955
0.87755102
0.92290249
0.96825397
-0.98639456
-0.94104308
-0.89569161
-0.85034014
-0.80498866
-0.75963719
-0.71428571
-0.66893424
-0.62358277
-0.57823129
-0.53287982
-0.48752834
-0.44217687
-0.39682540
-0.35147392
-0.30612245
-0.26077098
-0.21541950
-0.17006803
-0.12471655
-0.07936508
-0.03401361
0.01133787
0.05668934
0.10204082
0.14739229
0.19274376
0.23809524
0.28344671
0.32879819
0.37414966
0.41950113
0.46485261
0.51020408
0.55555556
0.60090703
0.64625850
0.69160998
0.73696145
0.78231293
0.82766440
0.87301587
0.91836735
0.96371882
-0.99092971
-0.94557823
-0.90022676
-0.85487528
-0.80952381
-0.76417234
-0.71882086
-0.67346939
-0.62811791
-0.58276644
-0.53741497
-0.49206349
-0.44671202
-0.40136054
-0.35600907
-0.31065760
-0.26530612
-0.21995465
-0.17460317
-0.12925170
-0.08390023
-0.03854875
0.00680272
0.05215420
0.09750567
0.14285714
0.18820862
0.23356009
0.27891156
0.32426304
0.36961451
0.41496599
0.46031746
0.50566893
0.55102041
0.59637188
0.64172336
0.68707483
0.73242630
0.77777778
0.82312925
0.86848073
0.91383220
0.95918367
-0.99546485
-0.95011338
-0.90476190
-0.85941043
-0.81405896
-0.76870748
-0.72335601
-0.67800454
-0.63265306
-0.58730159
-0.54195011
-0.49659864
-0.45124717
-0.40589569
-0.36054422
-0.31519274
-0.26984127
-0.22448980
-0.17913832
-0.13378685
-0.08843537
-0.04308390
0.00226757
0.04761905
0.09297052
0.13832200
0.18367347
0.22902494
0.27437642
0.31972789
0.36507937
0.41043084
0.45578231
0.50113379
0.54648526
0.59183673
0.63718821
0.68253968
0.72789116
0.77324263
0.81859410
0.86394558
0.90929705
0.95464853
-1.00000000
-0.95464853
-0.90929705
-0.86394558
-0.81859410
-0.77324263
-0.72789116
-0.68253968
-0.63718821
-0.59183673
-0.54648526
-0.50113379
-0.45578231
-0.41043084
-0.36507937
-0.31972789
-0.27437642
-0.22902494
-0.18367347
-0.13832200
-0.09297052
-0.04761905
-0.00226757
0.04308390
0.08843537
0.13378685
0.17913832
0.22448980
0.26984127
0.31519274
0.36054422
0.40589569
0.45124717
0.49659864
0.54195011
0.58730159
0.63265306
0.67800454
0.72335601
0.76870748
0.81405896
0.85941043
0.90476190
0.95011338
0.99546485
-0.95918367
-0.91383220
-0.86848073
-0.82312925
-0.77777778
-0.73242630
-0.68707483
-0.64172336
-0.59637188
-0.55102041
-0.50566893
-0.46031746
-0.41496599
-0.36961451
-0.32426304
-0.27891156
-0.23356009
-0.18820862
-0.14285714
-0.09750567
-0.05215420
-0.00680272
0.03854875
0.08390023
0.12925170
0.17460317
0.21995465
0.26530612
0.31065760
0.35600907
0.40136054
0.44671202
0.49206349
0.53741497
0.58276644
0.62811791
0.67346939
0.71882086
0.76417234
0.80952381
0.85487528
0.90022676
0.94557823
0.99092971
-0.96371882
-0.91836735
-0.87301587
-0.82766440
-0.78231293
-0.73696145
-0.69160998
-0.64625850
-0.60090703
-0.55555556
-0.51020408
-0.46485261
-0.41950113
-0.37414966
-0.32879819
-0.28344671
-0.23809524
-0.19274376
-0.14739229
-0.10204082
-0.05668934
-0.01133787
0.03401361
0.07936508
0.12471655
0.17006803
0.21541950
0.26077098
0.30612245
0.35147392
0.39682540
0.44217687
0.48752834
0.53287982
0.57823129
0.62358277
0.66893424
0.71428571
0.75963719
0.80498866
0.85034014
0.89569161
0.94104308
0.98639456
-0.96825397
-0.92290249
-0.87755102
-0.83219955
-0.78684807
-0.74149660
-0.69614512
-0.65079365
-0.60544218
-0.56009070
-0.51473923
-0.46938776
-0.42403628
-0.37868481
-0.33333333
-0.28798186
-0.24263039
-0.19727891
-0.15192744
-0.10657596
-0.06122449
-0.01587302
0.02947846
0.07482993
0.12018141
0.16553288
0.21088435
0.25623583
0.30158730
0.34693878
0.39229025
0.43764172
0.48299320
0.52834467
0.57369615
0.61904762
0.66439909
0.70975057
0.75510204
0.80045351
0.84580499
0.89115646
0.93650794
0.98185941
-0.97278912
-0.92743764
-0.88208617
-0.83673469
-0.79138322
-0.74603175
-0.70068027
-0.65532880
-0.60997732
-0.56462585
-0.51927438
-0.47392290
-0.42857143
-0.38321995
-0.33786848
-0.29251701
-0.24716553
-0.20181406
-0.15646259
-0.11111111
-0.06575964
-0.02040816
0.02494331
0.07029478
0.11564626
0.16099773
0.20634921
0.25170068
0.29705215
0.34240363
0.38775510
0.43310658
0.47845805
0.52380952
0.56916100
0.61451247
0.65986395
0.70521542
0.75056689
0.79591837
0.84126984
0.88662132
0.93197279
0.97732426
-0.97732426
-0.93197279
-0.88662132
-0.84126984
-0.79591837
-0.75056689
-0.70521542
-0.65986395
-0.61451247
-0.56916100
-0.52380952
-0.47845805
-0.43310658
-0.38775510
-0.34240363
-0.29705215
-0.25170068
-0.20634921
-0.16099773
-0.11564626
-0.07029478
-0.02494331
0.02040816
0.06575964
0.11111111
0.15646259
0.20181406
0.24716553
0.29251701
0.33786848
0.38321995
0.42857143
0.47392290
0.51927438
0.56462585
0.60997732
0.65532880
0.70068027
0.74603175
0.79138322
0.83673469
0.88208617
0.92743764
0.97278912
-0.98185941
-0.93650794
-0.89115646
-0.84580499
-0.80045351
-0.75510204
-0.70975057
-0.66439909
-0.61904762
-0.57369615
-0.52834467
-0.48299320
-0.43764172
-0.39229025
-0.34693878
-0.30158730
-0.25623583
-0.21088435
-0.16553288
-0.12018141
-0.07482993
-0.02947846
0.01587302
0.06122449
0.10657596
0.15192744
0.19727891
0.24263039
0.28798186
0.33333333
0.37868481
0.42403628
0.46938776
0.51473923
0.56009070
0.60544218
0.65079365
0.69614512
0.74149660
0.78684807
0.83219955
0.87755102
0.92290249
0.96825397
-0.98639456
-0.94104308
-0.89569161
-0.85034014
-0.80498866
-0.75963719
-0.71428571
-0.66893424
-0.62358277
-0.57823129
-0.53287982
-0.48752834
-0.44217687
-0.39682540
-0.35147392
-0.30612245
-0.26077098
-0.21541950
-0.17006803
-0.12471655
-0.07936508
-0.03401361
0.01133787
0.05668934
0.10204082
0.14739229
0.19274376
0.23809524
0.28344671
0.32879819
0.37414966
0.41950113
0.46485261
0.51020408
0.55555556
0.60090703
0.64625850
0.69160998
0.73696145
0.78231293
0.82766440
0.87301587
0.91836735
0.96371882
-0.99092971
-0.94557823
-0.90022676
-0.85487528
-0.80952381
-0.76417234
-0.71882086
-0.67346939
-0.62811791
-0.58276644
-0.53741497
-0.49206349
-0.44671202
-0.40136054
-0.35600907
-0.31065760
-0.26530612
-0.21995465
-0.17460317
-0.12925170
-0.08390023
-0.03854875
0.00680272
0.05215420
0.09750567
0.14285714
0.18820862
0.23356009
0.27891156
0.32426304
0.36961451
0.41496599
0.46031746
0.50566893
0.55102041
0.59637188
0.64172336
0.68707483
0.73242630
0.77777778
0.82312925
0.86848073
0.91383220
0.95918367
-0.99546485
-0.95011338
-0.90476190
-0.85941043
-0.81405896
-0.76870748
-0.72335601
-0.67800454
-0.63265306
-0.58730159
-0.54195011
-0.49659864
-0.45124717
-0.40589569
-0.36054422
-0.31519274
-0.26984127
-0.22448980
-0.17913832
-0.13378685
-0.08843537
-0.04308390
0.00226757
0.04761905
0.09297052
0.13832200
0.18367347
0.22902494
0.27437642
0.31972789
0.36507937
0.41043084
0.45578231
0.50113379
0.54648526
0.59183673
0.63718821
0.68253968
0.72789116
0.77324263
0.81859410
0.86394558
0.90929705
0.95464853
-1.00000000
-0.95464853
-0.90929705
-0.86394558
-0.81859410
-0.77324263
-0.72789116
-0.68253968
-0.63718821
-0.59183673
-0.54648526
-0.50113379
-0.45578231
-0.41043084
-0.36507937
-0.31972789
-0.27437642
-0.22902494
-0.18367347
-0.13832200
-0.09297052
-0.04761905
-0.00226757
0.04308390
0.08843537
0.13378685
0.17913832
0.22448980
0.26984127
0.31519274
0.36054422
0.40589569
0.45124717
0.49659864
0.54195011
0.58730159
0.63265306
0.67800454
0.72335601
0.76870748
0.81405896
0.85941043
0.90476190
0.95011338
0.99546485
-0.95918367
-0.91383220
-0.86848073
-0.82312925
-0.77777778
-0.73242630
-0.68707483
-0.64172336
-0.59637188
-0.55102041
-0.50566893
-0.46031746
-0.41496599
-0.36961451
-0.32426304
-0.27891156
-0.23356009
-0.18820862
-0.14285714
-0.09750567
-0.05215420
-0.00680272
0.03854875
0.08390023
0.12925170
0.17460317
0.21995465
0.26530612
0.31065760
0.35600907
0.40136054
0.44671202
0.49206349
0.53741497
0.58276644
0.62811791
0.67346939
0.71882086
0.76417234
0.80952381
0.85487528
0.90022676
0.94557823
0.99092971
-0.96371882
-0.91836735
-0.87301587
-0.82766440
-0.78231293
-0.73696145
-0.69160998
-0.64625850
-0.60090703
-0.55555556
-0.51020408
-0.46485261
-0.41950113
-0.37414966
-0.32879819
-0.28344671
-0.23809524
-0.19274376
-0.14739229
-0.10204082
-0.05668934
-0.01133787
0.03401361
0.07936508
0.12471655
0.17006803
0.21541950
0.26077098
0.30612245
0.35147392
0.39682540
0.44217687
0.48752834
0.53287982
0.57823129
0.62358277
0.66893424
0.71428571
0.75963719
0.80498866
0.85034014
0.89569161
0.94104308
0.98639456
-0.96825397
-0.92290249
-0.87755102
-0.83219955
-0.78684807
-0.74149660
-0.69614512
-0.65079365
-0.60544218
-0.56009070
-0.51473923
-0.46938776
-0.42403628
-0.37868481
-0.33333333
-0.28798186
-0.24263039
-0.19727891
-0.15192744
-0.10657596
-0.06122449
-0.01587302
0.02947846
0.07482993
0.12018141
0.16553288
0.21088435
0.25623583
0.30158730
0.34693878
0.39229025
0.43764172
0.48299320
0.52834467
0.57369615
0.61904762
0.66439909
0.70975057
0.75510204
0.80045351
0.84580499
0.89115646
0.93650794
0.98185941
-0.97278912
-0.92743764
-0.88208617
-0.83673469
-0.79138322
-0.74603175
-0.70068027
-0.65532880
-0.60997732
-0.56462585
-0.51927438
-0.47392290
-0.42857143
-0.38321995
-0.33786848
-0.29251701
-0.24716553
-0.20181406
-0.15646259
-0.11111111
-0.06575964
-0.02040816
0.02494331
0.07029478
0.11564626
0.16099773
0.20634921
0.25170068
0.29705215
0.34240363
0.38775510
0.43310658
0.47845805
0.52380952
0.56916100
0.61451247
0.65986395
0.70521542
0.75056689
0.79591837
0.84126984
0.88662132
0.93197279
0.97732426
-0.97732426
-0.93197279
-0.88662132
-0.84126984
-0.79591837
-0.75056689
-0.70521542
-0.65986395
-0.61451247
-0.56916100
-0.52380952
-0.47845805
-0.43310658
-0.38775510
-0.34240363
-0.29705215
-0.25170068
-0.20634921
-0.16099773
-0.11564626
-0.07029478
-0.02494331
0.02040816
0.06575964
0.11111111
0.15646259
0.20181406
0.24716553
0.29251701
0.33786848
0.38321995
0.42857143
0.47392290
0.51927438
0.56462585
0.60997732
0.65532880
0.70068027
0.74603175
0.79138322
0.83673469
0.88208617
0.92743764
0.97278912
-0.98185941
-0.93650794
-0.89115646
-0.84580499
-0.80045351
-0.75510204
-0.70975057
-0.66439909
-0.61904762
-0.57369615
-0.52834467
-0.48299320
-0.43764172
-0.39229025
-0.34693878
-0.30158730
-0.25623583
-0.21088435
-0.16553288
-0.12018141
-0.07482993
-0.02947846
0.01587302
0.06122449
0.10657596
0.15192744
0.19727891
0.24263039
0.28798186
0.33333333
0.37868481
0.42403628
0.46938776
0.51473923
0.56009070
0.60544218
0.65079365
0.69614512
0.74149660
0.78684807
0.83219955
0.87755102
0.92290249
0.96825397
-0.98639456
-0.94104308
-0.89569161
-0.85034014
-0.80498866
-0.75963719
-0.71428571
-0.66893424
-0.62358277
-0.57823129
-0.53287982
-0.48752834
-0.44217687
-0.39682540
-0.35147392
-0.30612245
-0.26077098
-0.21541950
-0.17006803
-0.12471655
-0.07936508
-0.03401361
0.01133787
0.05668934
0.10204082
0.14739229
0.19274376
0.23809524
0.28344671
0.32879819
0.37414966
0.41950113
0.46485261
0.51020408
0.55555556
0.60090703
0.64625850
0.69160998
0.73696145
0.78231293
0.82766440
0.87301587
0.91836735
0.96371882
-0.99092971
-0.94557823
-0.90022676
-0.85487528
-0.80952381
-0.76417234
-0.71882086
-0.67346939
-0.62811791
-0.58276644
-0.53741497
-0.49206349
-0.44671202
-0.40136054
-0.35600907
-0.31065760
-0.26530612
-0.21995465
-0.17460317
-0.12925170
-0.08390023
-0.03854875
0.00680272
0.05215420
0.09750567
0.14285714
0.18820862
0.23356009
0.27891156
0.32426304
0.36961451
0.41496599
0.46031746
0.50566893
0.55102041
0.59637188
0.64172336
0.68707483
0.73242630
0.77777778
0.82312925
0.86848073
0.91383220
0.95918367
-0.99546485
-0.95011338
-0.90476190
-0.85941043
-0.81405896
-0.76870748
-0.72335601
-0.67800454
-0.63265306
-0.58730159
-0.54195011
-0.49659864
-0.45124717
-0.40589569
-0.36054422
-0.31519274
-0.26984127
-0.22448980
-0.17913832
-0.13378685
-0.08843537
-0.04308390
0.00226757
0.04761905
0.09297052
0.13832200
0.18367347
0.22902494
0.27437642
0.31972789
0.36507937
0.41043084
0.45578231
0.50113379
0.54648526
0.59183673
0.63718821
0.68253968
0.72789116
0.77324263
0.81859410
0.86394558
0.90929705
0.95464853
-1.00000000
-0.95464853
-0.90929705
-0.86394558
-0.81859410
-0.77324263
-0.72789116
-0.68253968
-0.63718821
-0.59183673
-0.54648526
-0.50113379
-0.45578231
-0.41043084
-0.36507937
-0.31972789
-0.27437642
-0.22902494
-0.18367347
-0.13832200
-0.09297052
-0.04761905
-0.00226757
0.04308390
0.08843537
0.13378685
0.17913832
0.22448980
0.26984127
0.31519274
0.36054422
0.40589569
0.45124717
0.49659864
0.54195011
0.58730159
0.63265306
0.67800454
0.72335601
0.76870748
0.81405896
0.85941043
0.90476190
0.95011338
0.99546485
-0.95918367
-0.91383220
-0.86848073
-0.82312925
-0.77777778
-0.73242630
-0.68707483
-0.64172336
-0.59637188
-0.55102041
-0.50566893
-0.46031746
-0.41496599
-0.36961451
-0.32426304
-0.27891156
-0.23356009
-0.18820862
-0.14285714
-0.09750567
-0.05215420
-0.00680272
0.03854875
0.08390023
0.12925170
0.17460317
0.21995465
0.26530612
0.31065760
0.35600907
0.40136054
0.44671202
0.49206349
0.53741497
0.58276644
0.62811791
0.67346939
0.71882086
0.76417234
0.80952381
0.85487528
0.90022676
0.94557823
0.99092971
-0.96371882
-0.91836735
-0.87301587
-0.82766440
-0.78231293
-0.73696145
-0.69160998
-0.64625850
-0.60090703
-0.55555556
-0.51020408
-0.46485261
-0.41950113
-0.37414966
-0.32879819
-0.28344671
-0.23809524
-0.19274376
-0.14739229
-0.10204082
-0.05668934
-0.01133787
0.03401361
0.07936508
0.12471655
0.17006803
0.21541950
0.26077098
0.30612245
0.35147392
0.39682540
0.44217687
0.48752834
0.53287982
0.57823129
0.62358277
0.66893424
0.71428571
0.75963719
0.80498866
0.85034014
0.89569161
0.94104308
0.98639456
-0.96825397
-0.92290249
-0.87755102
-0.83219955
-0.78684807
-0.74149660
-0.69614512
-0.65079365
-0.60544218
-0.56009070
-0.51473923
-0.46938776
-0.42403628
-0.37868481
-0.33333333
-0.28798186
-0.24263039
-0.19727891
-0.15192744
-0.10657596
-0.06122449
-0.01587302
0.02947846
0.07482993
0.12018141
0.16553288
0.21088435
0.25623583
0.30158730
0.34693878
0.39229025
0.43764172
0.48299320
0.52834467
0.57369615
0.61904762
0.66439909
0.70975057
0.75510204
0.80045351
0.84580499
0.89115646
0.93650794
0.98185941
-0.97278912
-0.92743764
-0.88208617
-0.83673469
-0.79138322
-0.74603175
-0.70068027
-0.65532880
-0.60997732
-0.56462585
-0.51927438
-0.47392290
-0.42857143
-0.38321995
-0.33786848
-0.29251701
-0.24716553
-0.20181406
-0.15646259
-0.11111111
-0.06575964
-0.02040816
0.02494331
0.07029478
0.11564626
0.16099773
0.20634921
0.25170068
0.29705215
0.34240363
0.38775510
0.43310658
0.47845805
0.52380952
0.56916100
0.61451247
0.65986395
0.70521542
0.75056689
0.79591837
0.84126984
0.88662132
0.93197279
0.97732426
-0.97732426
-0.93197279
-0.88662132
-0.84126984
-0.79591837
-0.75056689
-0.70521542
-0.65986395
-0.61451247
-0.56916100
-0.52380952
-0.47845805
-0.43310658
-0.38775510
-0.34240363
-0.29705215
-0.25170068
-0.20634921
-0.16099773
-0.11564626
-0.07029478
-0.02494331
0.02040816
0.06575964
0.11111111
0.15646259
0.20181406
0.24716553
0.29251701
0.33786848
0.38321995
0.42857143
0.47392290
0.51927438
0.56462585
0.60997732
0.65532880
0.70068027
0.74603175
0.79138322
0.83673469
0.88208617
0.92743764
0.97278912
-0.98185941
-0.93650794
-0.89115646
-0.84580499
-0.80045351
-0.75510204
-0.70975057
-0.66439909
-0.61904762
-0.57369615
-0.52834467
-0.48299320
-0.43764172
-0.39229025
-0.34693878
-0.30158730
-0.25623583
-0.21088435
-0.16553288
-0.12018141
-0.07482993
-0.02947846
0.01587302
0.06122449
0.10657596
0.15192744
0.19727891
0.24263039
0.28798186
0.33333333
0.37868481
0.42403628
0.46938776
0.51473923
0.56009070
0.60544218
0.65079365
0.69614512
0.74149660
0.78684807
0.83219955
0.87755102
0.92290249
0.96825397
-0.98639456
-0.94104308
-0.89569161
-0.85034014
-0.80498866
-0.75963719
-0.71428571
-0.66893424
-0.62358277
-0.57823129
-0.53287982
-0.48752834
-0.44217687
-0.39682540
-0.35147392
-0.30612245
-0.26077098
-0.21541950
-0.17006803
-0.12471655
-0.07936508
-0.03401361
0.01133787
0.05668934
0.10204082
0.14739229
0.19274376
0.23809524
0.28344671
0.32879819
0.37414966
0.41950113
0.46485261
0.51020408
0.55555556
0.60090703
0.64625850
0.69160998
0.73696145
0.78231293
0.82766440
0.87301587
0.91836735
0.96371882
-0.99092971
-0.94557823
-0.90022676
-0.85487528
-0.80952381
-0.76417234
-0.71882086
-0.67346939
-0.62811791
-0.58276644
-0.53741497
-0.49206349
-0.44671202
-0.40136054
-0.35600907
-0.31065760
-0.26530612
-0.21995465
-0.17460317
-0.12925170
-0.08390023
-0.03854875
0.00680272
0.05215420
0.09750567
0.14285714
0.18820862
0.23356009
0.27891156
0.32426304
0.36961451
0.41496599
0.46031746
0.50566893
0.55102041
0.59637188
0.64172336
0.68707483
0.73242630
0.77777778
0.82312925
0.86848073
0.91383220
0.95918367
-0.99546485
-0.95011338
-0.90476190
-0.85941043
-0.81405896
-0.76870748
-0.72335601
-0.67800454
-0.63265306
-0.58730159
-0.54195011
-0.49659864
-0.45124717
-0.40589569
-0.36054422
-0.31519274
-0.26984127
-0.22448980
-0.17913832
-0.13378685
-0.08843537
-0.04308390
0.00226757
0.04761905
0.09297052
0.13832200
0.18367347
0.22902494
0.27437642
0.31972789
0.36507937
0.41043084
0.45578231
0.50113379
0.54648526
0.59183673
0.63718821
0.68253968
0.72789116
0.77324263
0.81859410
0.86394558
0.90929705
0.95464853
-1.00000000
-0.95464853
-0.90929705
-0.86394558
-0.81859410
-0.77324263
-0.72789116
-0.68253968
-0.63718821
-0.59183673
-0.54648526
-0.50113379
-0.45578231
-0.41043084
-0.36507937
-0.31972789
-0.27437642
-0.22902494
-0.18367347
-0.13832200
-0.09297052
-0.04761905
-0.00226757
0.04308390
0.08843537
0.13378685
0.17913832
0.22448980
0.26984127
0.31519274
0.36054422
0.40589569
0.45124717
0.49659864
0.54195011
0.58730159
0.63265306
0.67800454
0.72335601
0.76870748
0.81405896
0.85941043
0.90476190
0.95011338
0.99546485
-0.95918367
-0.91383220
-0.86848073
-0.82312925
-0.77777778
-0.73242630
-0.68707483
-0.64172336
-0.59637188
-0.55102041
-0.50566893
-0.46031746
-0.41496599
-0.36961451
-0.32426304
-0.27891156
-0.23356009
-0.18820862
-0.14285714
-0.09750567
-0.05215420
-0.00680272
0.03854875
0.08390023
0.12925170
0.17460317
0.21995465
0.26530612
0.31065760
0.35600907
0.40136054
0.44671202
0.49206349
0.53741497
0.58276644
0.62811791
0.67346939
0.71882086
0.76417234
0.80952381
0.85487528
0.90022676
0.94557823
0.99092971
-0.96371882
-0.91836735
-0.87301587
-0.82766440
-0.78231293
-0.73696145
-0.69160998
-0.64625850
-0.60090703
-0.55555556
-0.51020408
-0.46485261
-0.41950113
-0.37414966
-0.32879819
-0.28344671
-0.23809524
-0.19274376
-0.14739229
-0.10204082
-0.05668934
-0.01133787
0.03401361
0.07936508
0.12471655
0.17006803
0.21541950
0.26077098
0.30612245
0.35147392
0.39682540
0.44217687
0.48752834
0.53287982
0.57823129
0.62358277
0.66893424
0.71428571
