0	34.3463
10.7666	33.0175
21.5332	34.4736
32.2998	33.2631
43.0664	34.8346
53.833	33.7158
64.5996	35.3761
75.3662	34.3147
86.1328	36.0328
96.8994	34.9959
107.666	36.7436
118.433	35.7043
129.199	37.4591
139.966	36.3964
150.732	38.1411
161.499	37.0385
172.266	38.7596
183.032	37.6034
193.799	39.2895
204.565	38.0669
215.332	39.7076
226.099	38.4056
236.865	39.9906
247.632	38.5949
258.398	40.113
269.165	38.6074
279.932	40.0463
290.698	38.4117
301.465	39.7587
312.231	37.9729
322.998	39.2168
333.765	37.2569
344.531	38.3963
355.298	36.2486
366.064	37.3157
376.831	35.0111
387.598	36.1313
398.364	33.832
409.131	35.2891
419.897	33.3316
430.664	35.3727
441.431	33.9194
452.197	36.3475
462.964	35.1293
473.73	37.5685
484.497	36.2783
495.264	38.5322
506.03	37.0104
516.797	39.0182
527.563	37.1877
538.33	38.9408
549.097	36.7544
559.863	38.2832
570.63	35.7303
581.396	37.1711
592.163	34.3948
602.93	36.1411
613.696	33.6414
624.463	36.1347
635.229	34.2759
645.996	37.1777
656.763	35.5321
667.529	38.2633
678.296	36.3704
689.062	38.7283
699.829	36.378
710.596	38.3746
721.362	35.495
732.129	37.3287
742.896	34.0952
753.662	36.3518
764.429	33.5012
775.195	36.6483
785.962	34.4976
796.729	37.8096
807.495	35.6452
818.262	38.5266
829.028	35.8504
839.795	38.258
850.562	34.9091
861.328	37.1747
872.095	33.464
882.861	36.4549
893.628	33.4207
904.395	37.2357
915.161	34.7361
925.928	38.2712
936.694	35.3818
947.461	38.3124
958.228	34.6332
968.994	37.3089
979.761	33.0951
990.527	36.5723
1001.29	33.0976
1012.06	37.425
1022.83	34.4709
1033.59	38.3227
1044.36	34.7852
1055.13	37.9848
1065.89	33.5063
1076.66	36.8568
1087.43	32.3349
1098.19	36.967
1108.96	33.4834
1119.73	38.0843
1130.49	34.3562
1141.26	38.1439
1152.03	33.3621
1162.79	37.0513
1173.56	31.8683
1184.33	36.9313
1195.09	32.912
1205.86	38.0466
1216.63	33.8361
1227.39	38.0554
1238.16	32.6445
1248.93	36.9465
1259.69	31.3386
1270.46	37.179
1281.23	32.773
1291.99	38.1809
1302.76	33.1527
1313.53	37.693
1324.29	31.341
1335.06	36.8075
1345.83	31.2517
1356.59	37.7435
1367.36	32.733
1378.12	38.1008
1388.89	31.7218
1399.66	37.0258
1410.42	30.1865
1421.19	37.3073
1431.96	31.8636
1442.72	38.164
1453.49	31.7014
1464.26	37.3176
1475.02	29.5768
1485.79	37.0889
1496.56	30.9639
1507.32	38.1134
1518.09	31.3212
1528.86	37.4609
1539.62	28.9911
1550.39	37.0435
1561.16	30.2394
1571.92	38.0863
1582.69	30.6996
1593.46	37.4371
1604.22	28.1976
1614.99	37.1159
1625.76	29.7497
1636.52	38.0987
1647.29	29.8088
1658.06	37.266
1668.82	27.2761
1679.59	37.3295
1690.36	29.4301
1701.12	38.0625
1711.89	28.435
1722.66	37.0278
1733.42	26.7309
1744.19	37.6963
1754.96	28.9664
1765.72	37.813
1776.49	26.3285
1787.26	36.9957
1798.02	27.0265
1808.79	38.0284
1819.56	27.6848
1830.32	37.2854
1841.09	24.3702
1851.86	37.4651
1862.62	27.2996
1873.39	37.9109
1884.16	24.7062
1894.92	36.9976
1905.69	25.0321
1916.46	38.0118
1927.22	25.7846
1937.99	37.2202
1948.75	21.9611
1959.52	37.6239
1970.29	25.519
1981.05	37.7143
1991.82	20.9348
2002.59	37.1727
2013.35	23.8744
2024.12	37.998
2034.89	21.7836
2045.65	37.0138
2056.42	21.018
2067.19	37.9875
2077.95	22.1752
2088.72	37.1598
2099.49	17.071
2110.25	37.7942
2121.02	21.6523
2131.79	37.4187
2142.55	12.3705
2153.32	37.5548
2164.09	20.3355
2174.85	37.6447
2185.62	8.45464
2196.39	37.3581
2207.15	18.3565
2217.92	37.7929
2228.69	7.36856
2239.45	37.2334
2250.22	15.8048
2260.99	37.8718
2271.75	8.28519
2282.52	37.1717
2293.29	12.8154
2304.05	37.9028
2314.82	10.481
2325.59	37.1558
2336.35	9.87072
2347.12	37.8999
2357.89	13.3739
2368.65	37.1775
2379.42	8.08627
2390.19	37.8638
2400.95	16.2078
2411.72	37.2429
2422.49	8.14337
2433.25	37.7823
2444.02	18.6253
2454.79	37.3665
2465.55	10.0027
2476.32	37.6374
2487.08	20.5052
2497.85	37.5538
2508.62	13.5974
2519.38	37.4244
2530.15	21.7617
2540.92	37.7756
2551.68	17.715
2562.45	37.1893
2573.22	22.2838
2583.98	37.9488
2594.75	21.2941
2605.52	37.0647
2616.28	22.0135
2627.05	37.9509
2637.82	23.9452
2648.58	37.2135
2659.35	21.4669
2670.12	37.6903
2680.88	25.494
2691.65	37.6134
2702.42	22.5148
2713.18	37.2583
2723.95	25.7902
2734.72	37.949
2745.48	25.1982
2756.25	37.0765
2767.02	24.974
2777.78	37.8532
2788.55	27.2401
2799.32	37.4763
2810.08	24.8858
2820.85	37.3216
2831.62	27.6392
2842.38	37.948
2853.15	27.1454
2863.92	37.0926
2874.68	26.6349
2885.45	37.759
2896.22	28.8508
2906.98	37.6667
2917.75	27.1061
2928.52	37.1251
2939.28	28.4868
2950.05	37.959
2960.82	29.3551
2971.58	37.372
2982.35	27.737
2993.12	37.3173
3003.88	29.7357
3014.65	37.9803
3025.42	29.7433
3036.18	37.2109
3046.95	28.6237
3057.71	37.4523
3068.48	30.5738
3079.25	37.9615
3090.01	30.2653
3100.78	37.1636
3111.55	29.3966
3122.31	37.4713
3133.08	31.1811
3143.85	37.9732
3154.61	30.9559
3165.38	37.2046
3176.15	30.0061
3186.91	37.367
3197.68	31.5904
3208.45	38.0014
3219.21	31.7616
3229.98	37.368
3240.75	30.6153
3251.51	37.1641
3262.28	31.7305
3273.05	37.9427
3283.81	32.527
3294.58	37.6824
3305.35	31.5087
3316.11	37.0253
3326.88	31.6139
3337.65	37.638
3348.41	32.9394
3359.18	37.992
3369.95	32.7046
3380.71	37.2863
3391.48	31.7844
3402.25	37.1282
3413.01	32.6882
3423.78	37.8901
3434.55	33.5725
3445.31	37.8846
3456.08	32.9611
3466.85	37.1291
3477.61	32.3337
3488.38	37.2058
3499.15	33.3388
3509.91	37.9421
3520.68	34.0669
3531.45	37.9
3542.21	33.5003
3552.98	37.1606
3563.75	32.8228
3574.51	37.0923
3585.28	33.5889
3596.04	37.8231
3606.81	34.4812
3617.58	38.051
3628.34	34.2941
3639.11	37.4538
3649.88	33.4604
3660.64	36.9332
3671.41	33.5034
3682.18	37.382
3692.94	34.4931
3703.71	38.0306
3714.48	35.0204
3725.24	37.9977
3736.01	34.6144
3746.78	37.3346
3757.54	33.8542
3768.31	36.8829
3779.08	33.9239
3789.84	37.3057
3800.61	34.8176
3811.38	37.9804
3822.14	35.45
3832.91	38.1483
3843.68	35.3288
3854.44	37.6797
3865.21	34.6409
3875.98	36.9981
3886.74	34.1316
3897.51	36.8492
3908.28	34.495
3919.04	37.4038
3929.81	35.3392
3940.58	38.0392
3951.34	35.9137
3962.11	38.2538
3972.88	35.9124
3983.64	37.9399
3994.41	35.3951
4005.18	37.285
4015.94	34.7146
4026.71	36.7396
4037.48	34.4458
4048.24	36.7672
4059.01	34.8731
4069.78	37.3253
4080.54	35.6394
4091.31	37.971
4102.08	36.2713
4112.84	38.3655
4123.61	36.5412
4134.38	38.3867
4145.14	36.409
4155.91	38.0468
4166.67	35.9398
4177.44	37.4503
4188.21	35.2922
4198.97	36.8002
4209.74	34.7297
4220.51	36.3782
4231.27	34.5434
4242.04	36.3989
4252.81	34.8398
4263.57	36.8311
4274.34	35.4559
4285.11	37.4563
4295.87	36.1451
4306.64	38.0666
4317.41	36.7406
4328.17	38.5465
4338.94	37.1691
4349.71	38.8531
4360.47	37.4124
4371.24	38.9815
4382.01	37.4773
4392.77	38.9429
4403.54	37.3802
4414.31	38.7547
4425.07	37.1399
4435.84	38.4352
4446.61	36.7752
4457.37	38.0021
4468.14	36.3036
4478.91	37.4721
4489.67	35.7414
4500.44	36.8603
4511.21	35.1031
4521.97	36.1806
4532.74	34.4022
4543.51	35.4455
4554.27	33.6509
4565.04	34.6668
4575.81	32.8602
4586.57	33.8549
4597.34	32.0404
4608.11	33.0194
4618.87	31.2007
4629.64	32.1691
4640.41	30.3494
4651.17	31.3119
4661.94	29.4942
4672.71	30.4548
4683.47	28.6416
4694.24	29.6039
4705	27.7975
4715.77	28.7647
4726.54	26.967
4737.3	27.9415
4748.07	26.154
4758.84	27.1381
4769.6	25.3621
4780.37	26.3574
4791.14	24.5937
4801.9	25.6014
4812.67	23.8507
4823.44	24.8718
4834.2	23.1344
4844.97	24.1694
4855.74	22.4454
4866.5	23.4945
4877.27	21.7838
4888.04	22.847
4898.8	21.1494
4909.57	22.2265
4920.34	20.5417
4931.1	21.6324
4941.87	19.9598
4952.64	21.0636
4963.4	19.4028
4974.17	20.5191
4984.94	18.8696
4995.7	19.9978
5006.47	18.359
5017.24	19.4985
5028	17.8699
5038.77	19.02
5049.54	17.4009
5060.3	18.5612
5071.07	16.9511
5081.84	18.1208
5092.6	16.5192
5103.37	17.6978
5114.14	16.1041
5124.9	17.2911
5135.67	15.7049
5146.44	16.8998
5157.2	15.3206
5167.97	16.5228
5178.74	14.9503
5189.5	16.1594
5200.27	14.5931
5211.04	15.8088
5221.8	14.2484
5232.57	15.4701
5243.33	13.9153
5254.1	15.1428
5264.87	13.5931
5275.63	14.8261
5286.4	13.2813
5297.17	14.5194
5307.93	12.9794
5318.7	14.2223
5329.47	12.6866
5340.23	13.9341
5351	12.4027
5361.77	13.6545
5372.53	12.127
5383.3	13.383
5394.07	11.8592
5404.83	13.1191
5415.6	11.5989
5426.37	12.8625
5437.13	11.3458
5447.9	12.6128
5458.67	11.0994
5469.43	12.3698
5480.2	10.8594
5490.97	12.133
5501.73	10.6257
5512.5	11.9023
5523.27	10.3978
5534.03	11.6773
5544.8	10.1755
5555.57	11.4579
5566.33	9.95864
5577.1	11.2437
5587.87	9.74692
5598.63	11.0345
5609.4	9.54016
5620.17	10.8302
5630.93	9.33814
5641.7	10.6305
5652.47	9.14068
5663.23	10.4353
5674	8.9476
5684.77	10.2444
5695.53	8.75874
5706.3	10.0576
5717.07	8.57394
5727.83	9.87485
5738.6	8.39304
5749.37	9.6959
5760.13	8.21592
5770.9	9.52064
5781.67	8.04243
5792.43	9.34895
5803.2	7.87245
5813.96	9.18072
5824.73	7.70586
5835.5	9.01581
5846.26	7.54254
5857.03	8.85412
5867.8	7.3824
5878.56	8.69554
5889.33	7.22532
5900.1	8.53999
5910.86	7.07121
5921.63	8.38735
5932.4	6.91997
5943.16	8.23753
5953.93	6.77152
5964.7	8.09047
5975.46	6.62577
5986.23	7.94605
5997	6.48264
6007.76	7.80422
6018.53	6.34205
6029.3	7.6649
6040.06	6.20393
6050.83	7.528
6061.6	6.0682
6072.36	7.39347
6083.13	5.93481
6093.9	7.26123
6104.66	5.80368
6115.43	7.13122
6126.2	5.67475
6136.96	7.00338
6147.73	5.54796
6158.5	6.87766
6169.26	5.42325
6180.03	6.75399
6190.8	5.30057
6201.56	6.63232
6212.33	5.17987
6223.1	6.51259
6233.86	5.06109
6244.63	6.39477
6255.4	4.94419
6266.16	6.27879
6276.93	4.82911
6287.7	6.16462
6298.46	4.71581
6309.23	6.05221
6320	4.60425
6330.76	5.94151
6341.53	4.49438
6352.29	5.83248
6363.06	4.38616
6373.83	5.72508
6384.59	4.27956
6395.36	5.61928
6406.13	4.17452
6416.89	5.51503
6427.66	4.07103
6438.43	5.4123
6449.19	3.96904
6459.96	5.31105
6470.73	3.86851
6481.49	5.21125
6492.26	3.76942
6503.03	5.11287
6513.79	3.67172
6524.56	5.01587
6535.33	3.57539
6546.09	4.92022
6556.86	3.4804
6567.63	4.8259
6578.39	3.38672
6589.16	4.73286
6599.93	3.29432
6610.69	4.6411
6621.46	3.20317
6632.23	4.55057
6642.99	3.11324
6653.76	4.46125
6664.53	3.02452
6675.29	4.37312
6686.06	2.93696
6696.83	4.28614
6707.59	2.85055
6718.36	4.20031
6729.13	2.76527
6739.89	4.11558
6750.66	2.68109
6761.43	4.03195
6772.19	2.59798
6782.96	3.94937
6793.73	2.51593
6804.49	3.86785
6815.26	2.43492
6826.03	3.78735
6836.79	2.35492
6847.56	3.70785
6858.33	2.27591
6869.09	3.62934
6879.86	2.19787
6890.62	3.55179
6901.39	2.12079
6912.16	3.47518
6922.92	2.04465
6933.69	3.3995
6944.46	1.96942
6955.22	3.32473
6965.99	1.89509
6976.76	3.25085
6987.52	1.82165
6998.29	3.17784
7009.06	1.74907
7019.82	3.10569
7030.59	1.67734
7041.36	3.03438
7052.12	1.60644
7062.89	2.9639
7073.66	1.53636
7084.42	2.89422
7095.19	1.46708
7105.96	2.82534
7116.72	1.39859
7127.49	2.75724
7138.26	1.33087
7149.02	2.68991
7159.79	1.26391
7170.56	2.62333
7181.32	1.1977
7192.09	2.55748
7202.86	1.13222
7213.62	2.49237
7224.39	1.06745
7235.16	2.42796
7245.92	1.0034
7256.69	2.36425
7267.46	0.940031
7278.22	2.30123
7288.99	0.877348
7299.76	2.23889
7310.52	0.815334
7321.29	2.1772
7332.06	0.753976
7342.82	2.11617
7353.59	0.693265
7364.36	2.05578
7375.12	0.633189
7385.89	1.99602
7396.66	0.573736
7407.42	1.93688
7418.19	0.514896
7428.96	1.87834
7439.72	0.45666
7450.49	1.82041
7461.25	0.399017
7472.02	1.76306
7482.79	0.341957
7493.55	1.70629
7504.32	0.28547
7515.09	1.65009
7525.85	0.229547
7536.62	1.59444
7547.39	0.174178
7558.15	1.53935
7568.92	0.119354
7579.69	1.4848
7590.45	0.0650657
7601.22	1.43077
7611.99	0.0113057
7622.75	1.37728
7633.52	-0.041934
7644.29	1.3243
7655.05	-0.0946639
7665.82	1.27182
7676.59	-0.14689
7687.35	1.21984
7698.12	-0.198622
7708.89	1.16836
7719.65	-0.249867
7730.42	1.11736
7741.19	-0.300632
7751.95	1.06683
7762.72	-0.350926
7773.49	1.01677
7784.25	-0.400756
7795.02	0.967168
7805.79	-0.450128
7816.55	0.918024
7827.32	-0.49905
7838.09	0.869324
7848.85	-0.54753
7859.62	0.821065
7870.39	-0.595572
7881.15	0.77324
7891.92	-0.643183
7902.69	0.725843
7913.45	-0.690371
7924.22	0.678865
7934.99	-0.737143
7945.75	0.6323
7956.52	-0.783504
7967.29	0.586143
7978.05	-0.82946
7988.82	0.54039
7999.58	-0.875015
8010.35	0.495032
8021.12	-0.920179
8031.88	0.450062
8042.65	-0.964955
8053.42	0.40548
8064.18	-1.00935
8074.95	0.361275
8085.72	-1.05337
8096.48	0.317444
8107.25	-1.09702
8118.02	0.273978
8128.78	-1.1403
8139.55	0.230878
8150.32	-1.18322
8161.08	0.188134
8171.85	-1.22579
8182.62	0.145745
8193.38	-1.26801
8204.15	0.1037
8214.92	-1.30988
8225.68	0.0619996
8236.45	-1.35141
8247.22	0.0206381
8257.98	-1.39261
8268.75	-0.0203922
8279.52	-1.43347
8290.28	-0.0610936
8301.05	-1.47401
8311.82	-0.101469
8322.58	-1.51423
8333.35	-0.141525
8344.12	-1.55412
8354.88	-0.181266
8365.65	-1.59371
8376.42	-0.220697
8387.18	-1.63299
8397.95	-0.25982
8408.72	-1.67196
8419.48	-0.298639
8430.25	-1.71063
8441.02	-0.337163
8451.78	-1.74901
8462.55	-0.37539
8473.32	-1.78709
8484.08	-0.413325
8494.85	-1.82488
8505.62	-0.450976
8516.38	-1.86239
8527.15	-0.488341
8537.92	-1.89961
8548.68	-0.525427
8559.45	-1.93656
8570.21	-0.562237
8580.98	-1.97324
8591.75	-0.598775
8602.51	-2.00964
8613.28	-0.635043
8624.05	-2.04577
8634.81	-0.671045
8645.58	-2.08165
8656.35	-0.706786
8667.11	-2.11726
8677.88	-0.742268
8688.65	-2.15261
8699.41	-0.777493
8710.18	-2.18771
8720.95	-0.812467
8731.71	-2.22256
8742.48	-0.84719
8753.25	-2.25716
8764.01	-0.881668
8774.78	-2.29152
8785.55	-0.915902
8796.31	-2.32563
8807.08	-0.949897
8817.85	-2.35951
8828.61	-0.983655
8839.38	-2.39315
8850.15	-1.01718
8860.91	-2.42655
8871.68	-1.05047
8882.45	-2.45973
8893.21	-1.08353
8903.98	-2.49268
8914.75	-1.11637
8925.51	-2.5254
8936.28	-1.14898
8947.05	-2.55791
8957.81	-1.18137
8968.58	-2.59019
8979.35	-1.21354
8990.11	-2.62225
9000.88	-1.2455
9011.65	-2.65411
9022.41	-1.27725
9033.18	-2.68575
9043.95	-1.30878
9054.71	-2.71718
9065.48	-1.34011
9076.25	-2.7484
9087.01	-1.37123
9097.78	-2.77942
9108.54	-1.40215
9119.31	-2.81024
9130.08	-1.43286
9140.84	-2.84085
9151.61	-1.46338
9162.38	-2.87127
9173.14	-1.4937
9183.91	-2.90149
9194.68	-1.52383
9205.44	-2.93152
9216.21	-1.55376
9226.98	-2.96136
9237.74	-1.5835
9248.51	-2.99101
9259.28	-1.61306
9270.04	-3.02047
9280.81	-1.64243
9291.58	-3.04975
9302.34	-1.67161
9313.11	-3.07884
9323.88	-1.70062
9334.64	-3.10776
9345.41	-1.72944
9356.18	-3.13649
9366.94	-1.75809
9377.71	-3.16505
9388.48	-1.78655
9399.24	-3.19343
9410.01	-1.81485
9420.78	-3.22164
9431.54	-1.84297
9442.31	-3.24968
9453.08	-1.87092
9463.84	-3.27755
9474.61	-1.89871
9485.38	-3.30525
9496.14	-1.92632
9506.91	-3.33278
9517.68	-1.95378
9528.44	-3.36015
9539.21	-1.98106
9549.98	-3.38736
9560.74	-2.00819
9571.51	-3.4144
9582.28	-2.03515
9593.04	-3.44129
9603.81	-2.06196
9614.58	-3.46802
9625.34	-2.08861
9636.11	-3.49459
9646.88	-2.1151
9657.64	-3.52101
9668.41	-2.14145
9679.17	-3.54727
9689.94	-2.16763
9700.71	-3.57338
9711.47	-2.19367
9722.24	-3.59935
9733.01	-2.21956
9743.77	-3.62516
9754.54	-2.2453
9765.31	-3.65083
9776.07	-2.2709
9786.84	-3.67635
9797.61	-2.29634
9808.37	-3.70173
9819.14	-2.32165
9829.91	-3.72696
9840.67	-2.34681
9851.44	-3.75205
9862.21	-2.37183
9872.97	-3.77701
9883.74	-2.39672
9894.51	-3.80182
9905.27	-2.42146
9916.04	-3.8265
9926.81	-2.44607
9937.57	-3.85104
9948.34	-2.47054
9959.11	-3.87544
9969.87	-2.49488
9980.64	-3.89972
9991.41	-2.51909
10002.2	-3.92386
10012.9	-2.54316
10023.7	-3.94787
10034.5	-2.56711
10045.2	-3.97174
10056	-2.59092
10066.8	-3.99549
10077.5	-2.6146
10088.3	-4.01911
10099.1	-2.63816
10109.8	-4.04261
10120.6	-2.6616
10131.4	-4.06598
10142.1	-2.6849
10152.9	-4.08923
10163.7	-2.70809
10174.4	-4.11235
10185.2	-2.73115
10196	-4.13535
10206.7	-2.75409
10217.5	-4.15823
10228.3	-2.77691
10239	-4.18099
10249.8	-2.79961
10260.6	-4.20363
10271.3	-2.8222
10282.1	-4.22616
10292.9	-2.84466
10303.6	-4.24857
10314.4	-2.86701
10325.2	-4.27086
10335.9	-2.88924
10346.7	-4.29303
10357.5	-2.91136
10368.2	-4.31509
10379	-2.93337
10389.8	-4.33705
10400.5	-2.95527
10411.3	-4.35889
10422.1	-2.97705
10432.8	-4.38061
10443.6	-2.99872
10454.4	-4.40223
10465.1	-3.02028
10475.9	-4.42374
10486.7	-3.04174
10497.4	-4.44514
10508.2	-3.06308
10519	-4.46643
10529.7	-3.08432
10540.5	-4.48762
10551.3	-3.10546
10562	-4.5087
10572.8	-3.12649
10583.6	-4.52968
10594.3	-3.14741
10605.1	-4.55055
10615.9	-3.16824
10626.6	-4.57133
10637.4	-3.18896
10648.2	-4.59199
10658.9	-3.20957
10669.7	-4.61256
10680.5	-3.23009
10691.2	-4.63303
10702	-3.25051
10712.8	-4.65339
10723.5	-3.27082
10734.3	-4.67366
10745.1	-3.29104
10755.8	-4.69383
10766.6	-3.31116
10777.4	-4.7139
10788.1	-3.33119
10798.9	-4.73388
10809.7	-3.35111
10820.4	-4.75376
10831.2	-3.37095
10842	-4.77355
10852.7	-3.39068
10863.5	-4.79324
10874.3	-3.41033
10885	-4.81283
10895.8	-3.42988
10906.6	-4.83234
10917.3	-3.44934
10928.1	-4.85175
10938.9	-3.4687
10949.6	-4.87107
10960.4	-3.48798
10971.2	-4.8903
10981.9	-3.50716
10992.7	-4.90944
11003.5	-3.52625
11014.2	-4.92849
11025	-3.54526
11035.8	-4.94745
11046.5	-3.56417
11057.3	-4.96632
11068.1	-3.583
11078.8	-4.9851
11089.6	-3.60175
11100.4	-5.0038
11111.1	-3.6204
11121.9	-5.02241
11132.7	-3.63897
11143.4	-5.04094
11154.2	-3.65745
11165	-5.05938
11175.7	-3.67585
11186.5	-5.07773
11197.3	-3.69416
11208	-5.09601
11218.8	-3.71239
11229.6	-5.1142
11240.3	-3.73054
11251.1	-5.1323
11261.9	-3.74861
11272.6	-5.15033
11283.4	-3.76659
11294.2	-5.16827
11304.9	-3.78449
11315.7	-5.18613
11326.5	-3.80231
11337.2	-5.20391
11348	-3.82005
11358.8	-5.22161
11369.5	-3.83772
11380.3	-5.23923
11391.1	-3.85529
11401.8	-5.25677
11412.6	-3.8728
11423.4	-5.27424
11434.1	-3.89022
11444.9	-5.29163
11455.7	-3.90757
11466.4	-5.30893
11477.2	-3.92484
11488	-5.32617
11498.7	-3.94203
11509.5	-5.34332
11520.3	-3.95915
11531	-5.3604
11541.8	-3.97619
11552.6	-5.37741
11563.3	-3.99316
11574.1	-5.39434
11584.9	-4.01006
11595.6	-5.41119
11606.4	-4.02688
11617.2	-5.42798
11627.9	-4.04362
11638.7	-5.44468
11649.5	-4.06029
11660.2	-5.46132
11671	-4.07689
11681.8	-5.47788
11692.5	-4.09342
11703.3	-5.49438
11714.1	-4.10988
11724.8	-5.5108
11735.6	-4.12626
11746.4	-5.52714
11757.1	-4.14257
11767.9	-5.54342
11778.7	-4.15882
11789.4	-5.55963
11800.2	-4.17499
11811	-5.57577
11821.7	-4.19109
11832.5	-5.59184
11843.3	-4.20713
11854	-5.60784
11864.8	-4.22309
11875.6	-5.62377
11886.3	-4.23899
11897.1	-5.63963
11907.9	-4.25482
11918.6	-5.65543
11929.4	-4.27058
11940.2	-5.67115
11950.9	-4.28627
11961.7	-5.68682
11972.5	-4.30191
11983.2	-5.70242
11994	-4.31747
12004.8	-5.71794
12015.5	-4.33296
12026.3	-5.73341
12037.1	-4.3484
12047.8	-5.74881
12058.6	-4.36376
12069.4	-5.76414
12080.1	-4.37906
12090.9	-5.77941
12101.7	-4.3943
12112.4	-5.79461
12123.2	-4.40947
12134	-5.80975
12144.7	-4.42458
12155.5	-5.82483
12166.3	-4.43963
12177	-5.83985
12187.8	-4.45461
12198.6	-5.8548
12209.3	-4.46953
12220.1	-5.86969
12230.9	-4.48439
12241.6	-5.88451
12252.4	-4.49918
12263.2	-5.89928
12273.9	-4.51392
12284.7	-5.91399
12295.5	-4.5286
12306.2	-5.92863
12317	-4.54321
12327.8	-5.94321
12338.5	-4.55776
12349.3	-5.95773
12360.1	-4.57225
12370.8	-5.9722
12381.6	-4.58669
12392.4	-5.9866
12403.1	-4.60106
12413.9	-6.00094
12424.7	-4.61537
12435.4	-6.01523
12446.2	-4.62962
12457	-6.02945
12467.7	-4.64382
12478.5	-6.04362
12489.3	-4.65796
12500	-6.05773
12510.8	-4.67204
12521.6	-6.07178
12532.3	-4.68606
12543.1	-6.08577
12553.9	-4.70003
12564.6	-6.09971
12575.4	-4.71394
12586.2	-6.11359
12596.9	-4.72779
12607.7	-6.12741
12618.5	-4.74158
12629.2	-6.14118
12640	-4.75532
12650.8	-6.15489
12661.5	-4.769
12672.3	-6.16854
12683.1	-4.78263
12693.8	-6.18214
12704.6	-4.7962
12715.4	-6.19569
12726.1	-4.80972
12736.9	-6.20918
12747.7	-4.82318
12758.4	-6.22261
12769.2	-4.83659
12780	-6.23599
12790.7	-4.84994
12801.5	-6.24932
12812.3	-4.86324
12823	-6.26259
12833.8	-4.87649
12844.6	-6.27581
12855.3	-4.88968
12866.1	-6.28898
12876.9	-4.90282
12887.6	-6.30209
12898.4	-4.91591
12909.2	-6.31515
12919.9	-4.92894
12930.7	-6.32816
12941.5	-4.94192
12952.2	-6.34111
12963	-4.95485
12973.8	-6.35401
12984.5	-4.96773
12995.3	-6.36687
13006.1	-4.98055
13016.8	-6.37967
13027.6	-4.99333
13038.4	-6.39241
13049.1	-5.00605
13059.9	-6.40511
13070.7	-5.01872
13081.4	-6.41776
13092.2	-5.03134
13103	-6.43036
13113.7	-5.04391
13124.5	-6.4429
13135.3	-5.05644
13146	-6.4554
13156.8	-5.0689
13167.6	-6.46784
13178.3	-5.08132
13189.1	-6.48024
13199.9	-5.0937
13210.6	-6.49258
13221.4	-5.10602
13232.2	-6.50488
13242.9	-5.11829
13253.7	-6.51713
13264.5	-5.13051
13275.2	-6.52933
13286	-5.14269
13296.8	-6.54148
13307.5	-5.15482
13318.3	-6.55358
13329.1	-5.1669
13339.8	-6.56564
13350.6	-5.17893
13361.4	-6.57764
13372.1	-5.19091
13382.9	-6.5896
13393.7	-5.20284
13404.4	-6.60152
13415.2	-5.21473
13426	-6.61338
13436.7	-5.22657
13447.5	-6.6252
13458.3	-5.23837
13469	-6.63697
13479.8	-5.25012
13490.6	-6.64869
13501.3	-5.26182
13512.1	-6.66037
13522.9	-5.27347
13533.6	-6.672
13544.4	-5.28508
13555.2	-6.68358
13565.9	-5.29663
13576.7	-6.69512
13587.5	-5.30815
13598.2	-6.70661
13609	-5.31962
13619.8	-6.71806
13630.5	-5.33105
13641.3	-6.72946
13652.1	-5.34242
13662.8	-6.74082
13673.6	-5.35376
13684.4	-6.75213
13695.1	-5.36505
13705.9	-6.7634
13716.7	-5.37629
13727.4	-6.77462
13738.2	-5.38749
13749	-6.7858
13759.7	-5.39865
13770.5	-6.79693
13781.2	-5.40976
13792	-6.80802
13802.8	-5.42083
13813.5	-6.81907
13824.3	-5.43185
13835.1	-6.83007
13845.8	-5.44283
13856.6	-6.84103
13867.4	-5.45377
13878.1	-6.85194
13888.9	-5.46466
13899.7	-6.86281
13910.4	-5.47551
13921.2	-6.87364
13932	-5.48632
13942.7	-6.88443
13953.5	-5.49708
13964.3	-6.89517
13975	-5.50781
13985.8	-6.90587
13996.6	-5.51848
14007.3	-6.91653
14018.1	-5.52912
14028.9	-6.92715
14039.6	-5.53972
14050.4	-6.93772
14061.2	-5.55027
14071.9	-6.94825
14082.7	-5.56078
14093.5	-6.95874
14104.2	-5.57125
14115	-6.96919
14125.8	-5.58168
14136.5	-6.9796
14147.3	-5.59207
14158.1	-6.98996
14168.8	-5.60241
14179.6	-7.00029
14190.4	-5.61271
14201.1	-7.01057
14211.9	-5.62298
14222.7	-7.02081
14233.4	-5.6332
14244.2	-7.03102
14255	-5.64338
14265.7	-7.04118
14276.5	-5.65352
14287.3	-7.0513
14298	-5.66362
14308.8	-7.06138
14319.6	-5.67368
14330.3	-7.07142
14341.1	-5.6837
14351.9	-7.08142
14362.6	-5.69368
14373.4	-7.09138
14384.2	-5.70362
14394.9	-7.1013
14405.7	-5.71353
14416.5	-7.11118
14427.2	-5.72339
14438	-7.12102
14448.8	-5.73321
14459.5	-7.13083
14470.3	-5.74299
14481.1	-7.14059
14491.8	-5.75274
14502.6	-7.15031
14513.4	-5.76244
14524.1	-7.16
14534.9	-5.77211
14545.7	-7.16965
14556.4	-5.78174
14567.2	-7.17925
14578	-5.79132
14588.7	-7.18882
14599.5	-5.80087
14610.3	-7.19836
14621	-5.81039
14631.8	-7.20785
14642.6	-5.81986
14653.3	-7.2173
14664.1	-5.8293
14674.9	-7.22672
14685.6	-5.83869
14696.4	-7.2361
14707.2	-5.84806
14717.9	-7.24544
14728.7	-5.85738
14739.5	-7.25474
14750.2	-5.86666
14761	-7.26401
14771.8	-5.8759
14782.5	-7.27324
14793.3	-5.88512
14804.1	-7.28243
14814.8	-5.89429
14825.6	-7.29158
14836.4	-5.90343
14847.1	-7.3007
14857.9	-5.91252
14868.7	-7.30978
14879.4	-5.92159
14890.2	-7.31882
14901	-5.93061
14911.7	-7.32783
14922.5	-5.9396
14933.3	-7.3368
14944	-5.94855
14954.8	-7.34574
14965.6	-5.95747
14976.3	-7.35463
14987.1	-5.96635
14997.9	-7.36349
15008.6	-5.97519
15019.4	-7.37232
15030.2	-5.984
15040.9	-7.38111
15051.7	-5.99277
15062.5	-7.38986
15073.2	-6.0015
15084	-7.39858
15094.8	-6.01021
15105.5	-7.40726
15116.3	-6.01887
15127.1	-7.41591
15137.8	-6.02749
15148.6	-7.42452
15159.4	-6.03609
15170.1	-7.43309
15180.9	-6.04464
15191.7	-7.44163
15202.4	-6.05317
15213.2	-7.45014
15224	-6.06165
15234.7	-7.4586
15245.5	-6.07011
15256.3	-7.46704
15267	-6.07852
15277.8	-7.47544
15288.6	-6.0869
15299.3	-7.48381
15310.1	-6.09526
15320.9	-7.49214
15331.6	-6.10357
15342.4	-7.50043
15353.2	-6.11184
15363.9	-7.50869
15374.7	-6.12009
15385.5	-7.51692
15396.2	-6.1283
15407	-7.52511
15417.8	-6.13647
15428.5	-7.53327
15439.3	-6.14461
15450.1	-7.54139
15460.8	-6.15272
15471.6	-7.54948
15482.4	-6.16079
15493.1	-7.55754
15503.9	-6.16884
15514.7	-7.56557
15525.4	-6.17684
15536.2	-7.57355
15547	-6.18481
15557.7	-7.58151
15568.5	-6.19275
15579.3	-7.58943
15590	-6.20066
15600.8	-7.59732
15611.6	-6.20853
15622.3	-7.60517
15633.1	-6.21636
15643.9	-7.61299
15654.6	-6.22417
15665.4	-7.62078
15676.2	-6.23194
15686.9	-7.62854
15697.7	-6.23968
15708.5	-7.63626
15719.2	-6.24739
15730	-7.64395
15740.8	-6.25506
15751.5	-7.6516
15762.3	-6.2627
15773.1	-7.65923
15783.8	-6.27031
15794.6	-7.66682
15805.4	-6.27788
15816.1	-7.67438
15826.9	-6.28542
15837.7	-7.6819
15848.4	-6.29294
15859.2	-7.6894
15870	-6.30041
15880.7	-7.69686
15891.5	-6.30785
15902.3	-7.70429
15913	-6.31527
15923.8	-7.71169
15934.6	-6.32265
15945.3	-7.71905
15956.1	-6.33
15966.9	-7.72638
15977.6	-6.33732
15988.4	-7.73368
15999.2	-6.3446
16009.9	-7.74095
16020.7	-6.35185
16031.5	-7.74819
16042.2	-6.35908
16053	-7.75539
16063.8	-6.36626
16074.5	-7.76257
16085.3	-6.37342
16096.1	-7.76971
16106.8	-6.38055
16117.6	-7.77682
16128.4	-6.38764
16139.1	-7.7839
16149.9	-6.39471
16160.7	-7.79095
16171.4	-6.40174
16182.2	-7.79797
16193	-6.40875
16203.7	-7.80495
16214.5	-6.41571
16225.3	-7.81191
16236	-6.42266
16246.8	-7.81883
16257.6	-6.42955
16268.3	-7.82572
16279.1	-6.43644
16289.9	-7.83258
16300.6	-6.44328
16311.4	-7.83941
16322.2	-6.4501
16332.9	-7.84621
16343.7	-6.45688
16354.5	-7.85299
16365.2	-6.46364
16376	-7.85972
16386.8	-6.47036
16397.5	-7.86643
16408.3	-6.47705
16419.1	-7.87311
16429.8	-6.48372
16440.6	-7.87975
16451.4	-6.49034
16462.1	-7.88637
16472.9	-6.49695
16483.7	-7.89296
16494.4	-6.50352
16505.2	-7.89951
16516	-6.51006
16526.7	-7.90604
16537.5	-6.51657
16548.3	-7.91254
16559	-6.52305
16569.8	-7.919
16580.6	-6.52951
16591.3	-7.92544
16602.1	-6.53592
16612.9	-7.93184
16623.6	-6.54232
16634.4	-7.93822
16645.2	-6.54868
16655.9	-7.94457
16666.7	-6.55501
16677.5	-7.95088
16688.2	-6.56131
16699	-7.95717
16709.8	-6.56758
16720.5	-7.96343
16731.3	-6.57383
16742.1	-7.96966
16752.8	-6.58004
16763.6	-7.97586
16774.4	-6.58622
16785.1	-7.98203
16795.9	-6.59238
16806.7	-7.98817
16817.4	-6.5985
16828.2	-7.99428
16839	-6.6046
16849.7	-8.00036
16860.5	-6.61067
16871.3	-8.00641
16882	-6.6167
16892.8	-8.01243
16903.6	-6.62271
16914.3	-8.01842
16925.1	-6.62869
16935.9	-8.02439
16946.6	-6.63464
16957.4	-8.03033
16968.2	-6.64056
16978.9	-8.03623
16989.7	-6.64646
17000.5	-8.04212
17011.2	-6.65233
17022	-8.04797
17032.8	-6.65816
17043.5	-8.05378
17054.3	-6.66396
17065.1	-8.05957
17075.8	-6.66974
17086.6	-8.06534
17097.4	-6.67549
17108.1	-8.07107
17118.9	-6.68121
17129.7	-8.07678
17140.4	-6.6869
17151.2	-8.08246
17162	-6.69257
17172.7	-8.08811
17183.5	-6.6982
17194.3	-8.09373
17205	-6.70381
17215.8	-8.09932
17226.6	-6.70939
17237.3	-8.10489
17248.1	-6.71494
17258.9	-8.11043
17269.6	-6.72046
17280.4	-8.11593
17291.2	-6.72595
17301.9	-8.12141
17312.7	-6.73142
17323.5	-8.12686
17334.2	-6.73686
17345	-8.13229
17355.8	-6.74227
17366.5	-8.13769
17377.3	-6.74765
17388.1	-8.14305
17398.8	-6.75301
17409.6	-8.14839
17420.4	-6.75834
17431.1	-8.15371
17441.9	-6.76363
17452.7	-8.15899
17463.4	-6.76891
17474.2	-8.16425
17485	-6.77415
17495.7	-8.16948
17506.5	-6.77936
17517.3	-8.17468
17528	-6.78455
17538.8	-8.17986
17549.6	-6.78971
17560.3	-8.185
17571.1	-6.79484
17581.9	-8.19012
17592.6	-6.79995
17603.4	-8.19522
17614.2	-6.80503
17624.9	-8.20028
17635.7	-6.81008
17646.5	-8.20532
17657.2	-6.81511
17668	-8.21033
17678.8	-6.8201
17689.5	-8.21531
17700.3	-6.82507
17711.1	-8.22026
17721.8	-6.83001
17732.6	-8.22519
17743.4	-6.83493
17754.1	-8.2301
17764.9	-6.83982
17775.7	-8.23497
17786.4	-6.84467
17797.2	-8.23981
17808	-6.84951
17818.7	-8.24463
17829.5	-6.85432
17840.3	-8.24943
17851	-6.85909
17861.8	-8.25419
17872.6	-6.86385
17883.3	-8.25893
17894.1	-6.86857
17904.9	-8.26365
17915.6	-6.87328
17926.4	-8.26834
17937.2	-6.87795
17947.9	-8.27299
17958.7	-6.88259
17969.5	-8.27763
17980.2	-6.88722
17991	-8.28223
18001.8	-6.8918
18012.5	-8.28681
18023.3	-6.89637
18034.1	-8.29137
18044.8	-6.90091
18055.6	-8.29589
18066.4	-6.90543
18077.1	-8.30039
18087.9	-6.90991
18098.7	-8.30486
18109.4	-6.91437
18120.2	-8.30931
18131	-6.9188
18141.7	-8.31373
18152.5	-6.92321
18163.3	-8.31812
18174	-6.92759
18184.8	-8.32249
18195.6	-6.93195
18206.3	-8.32683
18217.1	-6.93627
18227.9	-8.33115
18238.6	-6.94058
18249.4	-8.33544
18260.2	-6.94485
18270.9	-8.3397
18281.7	-6.9491
18292.5	-8.34394
18303.2	-6.95332
18314	-8.34815
18324.8	-6.95752
18335.5	-8.35233
18346.3	-6.9617
18357.1	-8.35649
18367.8	-6.96584
18378.6	-8.36062
18389.4	-6.96996
18400.1	-8.36473
18410.9	-6.97405
18421.7	-8.36881
18432.4	-6.97812
18443.2	-8.37286
18454	-6.98216
18464.7	-8.37689
18475.5	-6.98617
18486.3	-8.3809
18497	-6.99017
18507.8	-8.38488
18518.6	-6.99413
18529.3	-8.38883
18540.1	-6.99807
18550.9	-8.39275
18561.6	-7.00198
18572.4	-8.39665
18583.2	-7.00587
18593.9	-8.40052
18604.7	-7.00973
18615.5	-8.40437
18626.2	-7.01357
18637	-8.40819
18647.8	-7.01738
18658.5	-8.41199
18669.3	-7.02116
18680.1	-8.41576
18690.8	-7.02492
18701.6	-8.41951
18712.4	-7.02865
18723.1	-8.42323
18733.9	-7.03236
18744.7	-8.42693
18755.4	-7.03604
18766.2	-8.4306
18777	-7.0397
18787.7	-8.43424
18798.5	-7.04333
18809.3	-8.43786
18820	-7.04694
18830.8	-8.44145
18841.6	-7.05052
18852.3	-8.44502
18863.1	-7.05407
18873.9	-8.44856
18884.6	-7.0576
18895.4	-8.45208
18906.2	-7.06111
18916.9	-8.45557
18927.7	-7.06459
18938.5	-8.45904
18949.2	-7.06805
18960	-8.46248
18970.8	-7.07148
18981.5	-8.4659
18992.3	-7.07488
19003.1	-8.4693
19013.8	-7.07826
19024.6	-8.47266
19035.4	-7.08161
19046.1	-8.476
19056.9	-7.08495
19067.7	-8.47932
19078.4	-7.08825
19089.2	-8.48261
19100	-7.09152
19110.7	-8.48588
19121.5	-7.09478
19132.3	-8.48912
19143	-7.09801
19153.8	-8.49234
19164.6	-7.10122
19175.3	-8.49553
19186.1	-7.1044
19196.9	-8.4987
19207.6	-7.10755
19218.4	-8.50184
19229.2	-7.11068
19239.9	-8.50496
19250.7	-7.11379
19261.5	-8.50805
19272.2	-7.11687
19283	-8.51112
19293.8	-7.11992
19304.5	-8.51416
19315.3	-7.12295
19326	-8.51718
19336.8	-7.12596
19347.6	-8.52017
19358.3	-7.12894
19369.1	-8.52314
19379.9	-7.1319
19390.6	-8.52609
19401.4	-7.13483
19412.2	-8.52901
19422.9	-7.13774
19433.7	-8.5319
19444.5	-7.14062
19455.2	-8.53477
19466	-7.14348
19476.8	-8.53762
19487.5	-7.14631
19498.3	-8.54044
19509.1	-7.14913
19519.8	-8.54324
19530.6	-7.1519
19541.4	-8.54601
19552.1	-7.15467
19562.9	-8.54876
19573.7	-7.1574
19584.4	-8.55148
19595.2	-7.16011
19606	-8.55418
19616.7	-7.1628
19627.5	-8.55685
19638.3	-7.16546
19649	-8.5595
19659.8	-7.1681
19670.6	-8.56213
19681.3	-7.17071
19692.1	-8.56473
19702.9	-7.1733
19713.6	-8.56731
19724.4	-7.17587
19735.2	-8.56986
19745.9	-7.17841
19756.7	-8.57239
19767.5	-7.18092
19778.2	-8.57489
19789	-7.18342
19799.8	-8.57737
19810.5	-7.18588
19821.3	-8.57983
19832.1	-7.18833
19842.8	-8.58226
19853.6	-7.19075
19864.4	-8.58467
19875.1	-7.19314
19885.9	-8.58705
19896.7	-7.19551
19907.4	-8.58941
19918.2	-7.19786
19929	-8.59174
19939.7	-7.20018
19950.5	-8.59405
19961.3	-7.20248
19972	-8.59634
19982.8	-7.20475
19993.6	-8.5986
20004.3	-7.207
20015.1	-8.60084
20025.9	-7.20923
20036.6	-8.60305
20047.4	-7.21143
20058.2	-8.60524
20068.9	-7.21361
20079.7	-8.60741
20090.5	-7.21577
20101.2	-8.60955
20112	-7.2179
20122.8	-8.61167
20133.5	-7.22
20144.3	-8.61377
20155.1	-7.22208
20165.8	-8.61583
20176.6	-7.22414
20187.4	-8.61788
20198.1	-7.22618
20208.9	-8.61991
20219.7	-7.22819
20230.4	-8.6219
20241.2	-7.23017
20252	-8.62388
20262.7	-7.23214
20273.5	-8.62583
20284.3	-7.23407
20295	-8.62775
20305.8	-7.23599
20316.6	-8.62965
20327.3	-7.23788
20338.1	-8.63153
20348.9	-7.23975
20359.6	-8.63339
20370.4	-7.24159
20381.2	-8.63522
20391.9	-7.24341
20402.7	-8.63703
20413.5	-7.2452
20424.2	-8.63881
20435	-7.24697
20445.8	-8.64057
20456.5	-7.24872
20467.3	-8.6423
20478.1	-7.25044
20488.8	-8.64402
20499.6	-7.25215
20510.4	-8.64571
20521.1	-7.25382
20531.9	-8.64737
20542.7	-7.25548
20553.4	-8.64901
20564.2	-7.2571
20575	-8.65063
20585.7	-7.25871
20596.5	-8.65222
20607.3	-7.26029
20618	-8.65379
20628.8	-7.26184
20639.6	-8.65534
20650.3	-7.26338
20661.1	-8.65686
20671.9	-7.26489
20682.6	-8.65836
20693.4	-7.26638
20704.2	-8.65983
20714.9	-7.26784
20725.7	-8.66128
20736.5	-7.26928
20747.2	-8.66271
20758	-7.2707
20768.8	-8.66412
20779.5	-7.27209
20790.3	-8.6655
20801.1	-7.27346
20811.8	-8.66686
20822.6	-7.27481
20833.4	-8.66819
20844.1	-7.27613
20854.9	-8.6695
20865.7	-7.27743
20876.4	-8.67079
20887.2	-7.2787
20898	-8.67205
20908.7	-7.27995
20919.5	-8.67329
20930.3	-7.28118
20941	-8.6745
20951.8	-7.28238
20962.6	-8.6757
20973.3	-7.28356
20984.1	-8.67686
20994.9	-7.28472
21005.6	-8.67801
21016.4	-7.28585
21027.2	-8.67913
21037.9	-7.28696
21048.7	-8.68023
21059.5	-7.28805
21070.2	-8.6813
21081	-7.28911
21091.8	-8.68235
21102.5	-7.29015
21113.3	-8.68338
21124.1	-7.29117
21134.8	-8.68438
21145.6	-7.29216
21156.4	-8.68536
21167.1	-7.29312
21177.9	-8.68632
21188.7	-7.29407
21199.4	-8.68726
21210.2	-7.295
21221	-8.68817
21231.7	-7.2959
21242.5	-8.68905
21253.3	-7.29677
21264	-8.68992
21274.8	-7.29762
21285.6	-8.69076
21296.3	-7.29845
21307.1	-8.69158
21317.9	-7.29926
21328.6	-8.69237
21339.4	-7.30003
21350.2	-8.69314
21360.9	-7.30079
21371.7	-8.69389
21382.5	-7.30153
21393.2	-8.69461
21404	-7.30224
21414.8	-8.69531
21425.5	-7.30293
21436.3	-8.69599
21447.1	-7.30359
21457.8	-8.69664
21468.6	-7.30424
21479.4	-8.69727
21490.1	-7.30485
21500.9	-8.69787
21511.7	-7.30545
21522.4	-8.69846
21533.2	-7.30602
21544	-8.69902
21554.7	-7.30657
21565.5	-8.69955
21576.3	-7.3071
21587	-8.70007
21597.8	-7.30759
21608.6	-8.70056
21619.3	-7.30807
21630.1	-8.70102
21640.9	-7.30853
21651.6	-8.70147
21662.4	-7.30896
21673.2	-8.70189
21683.9	-7.30937
21694.7	-8.70228
21705.5	-7.30975
21716.2	-8.70266
21727	-7.31011
21737.8	-8.703
21748.5	-7.31045
21759.3	-8.70333
21770.1	-7.31076
21780.8	-8.70363
21791.6	-7.31106
21802.4	-8.70391
21813.1	-7.31132
21823.9	-8.70417
21834.7	-7.31157
21845.4	-8.7044
21856.2	-7.31179
21867	-8.70461
21877.7	-7.31199
21888.5	-8.7048
21899.3	-7.31216
21910	-8.70496
21920.8	-7.31231
21931.6	-8.7051
21942.3	-7.31244
21953.1	-8.70522
21963.9	-7.31255
21974.6	-8.70531
21985.4	-7.31263
21996.2	-8.70538
22006.9	-7.31269
22017.7	-8.70543
22028.5	-7.31272
22039.2	-8.70545
22050	-7.31273
22060.8	-8.70545
22071.5	-7.31272
22082.3	-8.70543
22093.1	-7.31269
22103.8	-8.70538
22114.6	-7.31263
22125.4	-8.70531
22136.1	-7.31255
22146.9	-8.70522
22157.7	-7.31244
22168.4	-8.7051
22179.2	-7.31231
22190	-8.70496
22200.7	-7.31216
22211.5	-8.7048
22222.3	-7.31199
22233	-8.70461
22243.8	-7.31179
22254.6	-8.7044
22265.3	-7.31157
22276.1	-8.70417
22286.9	-7.31132
22297.6	-8.70391
22308.4	-7.31106
22319.2	-8.70363
22329.9	-7.31076
22340.7	-8.70333
22351.5	-7.31045
22362.2	-8.703
22373	-7.31011
22383.8	-8.70266
22394.5	-7.30975
22405.3	-8.70228
22416.1	-7.30937
22426.8	-8.70189
22437.6	-7.30896
22448.4	-8.70147
22459.1	-7.30853
22469.9	-8.70102
22480.7	-7.30807
22491.4	-8.70056
22502.2	-7.30759
22513	-8.70007
22523.7	-7.3071
22534.5	-8.69955
22545.3	-7.30657
22556	-8.69902
22566.8	-7.30602
22577.6	-8.69846
22588.3	-7.30545
22599.1	-8.69787
22609.9	-7.30485
22620.6	-8.69727
22631.4	-7.30424
22642.2	-8.69664
22652.9	-7.30359
22663.7	-8.69599
22674.5	-7.30293
22685.2	-8.69531
22696	-7.30224
22706.8	-8.69461
22717.5	-7.30153
22728.3	-8.69389
22739.1	-7.30079
22749.8	-8.69314
22760.6	-7.30003
22771.4	-8.69237
22782.1	-7.29926
22792.9	-8.69158
22803.7	-7.29845
22814.4	-8.69076
22825.2	-7.29762
22836	-8.68992
22846.7	-7.29677
22857.5	-8.68905
22868.3	-7.2959
22879	-8.68817
22889.8	-7.295
22900.6	-8.68726
22911.3	-7.29407
22922.1	-8.68632
22932.9	-7.29312
22943.6	-8.68536
22954.4	-7.29216
22965.2	-8.68438
22975.9	-7.29117
22986.7	-8.68338
22997.5	-7.29015
23008.2	-8.68235
23019	-7.28911
23029.8	-8.6813
23040.5	-7.28805
23051.3	-8.68023
23062.1	-7.28696
23072.8	-8.67913
23083.6	-7.28585
23094.4	-8.67801
23105.1	-7.28472
23115.9	-8.67686
23126.7	-7.28356
23137.4	-8.6757
23148.2	-7.28238
23159	-8.6745
23169.7	-7.28118
23180.5	-8.67329
23191.3	-7.27995
23202	-8.67205
23212.8	-7.2787
23223.6	-8.67079
23234.3	-7.27743
23245.1	-8.6695
23255.9	-7.27613
23266.6	-8.66819
23277.4	-7.27481
23288.2	-8.66686
23298.9	-7.27346
23309.7	-8.6655
23320.5	-7.27209
23331.2	-8.66412
23342	-7.2707
23352.8	-8.66271
23363.5	-7.26928
23374.3	-8.66128
23385.1	-7.26784
23395.8	-8.65983
23406.6	-7.26638
23417.4	-8.65836
23428.1	-7.26489
23438.9	-8.65686
23449.7	-7.26338
23460.4	-8.65534
23471.2	-7.26184
23482	-8.65379
23492.7	-7.26029
23503.5	-8.65222
23514.3	-7.25871
23525	-8.65063
23535.8	-7.2571
23546.6	-8.64901
23557.3	-7.25548
23568.1	-8.64737
23578.9	-7.25382
23589.6	-8.64571
23600.4	-7.25215
23611.2	-8.64402
23621.9	-7.25044
23632.7	-8.6423
23643.5	-7.24872
23654.2	-8.64057
23665	-7.24697
23675.8	-8.63881
23686.5	-7.2452
23697.3	-8.63703
23708.1	-7.24341
23718.8	-8.63522
23729.6	-7.24159
23740.4	-8.63339
23751.1	-7.23975
23761.9	-8.63153
23772.7	-7.23788
23783.4	-8.62965
23794.2	-7.23599
23805	-8.62775
23815.7	-7.23407
23826.5	-8.62583
23837.3	-7.23214
23848	-8.62388
23858.8	-7.23017
23869.6	-8.6219
23880.3	-7.22819
23891.1	-8.61991
23901.9	-7.22618
23912.6	-8.61788
23923.4	-7.22414
23934.2	-8.61583
23944.9	-7.22208
23955.7	-8.61377
23966.5	-7.22
23977.2	-8.61167
23988	-7.2179
23998.8	-8.60955
24009.5	-7.21577
24020.3	-8.60741
24031.1	-7.21361
24041.8	-8.60524
24052.6	-7.21143
24063.4	-8.60305
24074.1	-7.20923
24084.9	-8.60084
24095.7	-7.207
24106.4	-8.5986
24117.2	-7.20475
24128	-8.59634
24138.7	-7.20248
24149.5	-8.59405
24160.3	-7.20018
24171	-8.59174
24181.8	-7.19786
24192.6	-8.58941
24203.3	-7.19551
24214.1	-8.58705
24224.9	-7.19314
24235.6	-8.58467
24246.4	-7.19075
24257.2	-8.58226
24267.9	-7.18833
24278.7	-8.57983
24289.5	-7.18588
24300.2	-8.57737
24311	-7.18342
24321.8	-8.57489
24332.5	-7.18092
24343.3	-8.57239
24354.1	-7.17841
24364.8	-8.56986
24375.6	-7.17587
24386.4	-8.56731
24397.1	-7.1733
24407.9	-8.56473
24418.7	-7.17071
24429.4	-8.56213
24440.2	-7.1681
24451	-8.5595
24461.7	-7.16546
24472.5	-8.55685
24483.3	-7.1628
24494	-8.55418
24504.8	-7.16011
24515.6	-8.55148
24526.3	-7.1574
24537.1	-8.54876
24547.9	-7.15467
24558.6	-8.54601
24569.4	-7.1519
24580.2	-8.54324
24590.9	-7.14913
24601.7	-8.54044
24612.5	-7.14631
24623.2	-8.53762
24634	-7.14348
24644.8	-8.53477
24655.5	-7.14062
24666.3	-8.5319
24677.1	-7.13774
24687.8	-8.52901
24698.6	-7.13483
24709.4	-8.52609
24720.1	-7.1319
24730.9	-8.52314
24741.7	-7.12894
24752.4	-8.52017
24763.2	-7.12596
24774	-8.51718
24784.7	-7.12295
24795.5	-8.51416
24806.2	-7.11992
24817	-8.51112
24827.8	-7.11687
24838.5	-8.50805
24849.3	-7.11379
24860.1	-8.50496
24870.8	-7.11068
24881.6	-8.50184
24892.4	-7.10755
24903.1	-8.4987
24913.9	-7.1044
24924.7	-8.49553
24935.4	-7.10122
24946.2	-8.49234
24957	-7.09801
24967.7	-8.48912
24978.5	-7.09478
24989.3	-8.48588
25000	-7.09152
25010.8	-8.48261
25021.6	-7.08825
25032.3	-8.47932
25043.1	-7.08495
25053.9	-8.476
25064.6	-7.08161
25075.4	-8.47266
25086.2	-7.07826
25096.9	-8.4693
25107.7	-7.07488
25118.5	-8.4659
25129.2	-7.07148
25140	-8.46248
25150.8	-7.06805
25161.5	-8.45904
25172.3	-7.06459
25183.1	-8.45557
25193.8	-7.06111
25204.6	-8.45208
25215.4	-7.0576
25226.1	-8.44856
25236.9	-7.05407
25247.7	-8.44502
25258.4	-7.05052
25269.2	-8.44145
25280	-7.04694
25290.7	-8.43786
25301.5	-7.04333
25312.3	-8.43424
25323	-7.0397
25333.8	-8.4306
25344.6	-7.03604
25355.3	-8.42693
25366.1	-7.03236
25376.9	-8.42323
25387.6	-7.02865
25398.4	-8.41951
25409.2	-7.02492
25419.9	-8.41576
25430.7	-7.02116
25441.5	-8.41199
25452.2	-7.01738
25463	-8.40819
25473.8	-7.01357
25484.5	-8.40437
25495.3	-7.00973
25506.1	-8.40052
25516.8	-7.00587
25527.6	-8.39665
25538.4	-7.00198
25549.1	-8.39275
25559.9	-6.99807
25570.7	-8.38883
25581.4	-6.99413
25592.2	-8.38488
25603	-6.99017
25613.7	-8.3809
25624.5	-6.98617
25635.3	-8.37689
25646	-6.98216
25656.8	-8.37286
25667.6	-6.97812
25678.3	-8.36881
25689.1	-6.97405
25699.9	-8.36473
25710.6	-6.96996
25721.4	-8.36062
25732.2	-6.96584
25742.9	-8.35649
25753.7	-6.9617
25764.5	-8.35233
25775.2	-6.95752
25786	-8.34815
25796.8	-6.95332
25807.5	-8.34394
25818.3	-6.9491
25829.1	-8.3397
25839.8	-6.94485
25850.6	-8.33544
25861.4	-6.94058
25872.1	-8.33115
25882.9	-6.93627
25893.7	-8.32683
25904.4	-6.93195
25915.2	-8.32249
25926	-6.92759
25936.7	-8.31812
25947.5	-6.92321
25958.3	-8.31373
25969	-6.9188
25979.8	-8.30931
25990.6	-6.91437
26001.3	-8.30486
26012.1	-6.90991
26022.9	-8.30039
26033.6	-6.90543
26044.4	-8.29589
26055.2	-6.90091
26065.9	-8.29137
26076.7	-6.89637
26087.5	-8.28681
26098.2	-6.8918
26109	-8.28223
26119.8	-6.88722
26130.5	-8.27763
26141.3	-6.88259
26152.1	-8.27299
26162.8	-6.87795
26173.6	-8.26834
26184.4	-6.87328
26195.1	-8.26365
26205.9	-6.86857
26216.7	-8.25893
26227.4	-6.86385
26238.2	-8.25419
26249	-6.85909
26259.7	-8.24943
26270.5	-6.85432
26281.3	-8.24463
26292	-6.84951
26302.8	-8.23981
26313.6	-6.84467
26324.3	-8.23497
26335.1	-6.83982
26345.9	-8.2301
26356.6	-6.83493
26367.4	-8.22519
26378.2	-6.83001
26388.9	-8.22026
26399.7	-6.82507
26410.5	-8.21531
26421.2	-6.8201
26432	-8.21033
26442.8	-6.81511
26453.5	-8.20532
26464.3	-6.81008
26475.1	-8.20028
26485.8	-6.80503
26496.6	-8.19522
26507.4	-6.79995
26518.1	-8.19012
26528.9	-6.79484
26539.7	-8.185
26550.4	-6.78971
26561.2	-8.17986
26572	-6.78455
26582.7	-8.17468
26593.5	-6.77936
26604.3	-8.16948
26615	-6.77415
26625.8	-8.16425
26636.6	-6.76891
26647.3	-8.15899
26658.1	-6.76363
26668.9	-8.15371
26679.6	-6.75834
26690.4	-8.14839
26701.2	-6.75301
26711.9	-8.14305
26722.7	-6.74765
26733.5	-8.13769
26744.2	-6.74227
26755	-8.13229
26765.8	-6.73686
26776.5	-8.12686
26787.3	-6.73142
26798.1	-8.12141
26808.8	-6.72595
26819.6	-8.11593
26830.4	-6.72046
26841.1	-8.11043
26851.9	-6.71494
26862.7	-8.10489
26873.4	-6.70939
26884.2	-8.09932
26895	-6.70381
26905.7	-8.09373
26916.5	-6.6982
26927.3	-8.08811
26938	-6.69257
26948.8	-8.08246
26959.6	-6.6869
26970.3	-8.07678
26981.1	-6.68121
26991.9	-8.07107
27002.6	-6.67549
27013.4	-8.06534
27024.2	-6.66974
27034.9	-8.05957
27045.7	-6.66396
27056.5	-8.05378
27067.2	-6.65816
27078	-8.04797
27088.8	-6.65233
27099.5	-8.04212
27110.3	-6.64646
27121.1	-8.03623
27131.8	-6.64056
27142.6	-8.03033
27153.4	-6.63464
27164.1	-8.02439
27174.9	-6.62869
27185.7	-8.01842
27196.4	-6.62271
27207.2	-8.01243
27218	-6.6167
27228.7	-8.00641
27239.5	-6.61067
27250.3	-8.00036
27261	-6.6046
27271.8	-7.99428
27282.6	-6.5985
27293.3	-7.98817
27304.1	-6.59238
27314.9	-7.98203
27325.6	-6.58622
27336.4	-7.97586
27347.2	-6.58004
27357.9	-7.96966
27368.7	-6.57383
27379.5	-7.96343
27390.2	-6.56758
27401	-7.95717
27411.8	-6.56131
27422.5	-7.95088
27433.3	-6.55501
27444.1	-7.94457
27454.8	-6.54868
27465.6	-7.93822
27476.4	-6.54232
27487.1	-7.93184
27497.9	-6.53592
27508.7	-7.92544
27519.4	-6.52951
27530.2	-7.919
27541	-6.52305
27551.7	-7.91254
27562.5	-6.51657
27573.3	-7.90604
27584	-6.51006
27594.8	-7.89951
27605.6	-6.50352
27616.3	-7.89296
27627.1	-6.49695
27637.9	-7.88637
27648.6	-6.49034
27659.4	-7.87975
27670.2	-6.48372
27680.9	-7.87311
27691.7	-6.47705
27702.5	-7.86643
27713.2	-6.47036
27724	-7.85972
27734.8	-6.46364
27745.5	-7.85299
27756.3	-6.45688
27767.1	-7.84621
27777.8	-6.4501
27788.6	-7.83941
27799.4	-6.44328
27810.1	-7.83258
27820.9	-6.43644
27831.7	-7.82572
27842.4	-6.42955
27853.2	-7.81883
27864	-6.42266
27874.7	-7.81191
27885.5	-6.41571
27896.3	-7.80495
27907	-6.40875
27917.8	-7.79797
27928.6	-6.40174
27939.3	-7.79095
27950.1	-6.39471
27960.9	-7.7839
27971.6	-6.38764
27982.4	-7.77682
27993.2	-6.38055
28003.9	-7.76971
28014.7	-6.37342
28025.5	-7.76257
28036.2	-6.36626
28047	-7.75539
28057.8	-6.35908
28068.5	-7.74819
28079.3	-6.35185
28090.1	-7.74095
28100.8	-6.3446
28111.6	-7.73368
28122.4	-6.33732
28133.1	-7.72638
28143.9	-6.33
28154.7	-7.71905
28165.4	-6.32265
28176.2	-7.71169
28187	-6.31527
28197.7	-7.70429
28208.5	-6.30785
28219.3	-7.69686
28230	-6.30041
28240.8	-7.6894
28251.6	-6.29294
28262.3	-7.6819
28273.1	-6.28542
28283.9	-7.67438
28294.6	-6.27788
28305.4	-7.66682
28316.2	-6.27031
28326.9	-7.65923
28337.7	-6.2627
28348.5	-7.6516
28359.2	-6.25506
28370	-7.64395
28380.8	-6.24739
28391.5	-7.63626
28402.3	-6.23968
28413.1	-7.62854
28423.8	-6.23194
28434.6	-7.62078
28445.4	-6.22417
28456.1	-7.61299
28466.9	-6.21636
28477.7	-7.60517
28488.4	-6.20853
28499.2	-7.59732
28510	-6.20066
28520.7	-7.58943
28531.5	-6.19275
28542.3	-7.58151
28553	-6.18481
28563.8	-7.57355
28574.6	-6.17684
28585.3	-7.56557
28596.1	-6.16884
28606.9	-7.55754
28617.6	-6.16079
28628.4	-7.54948
28639.2	-6.15272
28649.9	-7.54139
28660.7	-6.14461
28671.5	-7.53327
28682.2	-6.13647
28693	-7.52511
28703.8	-6.1283
28714.5	-7.51692
28725.3	-6.12009
28736.1	-7.50869
28746.8	-6.11184
28757.6	-7.50043
28768.4	-6.10357
28779.1	-7.49214
28789.9	-6.09526
28800.7	-7.48381
28811.4	-6.0869
28822.2	-7.47544
28833	-6.07852
28843.7	-7.46704
28854.5	-6.07011
28865.3	-7.4586
28876	-6.06165
28886.8	-7.45014
28897.6	-6.05317
28908.3	-7.44163
28919.1	-6.04464
28929.9	-7.43309
28940.6	-6.03609
28951.4	-7.42452
28962.2	-6.02749
28972.9	-7.41591
28983.7	-6.01887
28994.5	-7.40726
29005.2	-6.01021
29016	-7.39858
29026.8	-6.0015
29037.5	-7.38986
29048.3	-5.99277
29059.1	-7.38111
29069.8	-5.984
29080.6	-7.37232
29091.4	-5.97519
29102.1	-7.36349
29112.9	-5.96635
29123.7	-7.35463
29134.4	-5.95747
29145.2	-7.34574
29156	-5.94855
29166.7	-7.3368
29177.5	-5.9396
29188.3	-7.32783
29199	-5.93061
29209.8	-7.31882
29220.6	-5.92159
29231.3	-7.30978
29242.1	-5.91252
29252.9	-7.3007
29263.6	-5.90343
29274.4	-7.29158
29285.2	-5.89429
29295.9	-7.28243
29306.7	-5.88512
29317.5	-7.27324
29328.2	-5.8759
29339	-7.26401
29349.8	-5.86666
29360.5	-7.25474
29371.3	-5.85738
29382.1	-7.24544
29392.8	-5.84806
29403.6	-7.2361
29414.4	-5.83869
29425.1	-7.22672
29435.9	-5.8293
29446.7	-7.2173
29457.4	-5.81986
29468.2	-7.20785
29479	-5.81039
29489.7	-7.19836
29500.5	-5.80087
29511.3	-7.18882
29522	-5.79132
29532.8	-7.17925
29543.6	-5.78174
29554.3	-7.16965
29565.1	-5.77211
29575.9	-7.16
29586.6	-5.76244
29597.4	-7.15031
29608.2	-5.75274
29618.9	-7.14059
29629.7	-5.74299
29640.5	-7.13083
29651.2	-5.73321
29662	-7.12102
29672.8	-5.72339
29683.5	-7.11118
29694.3	-5.71353
29705.1	-7.1013
29715.8	-5.70362
29726.6	-7.09138
29737.4	-5.69368
29748.1	-7.08142
29758.9	-5.6837
29769.7	-7.07142
29780.4	-5.67368
29791.2	-7.06138
29802	-5.66362
29812.7	-7.0513
29823.5	-5.65352
29834.3	-7.04118
29845	-5.64338
29855.8	-7.03102
29866.6	-5.6332
29877.3	-7.02081
29888.1	-5.62298
29898.9	-7.01057
29909.6	-5.61271
29920.4	-7.00029
29931.2	-5.60241
29941.9	-6.98996
29952.7	-5.59207
29963.5	-6.9796
29974.2	-5.58168
29985	-6.96919
29995.8	-5.57125
30006.5	-6.95874
30017.3	-5.56078
30028.1	-6.94825
30038.8	-5.55027
30049.6	-6.93772
30060.4	-5.53972
30071.1	-6.92715
30081.9	-5.52912
30092.7	-6.91653
30103.4	-5.51848
30114.2	-6.90587
30125	-5.50781
30135.7	-6.89517
30146.5	-5.49708
30157.3	-6.88443
30168	-5.48632
30178.8	-6.87364
30189.6	-5.47551
30200.3	-6.86281
30211.1	-5.46466
30221.9	-6.85194
30232.6	-5.45377
30243.4	-6.84103
30254.2	-5.44283
30264.9	-6.83007
30275.7	-5.43185
30286.5	-6.81907
30297.2	-5.42083
30308	-6.80802
30318.8	-5.40976
30329.5	-6.79693
30340.3	-5.39865
30351	-6.7858
30361.8	-5.38749
30372.6	-6.77462
30383.3	-5.37629
30394.1	-6.7634
30404.9	-5.36505
30415.6	-6.75213
30426.4	-5.35376
30437.2	-6.74082
30447.9	-5.34242
30458.7	-6.72946
30469.5	-5.33105
30480.2	-6.71806
30491	-5.31962
30501.8	-6.70661
30512.5	-5.30815
30523.3	-6.69512
30534.1	-5.29663
30544.8	-6.68358
30555.6	-5.28508
30566.4	-6.672
30577.1	-5.27347
30587.9	-6.66037
30598.7	-5.26182
30609.4	-6.64869
30620.2	-5.25012
30631	-6.63697
30641.7	-5.23837
30652.5	-6.6252
30663.3	-5.22657
30674	-6.61338
30684.8	-5.21473
30695.6	-6.60152
30706.3	-5.20284
30717.1	-6.5896
30727.9	-5.19091
30738.6	-6.57764
30749.4	-5.17893
30760.2	-6.56564
30770.9	-5.1669
30781.7	-6.55358
30792.5	-5.15482
30803.2	-6.54148
30814	-5.14269
30824.8	-6.52933
30835.5	-5.13051
30846.3	-6.51713
30857.1	-5.11829
30867.8	-6.50488
30878.6	-5.10602
30889.4	-6.49258
30900.1	-5.0937
30910.9	-6.48024
30921.7	-5.08132
30932.4	-6.46784
30943.2	-5.0689
30954	-6.4554
30964.7	-5.05644
30975.5	-6.4429
30986.3	-5.04391
30997	-6.43036
31007.8	-5.03134
31018.6	-6.41776
31029.3	-5.01872
31040.1	-6.40511
31050.9	-5.00605
31061.6	-6.39241
31072.4	-4.99333
31083.2	-6.37967
31093.9	-4.98055
31104.7	-6.36687
31115.5	-4.96773
31126.2	-6.35401
31137	-4.95485
31147.8	-6.34111
31158.5	-4.94192
31169.3	-6.32816
31180.1	-4.92894
31190.8	-6.31515
31201.6	-4.91591
31212.4	-6.30209
31223.1	-4.90282
31233.9	-6.28898
31244.7	-4.88968
31255.4	-6.27581
31266.2	-4.87649
31277	-6.26259
31287.7	-4.86324
31298.5	-6.24932
31309.3	-4.84994
31320	-6.23599
31330.8	-4.83659
31341.6	-6.22261
31352.3	-4.82318
31363.1	-6.20918
31373.9	-4.80972
31384.6	-6.19569
31395.4	-4.7962
31406.2	-6.18214
31416.9	-4.78263
31427.7	-6.16854
31438.5	-4.769
31449.2	-6.15489
31460	-4.75532
31470.8	-6.14118
31481.5	-4.74158
31492.3	-6.12741
31503.1	-4.72779
31513.8	-6.11359
31524.6	-4.71394
31535.4	-6.09971
31546.1	-4.70003
31556.9	-6.08577
31567.7	-4.68606
31578.4	-6.07178
31589.2	-4.67204
31600	-6.05773
31610.7	-4.65796
31621.5	-6.04362
31632.3	-4.64382
31643	-6.02945
31653.8	-4.62962
31664.6	-6.01523
31675.3	-4.61537
31686.1	-6.00094
31696.9	-4.60106
31707.6	-5.9866
31718.4	-4.58669
31729.2	-5.9722
31739.9	-4.57225
31750.7	-5.95773
31761.5	-4.55776
31772.2	-5.94321
31783	-4.54321
31793.8	-5.92863
31804.5	-4.5286
31815.3	-5.91399
31826.1	-4.51392
31836.8	-5.89928
31847.6	-4.49918
31858.4	-5.88451
31869.1	-4.48439
31879.9	-5.86969
31890.7	-4.46953
31901.4	-5.8548
31912.2	-4.45461
31923	-5.83985
31933.7	-4.43963
31944.5	-5.82483
31955.3	-4.42458
31966	-5.80975
31976.8	-4.40947
31987.6	-5.79461
31998.3	-4.3943
32009.1	-5.77941
32019.9	-4.37906
32030.6	-5.76414
32041.4	-4.36376
32052.2	-5.74881
32062.9	-4.3484
32073.7	-5.73341
32084.5	-4.33296
32095.2	-5.71794
32106	-4.31747
32116.8	-5.70242
32127.5	-4.30191
32138.3	-5.68682
32149.1	-4.28627
32159.8	-5.67115
32170.6	-4.27058
32181.4	-5.65543
32192.1	-4.25482
32202.9	-5.63963
32213.7	-4.23899
32224.4	-5.62377
32235.2	-4.22309
32246	-5.60784
32256.7	-4.20713
32267.5	-5.59184
32278.3	-4.19109
32289	-5.57577
32299.8	-4.17499
32310.6	-5.55963
32321.3	-4.15882
32332.1	-5.54342
32342.9	-4.14257
32353.6	-5.52714
32364.4	-4.12626
32375.2	-5.5108
32385.9	-4.10988
32396.7	-5.49438
32407.5	-4.09342
32418.2	-5.47788
32429	-4.07689
32439.8	-5.46132
32450.5	-4.06029
32461.3	-5.44468
32472.1	-4.04362
32482.8	-5.42798
32493.6	-4.02688
32504.4	-5.41119
32515.1	-4.01006
32525.9	-5.39434
32536.7	-3.99316
32547.4	-5.37741
32558.2	-3.97619
32569	-5.3604
32579.7	-3.95915
32590.5	-5.34332
32601.3	-3.94203
32612	-5.32617
32622.8	-3.92484
32633.6	-5.30893
32644.3	-3.90757
32655.1	-5.29163
32665.9	-3.89022
32676.6	-5.27424
32687.4	-3.8728
32698.2	-5.25677
32708.9	-3.85529
32719.7	-5.23923
32730.5	-3.83772
32741.2	-5.22161
32752	-3.82005
32762.8	-5.20391
32773.5	-3.80231
32784.3	-5.18613
32795.1	-3.78449
32805.8	-5.16827
32816.6	-3.76659
32827.4	-5.15033
32838.1	-3.74861
32848.9	-5.1323
32859.7	-3.73054
32870.4	-5.1142
32881.2	-3.71239
32892	-5.09601
32902.7	-3.69416
32913.5	-5.07773
32924.3	-3.67585
32935	-5.05938
32945.8	-3.65745
32956.6	-5.04094
32967.3	-3.63897
32978.1	-5.02241
32988.9	-3.6204
32999.6	-5.0038
33010.4	-3.60175
33021.2	-4.9851
33031.9	-3.583
33042.7	-4.96632
33053.5	-3.56417
33064.2	-4.94745
33075	-3.54526
33085.8	-4.92849
33096.5	-3.52625
33107.3	-4.90944
33118.1	-3.50716
33128.8	-4.8903
33139.6	-3.48798
33150.4	-4.87107
33161.1	-3.4687
33171.9	-4.85175
33182.7	-3.44934
33193.4	-4.83234
33204.2	-3.42988
33215	-4.81283
33225.7	-3.41033
33236.5	-4.79324
33247.3	-3.39068
33258	-4.77355
33268.8	-3.37095
33279.6	-4.75376
33290.3	-3.35111
33301.1	-4.73388
33311.9	-3.33119
33322.6	-4.7139
33333.4	-3.31116
33344.2	-4.69383
33354.9	-3.29104
33365.7	-4.67366
33376.5	-3.27082
33387.2	-4.65339
33398	-3.25051
33408.8	-4.63303
33419.5	-3.23009
33430.3	-4.61256
33441.1	-3.20957
33451.8	-4.59199
33462.6	-3.18896
33473.4	-4.57133
33484.1	-3.16824
33494.9	-4.55055
33505.7	-3.14741
33516.4	-4.52968
33527.2	-3.12649
33538	-4.5087
33548.7	-3.10546
33559.5	-4.48762
33570.3	-3.08432
33581	-4.46643
33591.8	-3.06308
33602.6	-4.44514
33613.3	-3.04174
33624.1	-4.42374
33634.9	-3.02028
33645.6	-4.40223
33656.4	-2.99872
33667.2	-4.38061
33677.9	-2.97705
33688.7	-4.35889
33699.5	-2.95527
33710.2	-4.33705
33721	-2.93337
33731.8	-4.31509
33742.5	-2.91136
33753.3	-4.29303
33764.1	-2.88924
33774.8	-4.27086
33785.6	-2.86701
33796.4	-4.24857
33807.1	-2.84466
33817.9	-4.22616
33828.7	-2.8222
33839.4	-4.20363
33850.2	-2.79961
33861	-4.18099
33871.7	-2.77691
33882.5	-4.15823
33893.3	-2.75409
33904	-4.13535
33914.8	-2.73115
33925.6	-4.11235
33936.3	-2.70809
33947.1	-4.08923
33957.9	-2.6849
33968.6	-4.06598
33979.4	-2.6616
33990.2	-4.04261
34000.9	-2.63816
34011.7	-4.01911
34022.5	-2.6146
34033.2	-3.99549
34044	-2.59092
34054.8	-3.97174
34065.5	-2.56711
34076.3	-3.94787
34087.1	-2.54316
34097.8	-3.92386
34108.6	-2.51909
34119.4	-3.89972
34130.1	-2.49488
34140.9	-3.87544
34151.7	-2.47054
34162.4	-3.85104
34173.2	-2.44607
34184	-3.8265
34194.7	-2.42146
34205.5	-3.80182
34216.3	-2.39672
34227	-3.77701
34237.8	-2.37183
34248.6	-3.75205
34259.3	-2.34681
34270.1	-3.72696
34280.9	-2.32165
34291.6	-3.70173
34302.4	-2.29634
34313.2	-3.67635
34323.9	-2.2709
34334.7	-3.65083
34345.5	-2.2453
34356.2	-3.62516
34367	-2.21956
34377.8	-3.59935
34388.5	-2.19367
34399.3	-3.57338
34410.1	-2.16763
34420.8	-3.54727
34431.6	-2.14145
34442.4	-3.52101
34453.1	-2.1151
34463.9	-3.49459
34474.7	-2.08861
34485.4	-3.46802
34496.2	-2.06196
34507	-3.44129
34517.7	-2.03515
34528.5	-3.4144
34539.3	-2.00819
34550	-3.38736
34560.8	-1.98106
34571.6	-3.36015
34582.3	-1.95378
34593.1	-3.33278
34603.9	-1.92632
34614.6	-3.30525
34625.4	-1.89871
34636.2	-3.27755
34646.9	-1.87092
34657.7	-3.24968
34668.5	-1.84297
34679.2	-3.22164
34690	-1.81485
34700.8	-3.19343
34711.5	-1.78655
34722.3	-3.16505
34733.1	-1.75809
34743.8	-3.13649
34754.6	-1.72944
34765.4	-3.10776
34776.1	-1.70062
34786.9	-3.07884
34797.7	-1.67161
34808.4	-3.04975
34819.2	-1.64243
34830	-3.02047
34840.7	-1.61306
34851.5	-2.99101
34862.3	-1.5835
34873	-2.96136
34883.8	-1.55376
34894.6	-2.93152
34905.3	-1.52383
34916.1	-2.90149
34926.9	-1.4937
34937.6	-2.87127
34948.4	-1.46338
34959.2	-2.84085
34969.9	-1.43286
34980.7	-2.81024
34991.5	-1.40215
35002.2	-2.77942
35013	-1.37123
35023.8	-2.7484
35034.5	-1.34011
35045.3	-2.71718
35056.1	-1.30878
35066.8	-2.68575
35077.6	-1.27725
35088.4	-2.65411
35099.1	-1.2455
35109.9	-2.62225
35120.7	-1.21354
35131.4	-2.59019
35142.2	-1.18137
35153	-2.55791
35163.7	-1.14898
35174.5	-2.5254
35185.3	-1.11637
35196	-2.49268
35206.8	-1.08353
35217.6	-2.45973
35228.3	-1.05047
35239.1	-2.42655
35249.9	-1.01718
35260.6	-2.39315
35271.4	-0.983655
35282.2	-2.35951
35292.9	-0.949897
35303.7	-2.32563
35314.5	-0.915902
35325.2	-2.29152
35336	-0.881668
35346.8	-2.25716
35357.5	-0.84719
35368.3	-2.22256
35379.1	-0.812467
35389.8	-2.18771
35400.6	-0.777493
35411.4	-2.15261
35422.1	-0.742268
35432.9	-2.11726
35443.7	-0.706786
35454.4	-2.08165
35465.2	-0.671045
35476	-2.04577
35486.7	-0.635043
35497.5	-2.00964
35508.3	-0.598775
35519	-1.97324
35529.8	-0.562237
35540.6	-1.93656
35551.3	-0.525427
35562.1	-1.89961
35572.9	-0.488341
35583.6	-1.86239
35594.4	-0.450976
35605.2	-1.82488
35615.9	-0.413325
35626.7	-1.78709
35637.5	-0.37539
35648.2	-1.74901
35659	-0.337163
35669.8	-1.71063
35680.5	-0.298639
35691.3	-1.67196
35702.1	-0.25982
35712.8	-1.63299
35723.6	-0.220697
35734.4	-1.59371
35745.1	-0.181266
35755.9	-1.55412
35766.7	-0.141525
35777.4	-1.51423
35788.2	-0.101469
35799	-1.47401
35809.7	-0.0610936
35820.5	-1.43347
35831.2	-0.0203922
35842	-1.39261
35852.8	0.0206381
35863.5	-1.35141
35874.3	0.0619996
35885.1	-1.30988
35895.8	0.1037
35906.6	-1.26801
35917.4	0.145745
35928.1	-1.22579
35938.9	0.188134
35949.7	-1.18322
35960.4	0.230878
35971.2	-1.1403
35982	0.273978
35992.7	-1.09702
36003.5	0.317444
36014.3	-1.05337
36025	0.361275
36035.8	-1.00935
36046.6	0.40548
36057.3	-0.964955
36068.1	0.450062
36078.9	-0.920179
36089.6	0.495032
36100.4	-0.875015
36111.2	0.54039
36121.9	-0.82946
36132.7	0.586143
36143.5	-0.783504
36154.2	0.6323
36165	-0.737143
36175.8	0.678865
36186.5	-0.690371
36197.3	0.725843
36208.1	-0.643183
36218.8	0.77324
36229.6	-0.595572
36240.4	0.821065
36251.1	-0.54753
36261.9	0.869324
36272.7	-0.49905
36283.4	0.918024
36294.2	-0.450128
36305	0.967168
36315.7	-0.400756
36326.5	1.01677
36337.3	-0.350926
36348	1.06683
36358.8	-0.300632
36369.6	1.11736
36380.3	-0.249867
36391.1	1.16836
36401.9	-0.198622
36412.6	1.21984
36423.4	-0.14689
36434.2	1.27182
36444.9	-0.0946639
36455.7	1.3243
36466.5	-0.041934
36477.2	1.37728
36488	0.0113057
36498.8	1.43077
36509.5	0.0650657
36520.3	1.4848
36531.1	0.119354
36541.8	1.53935
36552.6	0.174178
36563.4	1.59444
36574.1	0.229547
36584.9	1.65009
36595.7	0.28547
36606.4	1.70629
36617.2	0.341957
36628	1.76306
36638.7	0.399017
36649.5	1.82041
36660.3	0.45666
36671	1.87834
36681.8	0.514896
36692.6	1.93688
36703.3	0.573736
36714.1	1.99602
36724.9	0.633189
36735.6	2.05578
36746.4	0.693265
36757.2	2.11617
36767.9	0.753976
36778.7	2.1772
36789.5	0.815334
36800.2	2.23889
36811	0.877348
36821.8	2.30123
36832.5	0.940031
36843.3	2.36425
36854.1	1.0034
36864.8	2.42796
36875.6	1.06745
36886.4	2.49237
36897.1	1.13222
36907.9	2.55748
36918.7	1.1977
36929.4	2.62333
36940.2	1.26391
36951	2.68991
36961.7	1.33087
36972.5	2.75724
36983.3	1.39859
36994	2.82534
37004.8	1.46708
37015.6	2.89422
37026.3	1.53636
37037.1	2.9639
37047.9	1.60644
37058.6	3.03438
37069.4	1.67734
37080.2	3.10569
37090.9	1.74907
37101.7	3.17784
37112.5	1.82165
37123.2	3.25085
37134	1.89509
37144.8	3.32473
37155.5	1.96942
37166.3	3.3995
37177.1	2.04465
37187.8	3.47518
37198.6	2.12079
37209.4	3.55179
37220.1	2.19787
37230.9	3.62934
37241.7	2.27591
37252.4	3.70785
37263.2	2.35492
37274	3.78735
37284.7	2.43492
37295.5	3.86785
37306.3	2.51593
37317	3.94937
37327.8	2.59798
37338.6	4.03195
37349.3	2.68109
37360.1	4.11558
37370.9	2.76527
37381.6	4.20031
37392.4	2.85055
37403.2	4.28614
37413.9	2.93696
37424.7	4.37312
37435.5	3.02452
37446.2	4.46125
37457	3.11324
37467.8	4.55057
37478.5	3.20317
37489.3	4.6411
37500.1	3.29432
37510.8	4.73286
37521.6	3.38672
37532.4	4.8259
37543.1	3.4804
37553.9	4.92022
37564.7	3.57539
37575.4	5.01587
37586.2	3.67172
37597	5.11287
37607.7	3.76942
37618.5	5.21125
37629.3	3.86851
37640	5.31105
37650.8	3.96904
37661.6	5.4123
37672.3	4.07103
37683.1	5.51503
37693.9	4.17452
37704.6	5.61928
37715.4	4.27956
37726.2	5.72508
37736.9	4.38616
37747.7	5.83248
37758.5	4.49438
37769.2	5.94151
37780	4.60425
37790.8	6.05221
37801.5	4.71581
37812.3	6.16462
37823.1	4.82911
37833.8	6.27879
37844.6	4.94419
37855.4	6.39477
37866.1	5.06109
37876.9	6.51259
37887.7	5.17987
37898.4	6.63232
37909.2	5.30057
37920	6.75399
37930.7	5.42325
37941.5	6.87766
37952.3	5.54796
37963	7.00338
37973.8	5.67475
37984.6	7.13122
37995.3	5.80368
38006.1	7.26123
38016.9	5.93481
38027.6	7.39347
38038.4	6.0682
38049.2	7.528
38059.9	6.20393
38070.7	7.6649
38081.5	6.34205
38092.2	7.80422
38103	6.48264
38113.8	7.94605
38124.5	6.62577
38135.3	8.09047
38146.1	6.77152
38156.8	8.23753
38167.6	6.91997
38178.4	8.38735
38189.1	7.07121
38199.9	8.53999
38210.7	7.22532
38221.4	8.69554
38232.2	7.3824
38243	8.85412
38253.7	7.54254
38264.5	9.01581
38275.3	7.70586
38286	9.18072
38296.8	7.87245
38307.6	9.34895
38318.3	8.04243
38329.1	9.52064
38339.9	8.21592
38350.6	9.6959
38361.4	8.39304
38372.2	9.87485
38382.9	8.57394
38393.7	10.0576
38404.5	8.75874
38415.2	10.2444
38426	8.9476
38436.8	10.4353
38447.5	9.14068
38458.3	10.6305
38469.1	9.33814
38479.8	10.8302
38490.6	9.54016
38501.4	11.0345
38512.1	9.74692
38522.9	11.2437
38533.7	9.95864
38544.4	11.4579
38555.2	10.1755
38566	11.6773
38576.7	10.3978
38587.5	11.9023
38598.3	10.6257
38609	12.133
38619.8	10.8594
38630.6	12.3698
38641.3	11.0994
38652.1	12.6128
38662.9	11.3458
38673.6	12.8625
38684.4	11.5989
38695.2	13.1191
38705.9	11.8592
38716.7	13.383
38727.5	12.127
38738.2	13.6545
38749	12.4027
38759.8	13.9341
38770.5	12.6866
38781.3	14.2223
38792.1	12.9794
38802.8	14.5194
38813.6	13.2813
38824.4	14.8261
38835.1	13.5931
38845.9	15.1428
38856.7	13.9153
38867.4	15.4701
38878.2	14.2484
38889	15.8088
38899.7	14.5931
38910.5	16.1594
38921.3	14.9503
38932	16.5228
38942.8	15.3206
38953.6	16.8998
38964.3	15.7049
38975.1	17.2911
38985.9	16.1041
38996.6	17.6978
39007.4	16.5192
39018.2	18.1208
39028.9	16.9511
39039.7	18.5612
39050.5	17.4009
39061.2	19.02
39072	17.8699
39082.8	19.4985
39093.5	18.359
39104.3	19.9978
39115.1	18.8696
39125.8	20.5191
39136.6	19.4028
39147.4	21.0636
39158.1	19.9598
39168.9	21.6324
39179.7	20.5417
39190.4	22.2265
39201.2	21.1494
39212	22.847
39222.7	21.7838
39233.5	23.4945
39244.3	22.4454
39255	24.1694
39265.8	23.1344
39276.6	24.8718
39287.3	23.8507
39298.1	25.6014
39308.9	24.5937
39319.6	26.3574
39330.4	25.3621
39341.2	27.1381
39351.9	26.154
39362.7	27.9415
39373.5	26.967
39384.2	28.7647
39395	27.7975
39405.8	29.6039
39416.5	28.6416
39427.3	30.4548
39438.1	29.4942
39448.8	31.3119
39459.6	30.3494
39470.4	32.1691
39481.1	31.2007
39491.9	33.0194
39502.7	32.0404
39513.4	33.8549
39524.2	32.8602
39535	34.6668
39545.7	33.6509
39556.5	35.4455
39567.3	34.4022
39578	36.1806
39588.8	35.1031
39599.6	36.8603
39610.3	35.7414
39621.1	37.4721
39631.9	36.3036
39642.6	38.0021
39653.4	36.7752
39664.2	38.4352
39674.9	37.1399
39685.7	38.7547
39696.5	37.3802
39707.2	38.9429
39718	37.4773
39728.8	38.9815
39739.5	37.4124
39750.3	38.8531
39761.1	37.1691
39771.8	38.5465
39782.6	36.7406
39793.4	38.0666
39804.1	36.1451
39814.9	37.4563
39825.7	35.4559
39836.4	36.8311
39847.2	34.8398
39858	36.3989
39868.7	34.5434
39879.5	36.3782
39890.3	34.7297
39901	36.8002
39911.8	35.2922
39922.6	37.4503
39933.3	35.9398
39944.1	38.0468
39954.9	36.409
39965.6	38.3867
39976.4	36.5412
39987.2	38.3655
39997.9	36.2713
40008.7	37.971
40019.5	35.6394
40030.2	37.3253
40041	34.8731
40051.8	36.7672
40062.5	34.4458
40073.3	36.7396
40084.1	34.7146
40094.8	37.285
40105.6	35.3951
40116.4	37.9399
40127.1	35.9124
40137.9	38.2538
40148.7	35.9137
40159.4	38.0392
40170.2	35.3392
40181	37.4038
40191.7	34.495
40202.5	36.8492
40213.3	34.1316
40224	36.9981
40234.8	34.6409
40245.6	37.6797
40256.3	35.3288
40267.1	38.1483
40277.9	35.45
40288.6	37.9804
40299.4	34.8176
40310.2	37.3057
40320.9	33.9239
40331.7	36.8829
40342.5	33.8542
40353.2	37.3346
40364	34.6144
40374.8	37.9977
40385.5	35.0204
40396.3	38.0306
40407.1	34.4931
40417.8	37.382
40428.6	33.5034
40439.4	36.9332
40450.1	33.4604
40460.9	37.4538
40471.7	34.2941
40482.4	38.051
40493.2	34.4812
40504	37.8231
40514.7	33.5889
40525.5	37.0923
40536.3	32.8228
40547	37.1606
40557.8	33.5003
40568.6	37.9
40579.3	34.0669
40590.1	37.9421
40600.9	33.3388
40611.6	37.2058
40622.4	32.3337
40633.2	37.1291
40643.9	32.9611
40654.7	37.8846
40665.5	33.5725
40676.2	37.8901
40687	32.6882
40697.8	37.1282
40708.5	31.7844
40719.3	37.2863
40730.1	32.7046
40740.8	37.992
40751.6	32.9394
40762.4	37.638
40773.1	31.6139
40783.9	37.0253
40794.7	31.5087
40805.4	37.6824
40816.2	32.527
40827	37.9427
40837.7	31.7305
40848.5	37.1641
40859.3	30.6153
40870	37.368
40880.8	31.7616
40891.6	38.0014
40902.3	31.5904
40913.1	37.367
40923.9	30.0061
40934.6	37.2046
40945.4	30.9559
40956.2	37.9732
40966.9	31.1811
40977.7	37.4713
40988.5	29.3966
40999.2	37.1636
41010	30.2653
41020.8	37.9615
41031.5	30.5738
41042.3	37.4523
41053.1	28.6237
41063.8	37.2109
41074.6	29.7433
41085.4	37.9803
41096.1	29.7357
41106.9	37.3173
41117.7	27.737
41128.4	37.372
41139.2	29.3551
41150	37.959
41160.7	28.4868
41171.5	37.1251
41182.3	27.1061
41193	37.6667
41203.8	28.8508
41214.6	37.759
41225.3	26.6349
41236.1	37.0926
41246.9	27.1454
41257.6	37.948
41268.4	27.6392
41279.2	37.3216
41289.9	24.8858
41300.7	37.4763
41311.5	27.2401
41322.2	37.8532
41333	24.974
41343.8	37.0765
41354.5	25.1982
41365.3	37.949
41376	25.7902
41386.8	37.2583
41397.6	22.5148
41408.3	37.6134
41419.1	25.494
41429.9	37.6903
41440.6	21.4669
41451.4	37.2135
41462.2	23.9452
41472.9	37.9509
41483.7	22.0135
41494.5	37.0647
41505.2	21.2941
41516	37.9488
41526.8	22.2838
41537.5	37.1893
41548.3	17.715
41559.1	37.7756
41569.8	21.7617
41580.6	37.4244
41591.4	13.5974
41602.1	37.5538
41612.9	20.5052
41623.7	37.6374
41634.4	10.0027
41645.2	37.3665
41656	18.6253
41666.7	37.7823
41677.5	8.14337
41688.3	37.2429
41699	16.2078
41709.8	37.8638
41720.6	8.08627
41731.3	37.1775
41742.1	13.3739
41752.9	37.8999
41763.6	9.87072
41774.4	37.1558
41785.2	10.481
41795.9	37.9028
41806.7	12.8154
41817.5	37.1717
41828.2	8.28519
41839	37.8718
41849.8	15.8048
41860.5	37.2334
41871.3	7.36856
41882.1	37.7929
41892.8	18.3565
41903.6	37.3581
41914.4	8.45464
41925.1	37.6447
41935.9	20.3355
41946.7	37.5548
41957.4	12.3705
41968.2	37.4187
41979	21.6523
41989.7	37.7942
42000.5	17.071
42011.3	37.1598
42022	22.1752
42032.8	37.9875
42043.6	21.018
42054.3	37.0138
42065.1	21.7836
42075.9	37.998
42086.6	23.8744
42097.4	37.1727
42108.2	20.9348
42118.9	37.7143
42129.7	25.519
42140.5	37.6239
42151.2	21.9611
42162	37.2202
42172.8	25.7846
42183.5	38.0118
42194.3	25.0321
42205.1	36.9976
42215.8	24.7062
42226.6	37.9109
42237.4	27.2996
42248.1	37.4651
42258.9	24.3702
42269.7	37.2854
42280.4	27.6848
42291.2	38.0284
42302	27.0265
42312.7	36.9957
42323.5	26.3285
42334.3	37.813
42345	28.9664
42355.8	37.6963
42366.6	26.7309
42377.3	37.0278
42388.1	28.435
42398.9	38.0625
42409.6	29.4301
42420.4	37.3295
42431.2	27.2761
42441.9	37.266
42452.7	29.8088
42463.5	38.0987
42474.2	29.7497
42485	37.1159
42495.8	28.1976
42506.5	37.4371
42517.3	30.6996
42528.1	38.0863
42538.8	30.2394
42549.6	37.0435
42560.4	28.9911
42571.1	37.4609
42581.9	31.3212
42592.7	38.1134
42603.4	30.9639
42614.2	37.0889
42625	29.5768
42635.7	37.3176
42646.5	31.7014
42657.3	38.164
42668	31.8636
42678.8	37.3073
42689.6	30.1865
42700.3	37.0258
42711.1	31.7218
42721.9	38.1008
42732.6	32.733
42743.4	37.7435
42754.2	31.2517
42764.9	36.8075
42775.7	31.341
42786.5	37.693
42797.2	33.1527
42808	38.1809
42818.8	32.773
42829.5	37.179
42840.3	31.3386
42851.1	36.9465
42861.8	32.6445
42872.6	38.0554
42883.4	33.8361
42894.1	38.0466
42904.9	32.912
42915.7	36.9313
42926.4	31.8683
42937.2	37.0513
42948	33.3621
42958.7	38.1439
42969.5	34.3562
42980.3	38.0843
42991	33.4834
43001.8	36.967
43012.6	32.3349
43023.3	36.8568
43034.1	33.5063
43044.9	37.9848
43055.6	34.7852
43066.4	38.3227
43077.2	34.4709
43087.9	37.425
43098.7	33.0976
43109.5	36.5723
43120.2	33.0951
43131	37.3089
43141.8	34.6332
43152.5	38.3124
43163.3	35.3818
43174.1	38.2712
43184.8	34.7361
43195.6	37.2357
43206.4	33.4207
43217.1	36.4549
43227.9	33.464
43238.7	37.1747
43249.4	34.9091
43260.2	38.258
43271	35.8504
43281.7	38.5266
43292.5	35.6452
43303.3	37.8096
43314	34.4976
43324.8	36.6483
43335.6	33.5012
43346.3	36.3518
43357.1	34.0952
43367.9	37.3287
43378.6	35.495
43389.4	38.3746
43400.2	36.378
43410.9	38.7283
43421.7	36.3704
43432.5	38.2633
43443.2	35.5321
43454	37.1777
43464.8	34.2759
43475.5	36.1347
43486.3	33.6414
43497.1	36.1411
43507.8	34.3948
43518.6	37.1711
43529.4	35.7303
43540.1	38.2832
43550.9	36.7544
43561.7	38.9408
43572.4	37.1877
43583.2	39.0182
43594	37.0104
43604.7	38.5322
43615.5	36.2783
43626.3	37.5685
43637	35.1293
43647.8	36.3475
43658.6	33.9194
43669.3	35.3727
43680.1	33.3316
43690.9	35.2891
43701.6	33.832
43712.4	36.1313
43723.2	35.0111
43733.9	37.3157
43744.7	36.2486
43755.5	38.3963
43766.2	37.2569
43777	39.2168
43787.8	37.9729
43798.5	39.7587
43809.3	38.4117
43820.1	40.0463
43830.8	38.6074
43841.6	40.113
43852.4	38.5949
43863.1	39.9906
43873.9	38.4056
43884.7	39.7076
43895.4	38.0669
43906.2	39.2895
43917	37.6034
43927.7	38.7596
43938.5	37.0385
43949.3	38.1411
43960	36.3964
43970.8	37.4591
43981.6	35.7043
43992.3	36.7436
44003.1	34.9959
44013.9	36.0328
44024.6	34.3147
44035.4	35.3761
44046.2	33.7158
44056.9	34.8346
44067.7	33.2631
44078.5	34.4736
44089.2	33.0175

