0	14.4931
10.7666	14.5681
21.5332	14.7862
32.2998	15.1288
43.0664	15.5703
53.833	16.083
64.5996	16.6411
75.3662	17.2225
86.1328	17.8092
96.8994	18.3866
107.666	18.9433
118.433	19.4696
129.199	19.9572
139.966	20.3985
150.732	20.7863
161.499	21.1136
172.266	21.3729
183.032	21.5569
193.799	21.6579
204.565	21.6687
215.332	21.583
226.099	21.3973
236.865	21.114
247.632	20.7468
258.398	20.3301
269.165	19.9295
279.932	19.6468
290.698	19.5975
301.465	19.8537
312.231	20.3898
322.998	21.0954
333.765	21.8384
344.531	22.5124
355.298	23.0486
366.064	23.4083
376.831	23.5765
387.598	23.56
398.364	23.3947
409.131	23.1582
419.897	22.9766
430.664	22.9941
441.431	23.2906
452.197	23.814
462.964	24.4165
473.73	24.9468
484.497	25.304
495.264	25.4489
506.03	25.4036
516.797	25.2586
527.563	25.1677
538.33	25.2864
549.097	25.6562
559.863	26.1623
570.63	26.6268
581.396	26.9179
592.163	26.9954
602.93	26.9205
613.696	26.8473
624.463	26.9517
635.229	27.2896
645.996	27.737
656.763	28.1043
667.529	28.2744
678.296	28.2596
689.062	28.2007
699.829	28.2891
710.596	28.5972
721.362	28.996
732.129	29.2894
742.896	29.3816
753.662	29.3412
764.429	29.3598
775.195	29.5828
785.962	29.9409
796.729	30.2305
807.495	30.3285
818.262	30.2997
829.028	30.3448
839.795	30.5882
850.562	30.9169
861.328	31.1255
872.095	31.1522
882.861	31.1437
893.628	31.2956
904.395	31.594
915.161	31.8328
925.928	31.8912
936.694	31.8805
947.461	32.0086
958.228	32.2843
968.994	32.5019
979.761	32.5456
990.527	32.5485
1001.29	32.7068
1012.06	32.9705
1022.83	33.1249
1033.59	33.1302
1044.36	33.1825
1055.13	33.3997
1065.89	33.6157
1076.66	33.6706
1087.43	33.6787
1098.19	33.8357
1108.96	34.0636
1119.73	34.1563
1130.49	34.1559
1141.26	34.2764
1152.03	34.4957
1162.79	34.5993
1173.56	34.5995
1184.33	34.7114
1195.09	34.9188
1205.86	35.0082
1216.63	35.0108
1227.39	35.1376
1238.16	35.3281
1248.93	35.3836
1259.69	35.3999
1270.46	35.5567
1281.23	35.7111
1291.99	35.7267
1302.76	35.7847
1313.53	35.9625
1324.29	36.0504
1335.06	36.0541
1345.83	36.1797
1356.59	36.3286
1367.36	36.3443
1378.12	36.402
1388.89	36.5653
1399.66	36.624
1410.42	36.6386
1421.19	36.7808
1431.96	36.8795
1442.72	36.88
1453.49	36.9894
1464.26	37.1121
1475.02	37.1152
1485.79	37.1961
1496.56	37.3279
1507.32	37.3379
1518.09	37.4001
1528.86	37.5321
1539.62	37.546
1550.39	37.5997
1561.16	37.7275
1571.92	37.7398
1582.69	37.7938
1593.46	37.9142
1604.22	37.92
1614.99	37.9827
1625.76	38.0908
1636.52	38.0886
1647.29	38.1668
1658.06	38.2545
1668.82	38.2491
1679.59	38.3456
1690.36	38.4025
1701.12	38.4071
1711.89	38.5146
1722.66	38.5347
1733.42	38.5682
1744.19	38.6653
1754.96	38.6586
1765.72	38.7319
1776.49	38.7896
1787.26	38.7886
1798.02	38.8849
1808.79	38.8917
1819.56	38.9345
1830.32	39.0065
1841.09	38.9956
1851.86	39.0813
1862.62	39.0931
1873.39	39.125
1884.16	39.193
1894.92	39.1799
1905.69	39.2607
1916.46	39.2624
1927.22	39.3015
1937.99	39.351
1948.75	39.3435
1959.52	39.4196
1970.29	39.4041
1981.05	39.4633
1991.82	39.4772
2002.59	39.4954
2013.35	39.5461
2024.12	39.5317
2034.89	39.5992
2045.65	39.5786
2056.42	39.6358
2067.19	39.6324
2077.95	39.6622
2088.72	39.6853
2099.49	39.686
2110.25	39.7312
2121.02	39.7117
2131.79	39.7673
2142.55	39.7404
2153.32	39.7943
2164.09	39.7704
2174.85	39.8142
2185.62	39.7995
2196.39	39.8293
2207.15	39.8257
2217.92	39.8411
2228.69	39.8477
2239.45	39.8507
2250.22	39.8651
2260.99	39.8582
2271.75	39.8776
2282.52	39.8636
2293.29	39.8856
2304.05	39.8668
2314.82	39.8891
2325.59	39.8675
2336.35	39.8883
2347.12	39.8657
2357.89	39.8832
2368.65	39.8614
2379.42	39.8738
2390.19	39.8548
2400.95	39.86
2411.72	39.8458
2422.49	39.8416
2433.25	39.8345
2444.02	39.8189
2454.79	39.8206
2465.55	39.7923
2476.32	39.8031
2487.08	39.7631
2497.85	39.7807
2508.62	39.7328
2519.38	39.7517
2530.15	39.7031
2540.92	39.7145
2551.68	39.6748
2562.45	39.6693
2573.22	39.647
2583.98	39.6182
2594.75	39.6158
2605.52	39.5664
2616.28	39.5755
2627.05	39.5191
2637.82	39.522
2648.58	39.4784
2659.35	39.4566
2670.12	39.4389
2680.88	39.388
2691.65	39.3895
2702.42	39.3276
2713.18	39.3217
2723.95	39.2783
2734.72	39.2402
2745.48	39.2275
2756.25	39.1624
2767.02	39.1573
2777.78	39.1009
2788.55	39.066
2799.32	39.0443
2810.08	38.9758
2820.85	38.9662
2831.62	38.9066
2842.38	38.8632
2853.15	38.8416
2863.92	38.7666
2874.68	38.7477
2885.45	38.6951
2896.22	38.6326
2906.98	38.6152
2917.75	38.5394
2928.52	38.498
2939.28	38.4639
2950.05	38.3817
2960.82	38.3545
2971.58	38.2989
2982.35	38.222
2993.12	38.198
3003.88	38.1249
3014.65	38.0567
3025.42	38.0286
3036.18	37.9442
3046.95	37.8826
3057.71	37.8481
3068.48	37.7567
3079.25	37.698
3090.01	37.658
3100.78	37.562
3111.55	37.502
3122.31	37.4588
3133.08	37.3597
3143.85	37.2941
3154.61	37.2504
3165.38	37.15
3176.15	37.0744
3186.91	37.0316
3197.68	36.9335
3208.45	36.8437
3219.21	36.8001
3229.98	36.7104
3240.75	36.6044
3251.51	36.5531
3262.28	36.4787
3273.05	36.361
3283.81	36.29
3294.58	36.2323
3305.35	36.1172
3316.11	36.016
3326.88	35.9628
3337.65	35.8699
3348.41	35.7433
3359.18	35.6678
3369.95	35.6036
3380.71	35.481
3391.48	35.3631
3402.25	35.3001
3413.01	35.2144
3423.78	35.0761
3434.55	34.969
3445.31	34.9065
3456.08	34.8028
3466.85	34.6564
3477.61	34.553
3488.38	34.4871
3499.15	34.3736
3509.91	34.2198
3520.68	34.1107
3531.45	34.0418
3542.21	33.9284
3552.98	33.7667
3563.75	33.6408
3574.51	33.5672
3585.28	33.465
3596.04	33.3011
3606.81	33.1474
3617.58	33.0571
3628.34	32.9732
3639.11	32.8257
3649.88	32.6448
3660.64	32.513
3671.41	32.4337
3682.18	32.326
3692.94	32.1497
3703.71	31.9635
3714.48	31.8401
3725.24	31.7598
3736.01	31.6397
3746.78	31.4492
3757.54	31.2496
3768.31	31.1141
3779.08	31.0306
3789.84	30.9186
3800.61	30.731
3811.38	30.5087
3822.14	30.3336
3832.91	30.2318
3843.68	30.1433
3854.44	29.9921
3865.21	29.7673
3875.98	29.5324
3886.74	29.3626
3897.51	29.2658
3908.28	29.1754
3919.04	29.0187
3929.81	28.7818
3940.58	28.5194
3951.34	28.3104
3962.11	28.1876
3972.88	28.1082
3983.64	27.994
3994.41	27.7945
4005.18	27.5196
4015.94	27.2326
4026.71	27.0081
4037.48	26.8772
4048.24	26.8033
4059.01	26.7129
4069.78	26.5452
4080.54	26.2839
4091.31	25.9623
4102.08	25.6481
4112.84	25.409
4123.61	25.2722
4134.38	25.2077
4145.14	25.1499
4155.91	25.0351
4166.67	24.8267
4177.44	24.5234
4188.21	24.1583
4198.97	23.7895
4209.74	23.4817
4220.51	23.2794
4231.27	23.1853
4242.04	23.1613
4252.81	23.1496
4263.57	23.0963
4274.34	22.9645
4285.11	22.7373
4295.87	22.4166
4306.64	22.0211
4317.41	21.5845
4328.17	21.1528
4338.94	20.7763
4349.71	20.4984
4360.47	20.3414
4371.24	20.3001
4382.01	20.3461
4392.77	20.4399
4403.54	20.5436
4414.31	20.6269
4425.07	20.6693
4435.84	20.6587
4446.61	20.589
4457.37	20.4587
4468.14	20.2691
4478.91	20.0228
4489.67	19.7239
4500.44	19.3766
4511.21	18.9854
4521.97	18.555
4532.74	18.09
4543.51	17.5948
4554.27	17.0735
4565.04	16.5304
4575.81	15.9693
4586.57	15.3937
4597.34	14.8073
4608.11	14.2132
4618.87	13.6145
4629.64	13.0139
4640.41	12.414
4651.17	11.8172
4661.94	11.2257
4672.71	10.6412
4683.47	10.0655
4694.24	9.50012
4705	8.94618
4715.77	8.40475
4726.54	7.87665
4737.3	7.36252
4748.07	6.86282
4758.84	6.37787
4769.6	5.9078
4780.37	5.45265
4791.14	5.01234
4801.9	4.58669
4812.67	4.17544
4823.44	3.77826
4834.2	3.39478
4844.97	3.02458
4855.74	2.66721
4866.5	2.32222
4877.27	1.98912
4888.04	1.66743
4898.8	1.35668
4909.57	1.05639
4920.34	0.766105
4931.1	0.485365
4941.87	0.213738
4952.64	-0.0491988
4963.4	-0.303846
4974.17	-0.550591
4984.94	-0.789802
4995.7	-1.02183
5006.47	-1.247
5017.24	-1.46564
5028	-1.67804
5038.77	-1.88449
5049.54	-2.08525
5060.3	-2.28058
5071.07	-2.47071
5081.84	-2.65588
5092.6	-2.8363
5103.37	-3.01217
5114.14	-3.18368
5124.9	-3.35101
5135.67	-3.51434
5146.44	-3.67382
5157.2	-3.82961
5167.97	-3.98186
5178.74	-4.1307
5189.5	-4.27626
5200.27	-4.41866
5211.04	-4.55803
5221.8	-4.69448
5232.57	-4.8281
5243.33	-4.95901
5254.1	-5.0873
5264.87	-5.21305
5275.63	-5.33636
5286.4	-5.4573
5297.17	-5.57597
5307.93	-5.69243
5318.7	-5.80675
5329.47	-5.919
5340.23	-6.02925
5351	-6.13757
5361.77	-6.244
5372.53	-6.34861
5383.3	-6.45145
5394.07	-6.55259
5404.83	-6.65205
5415.6	-6.7499
5426.37	-6.84619
5437.13	-6.94094
5447.9	-7.03422
5458.67	-7.12605
5469.43	-7.21649
5480.2	-7.30556
5490.97	-7.3933
5501.73	-7.47975
5512.5	-7.56495
5523.27	-7.64892
5534.03	-7.73169
5544.8	-7.81331
5555.57	-7.89378
5566.33	-7.97315
5577.1	-8.05146
5587.87	-8.12869
5598.63	-8.20491
5609.4	-8.28012
5620.17	-8.35435
5630.93	-8.42763
5641.7	-8.49998
5652.47	-8.5714
5663.23	-8.64195
5674	-8.71162
5684.77	-8.78043
5695.53	-8.84841
5706.3	-8.91559
5717.07	-8.98195
5727.83	-9.04755
5738.6	-9.11237
5749.37	-9.17646
5760.13	-9.2398
5770.9	-9.30244
5781.67	-9.36437
5792.43	-9.42561
5803.2	-9.48618
5813.96	-9.54609
5824.73	-9.60536
5835.5	-9.66399
5846.26	-9.72199
5857.03	-9.7794
5867.8	-9.83619
5878.56	-9.89241
5889.33	-9.94805
5900.1	-10.0031
5910.86	-10.0576
5921.63	-10.1116
5932.4	-10.1651
5943.16	-10.218
5953.93	-10.2704
5964.7	-10.3223
5975.46	-10.3737
5986.23	-10.4246
5997	-10.4751
6007.76	-10.525
6018.53	-10.5745
6029.3	-10.6236
6040.06	-10.6722
6050.83	-10.7204
6061.6	-10.7681
6072.36	-10.8154
6083.13	-10.8623
6093.9	-10.9088
6104.66	-10.9549
6115.43	-11.0005
6126.2	-11.0458
6136.96	-11.0907
6147.73	-11.1353
6158.5	-11.1794
6169.26	-11.2232
6180.03	-11.2666
6190.8	-11.3097
6201.56	-11.3524
6212.33	-11.3948
6223.1	-11.4368
6233.86	-11.4786
6244.63	-11.5199
6255.4	-11.561
6266.16	-11.6017
6276.93	-11.6421
6287.7	-11.6822
6298.46	-11.722
6309.23	-11.7615
6320	-11.8007
6330.76	-11.8397
6341.53	-11.8783
6352.29	-11.9166
6363.06	-11.9547
6373.83	-11.9925
6384.59	-12.03
6395.36	-12.0672
6406.13	-12.1042
6416.89	-12.1409
6427.66	-12.1773
6438.43	-12.2135
6449.19	-12.2495
6459.96	-12.2852
6470.73	-12.3207
6481.49	-12.3559
6492.26	-12.3908
6503.03	-12.4256
6513.79	-12.4601
6524.56	-12.4944
6535.33	-12.5284
6546.09	-12.5623
6556.86	-12.5959
6567.63	-12.6293
6578.39	-12.6624
6589.16	-12.6954
6599.93	-12.7282
6610.69	-12.7607
6621.46	-12.7931
6632.23	-12.8252
6642.99	-12.8572
6653.76	-12.8889
6664.53	-12.9204
6675.29	-12.9518
6686.06	-12.983
6696.83	-13.014
6707.59	-13.0447
6718.36	-13.0753
6729.13	-13.1058
6739.89	-13.136
6750.66	-13.1661
6761.43	-13.196
6772.19	-13.2257
6782.96	-13.2553
6793.73	-13.2847
6804.49	-13.3139
6815.26	-13.3429
6826.03	-13.3718
6836.79	-13.4005
6847.56	-13.4291
6858.33	-13.4575
6869.09	-13.4857
6879.86	-13.5138
6890.62	-13.5417
6901.39	-13.5695
6912.16	-13.5972
6922.92	-13.6247
6933.69	-13.652
6944.46	-13.6792
6955.22	-13.7062
6965.99	-13.7331
6976.76	-13.7599
6987.52	-13.7865
6998.29	-13.813
7009.06	-13.8394
7019.82	-13.8656
7030.59	-13.8917
7041.36	-13.9176
7052.12	-13.9434
7062.89	-13.9691
7073.66	-13.9947
7084.42	-14.0201
7095.19	-14.0454
7105.96	-14.0706
7116.72	-14.0957
7127.49	-14.1206
7138.26	-14.1454
7149.02	-14.1701
7159.79	-14.1947
7170.56	-14.2191
7181.32	-14.2435
7192.09	-14.2677
7202.86	-14.2918
7213.62	-14.3158
7224.39	-14.3397
7235.16	-14.3634
7245.92	-14.3871
7256.69	-14.4106
7267.46	-14.4341
7278.22	-14.4574
7288.99	-14.4806
7299.76	-14.5038
7310.52	-14.5268
7321.29	-14.5497
7332.06	-14.5725
7342.82	-14.5952
7353.59	-14.6178
7364.36	-14.6403
7375.12	-14.6627
7385.89	-14.685
7396.66	-14.7072
7407.42	-14.7293
7418.19	-14.7514
7428.96	-14.7733
7439.72	-14.7951
7450.49	-14.8169
7461.25	-14.8385
7472.02	-14.8601
7482.79	-14.8815
7493.55	-14.9029
7504.32	-14.9242
7515.09	-14.9454
7525.85	-14.9665
7536.62	-14.9875
7547.39	-15.0084
7558.15	-15.0293
7568.92	-15.05
7579.69	-15.0707
7590.45	-15.0913
7601.22	-15.1118
7611.99	-15.1322
7622.75	-15.1525
7633.52	-15.1728
7644.29	-15.193
7655.05	-15.2131
7665.82	-15.2331
7676.59	-15.2531
7687.35	-15.2729
7698.12	-15.2927
7708.89	-15.3124
7719.65	-15.3321
7730.42	-15.3516
7741.19	-15.3711
7751.95	-15.3905
7762.72	-15.4098
7773.49	-15.4291
7784.25	-15.4483
7795.02	-15.4674
7805.79	-15.4864
7816.55	-15.5054
7827.32	-15.5243
7838.09	-15.5431
7848.85	-15.5619
7859.62	-15.5806
7870.39	-15.5992
7881.15	-15.6177
7891.92	-15.6362
7902.69	-15.6547
7913.45	-15.673
7924.22	-15.6913
7934.99	-15.7095
7945.75	-15.7276
7956.52	-15.7458
7967.29	-15.7638
7978.05	-15.7817
7988.82	-15.7996
7999.58	-15.8175
8010.35	-15.8352
8021.12	-15.8529
8031.88	-15.8706
8042.65	-15.8882
8053.42	-15.9057
8064.18	-15.9232
8074.95	-15.9406
8085.72	-15.9579
8096.48	-15.9752
8107.25	-15.9924
8118.02	-16.0096
8128.78	-16.0267
8139.55	-16.0437
8150.32	-16.0607
8161.08	-16.0777
8171.85	-16.0945
8182.62	-16.1114
8193.38	-16.1281
8204.15	-16.1448
8214.92	-16.1615
8225.68	-16.1781
8236.45	-16.1946
8247.22	-16.2111
8257.98	-16.2276
8268.75	-16.2439
8279.52	-16.2603
8290.28	-16.2766
8301.05	-16.2928
8311.82	-16.3089
8322.58	-16.3251
8333.35	-16.3411
8344.12	-16.3572
8354.88	-16.3731
8365.65	-16.389
8376.42	-16.4049
8387.18	-16.4207
8397.95	-16.4365
8408.72	-16.4522
8419.48	-16.4679
8430.25	-16.4835
8441.02	-16.4991
8451.78	-16.5146
8462.55	-16.53
8473.32	-16.5455
8484.08	-16.5608
8494.85	-16.5762
8505.62	-16.5915
8516.38	-16.6067
8527.15	-16.6219
8537.92	-16.637
8548.68	-16.6521
8559.45	-16.6672
8570.21	-16.6822
8580.98	-16.6972
8591.75	-16.7121
8602.51	-16.727
8613.28	-16.7418
8624.05	-16.7566
8634.81	-16.7713
8645.58	-16.786
8656.35	-16.8007
8667.11	-16.8153
8677.88	-16.8298
8688.65	-16.8444
8699.41	-16.8589
8710.18	-16.8733
8720.95	-16.8877
8731.71	-16.9021
8742.48	-16.9164
8753.25	-16.9306
8764.01	-16.9449
8774.78	-16.9591
8785.55	-16.9732
8796.31	-16.9874
8807.08	-17.0014
8817.85	-17.0155
8828.61	-17.0294
8839.38	-17.0434
8850.15	-17.0573
8860.91	-17.0712
8871.68	-17.085
8882.45	-17.0988
8893.21	-17.1126
8903.98	-17.1263
8914.75	-17.14
8925.51	-17.1536
8936.28	-17.1673
8947.05	-17.1808
8957.81	-17.1944
8968.58	-17.2079
8979.35	-17.2213
8990.11	-17.2347
9000.88	-17.2481
9011.65	-17.2615
9022.41	-17.2748
9033.18	-17.2881
9043.95	-17.3013
9054.71	-17.3145
9065.48	-17.3277
9076.25	-17.3408
9087.01	-17.3539
9097.78	-17.367
9108.54	-17.38
9119.31	-17.393
9130.08	-17.406
9140.84	-17.4189
9151.61	-17.4318
9162.38	-17.4447
9173.14	-17.4575
9183.91	-17.4703
9194.68	-17.483
9205.44	-17.4957
9216.21	-17.5084
9226.98	-17.5211
9237.74	-17.5337
9248.51	-17.5463
9259.28	-17.5589
9270.04	-17.5714
9280.81	-17.5839
9291.58	-17.5964
9302.34	-17.6088
9313.11	-17.6212
9323.88	-17.6336
9334.64	-17.6459
9345.41	-17.6582
9356.18	-17.6705
9366.94	-17.6827
9377.71	-17.6949
9388.48	-17.7071
9399.24	-17.7193
9410.01	-17.7314
9420.78	-17.7435
9431.54	-17.7555
9442.31	-17.7676
9453.08	-17.7796
9463.84	-17.7915
9474.61	-17.8035
9485.38	-17.8154
9496.14	-17.8273
9506.91	-17.8391
9517.68	-17.851
9528.44	-17.8627
9539.21	-17.8745
9549.98	-17.8862
9560.74	-17.898
9571.51	-17.9096
9582.28	-17.9213
9593.04	-17.9329
9603.81	-17.9445
9614.58	-17.9561
9625.34	-17.9676
9636.11	-17.9791
9646.88	-17.9906
9657.64	-18.002
9668.41	-18.0135
9679.17	-18.0249
9689.94	-18.0362
9700.71	-18.0476
9711.47	-18.0589
9722.24	-18.0702
9733.01	-18.0815
9743.77	-18.0927
9754.54	-18.1039
9765.31	-18.1151
9776.07	-18.1262
9786.84	-18.1374
9797.61	-18.1485
9808.37	-18.1596
9819.14	-18.1706
9829.91	-18.1816
9840.67	-18.1926
9851.44	-18.2036
9862.21	-18.2146
9872.97	-18.2255
9883.74	-18.2364
9894.51	-18.2473
9905.27	-18.2581
9916.04	-18.2689
9926.81	-18.2797
9937.57	-18.2905
9948.34	-18.3012
9959.11	-18.312
9969.87	-18.3227
9980.64	-18.3333
9991.41	-18.344
10002.2	-18.3546
10012.9	-18.3652
10023.7	-18.3758
10034.5	-18.3864
10045.2	-18.3969
10056	-18.4074
10066.8	-18.4179
10077.5	-18.4283
10088.3	-18.4388
10099.1	-18.4492
10109.8	-18.4596
10120.6	-18.4699
10131.4	-18.4803
10142.1	-18.4906
10152.9	-18.5009
10163.7	-18.5112
10174.4	-18.5214
10185.2	-18.5316
10196	-18.5418
10206.7	-18.552
10217.5	-18.5622
10228.3	-18.5723
10239	-18.5824
10249.8	-18.5925
10260.6	-18.6026
10271.3	-18.6126
10282.1	-18.6226
10292.9	-18.6327
10303.6	-18.6426
10314.4	-18.6526
10325.2	-18.6625
10335.9	-18.6724
10346.7	-18.6823
10357.5	-18.6922
10368.2	-18.702
10379	-18.7119
10389.8	-18.7217
10400.5	-18.7315
10411.3	-18.7412
10422.1	-18.751
10432.8	-18.7607
10443.6	-18.7704
10454.4	-18.7801
10465.1	-18.7897
10475.9	-18.7994
10486.7	-18.809
10497.4	-18.8186
10508.2	-18.8282
10519	-18.8377
10529.7	-18.8473
10540.5	-18.8568
10551.3	-18.8663
10562	-18.8758
10572.8	-18.8852
10583.6	-18.8946
10594.3	-18.9041
10605.1	-18.9135
10615.9	-18.9228
10626.6	-18.9322
10637.4	-18.9415
10648.2	-18.9508
10658.9	-18.9601
10669.7	-18.9694
10680.5	-18.9787
10691.2	-18.9879
10702	-18.9971
10712.8	-19.0063
10723.5	-19.0155
10734.3	-19.0246
10745.1	-19.0338
10755.8	-19.0429
10766.6	-19.052
10777.4	-19.0611
10788.1	-19.0702
10798.9	-19.0792
10809.7	-19.0883
10820.4	-19.0972
10831.2	-19.1062
10842	-19.1152
10852.7	-19.1242
10863.5	-19.1331
10874.3	-19.142
10885	-19.1509
10895.8	-19.1598
10906.6	-19.1687
10917.3	-19.1775
10928.1	-19.1863
10938.9	-19.1951
10949.6	-19.2039
10960.4	-19.2127
10971.2	-19.2214
10981.9	-19.2302
10992.7	-19.2389
11003.5	-19.2476
11014.2	-19.2563
11025	-19.2649
11035.8	-19.2736
11046.5	-19.2822
11057.3	-19.2908
11068.1	-19.2994
11078.8	-19.308
11089.6	-19.3165
11100.4	-19.3251
11111.1	-19.3336
11121.9	-19.3421
11132.7	-19.3506
11143.4	-19.3591
11154.2	-19.3675
11165	-19.376
11175.7	-19.3844
11186.5	-19.3928
11197.3	-19.4012
11208	-19.4096
11218.8	-19.4179
11229.6	-19.4263
11240.3	-19.4346
11251.1	-19.4429
11261.9	-19.4512
11272.6	-19.4594
11283.4	-19.4677
11294.2	-19.4759
11304.9	-19.4841
11315.7	-19.4923
11326.5	-19.5005
11337.2	-19.5087
11348	-19.5169
11358.8	-19.525
11369.5	-19.5331
11380.3	-19.5412
11391.1	-19.5493
11401.8	-19.5574
11412.6	-19.5655
11423.4	-19.5735
11434.1	-19.5815
11444.9	-19.5896
11455.7	-19.5976
11466.4	-19.6055
11477.2	-19.6135
11488	-19.6214
11498.7	-19.6294
11509.5	-19.6373
11520.3	-19.6452
11531	-19.6531
11541.8	-19.661
11552.6	-19.6688
11563.3	-19.6766
11574.1	-19.6845
11584.9	-19.6923
11595.6	-19.7001
11606.4	-19.7079
11617.2	-19.7156
11627.9	-19.7234
11638.7	-19.7311
11649.5	-19.7388
11660.2	-19.7465
11671	-19.7542
11681.8	-19.7619
11692.5	-19.7696
11703.3	-19.7772
11714.1	-19.7848
11724.8	-19.7925
11735.6	-19.8001
11746.4	-19.8076
11757.1	-19.8152
11767.9	-19.8228
11778.7	-19.8303
11789.4	-19.8378
11800.2	-19.8453
11811	-19.8529
11821.7	-19.8603
11832.5	-19.8678
11843.3	-19.8753
11854	-19.8827
11864.8	-19.8901
11875.6	-19.8975
11886.3	-19.9049
11897.1	-19.9123
11907.9	-19.9197
11918.6	-19.927
11929.4	-19.9344
11940.2	-19.9417
11950.9	-19.949
11961.7	-19.9563
11972.5	-19.9636
11983.2	-19.9709
11994	-19.9781
12004.8	-19.9854
12015.5	-19.9926
12026.3	-19.9998
12037.1	-20.007
12047.8	-20.0142
12058.6	-20.0214
12069.4	-20.0286
12080.1	-20.0357
12090.9	-20.0428
12101.7	-20.0499
12112.4	-20.0571
12123.2	-20.0642
12134	-20.0712
12144.7	-20.0783
12155.5	-20.0854
12166.3	-20.0924
12177	-20.0994
12187.8	-20.1064
12198.6	-20.1134
12209.3	-20.1204
12220.1	-20.1274
12230.9	-20.1344
12241.6	-20.1413
12252.4	-20.1482
12263.2	-20.1552
12273.9	-20.1621
12284.7	-20.169
12295.5	-20.1758
12306.2	-20.1827
12317	-20.1896
12327.8	-20.1964
12338.5	-20.2032
12349.3	-20.2101
12360.1	-20.2168
12370.8	-20.2236
12381.6	-20.2304
12392.4	-20.2372
12403.1	-20.2439
12413.9	-20.2507
12424.7	-20.2574
12435.4	-20.2641
12446.2	-20.2708
12457	-20.2775
12467.7	-20.2842
12478.5	-20.2909
12489.3	-20.2975
12500	-20.3041
12510.8	-20.3108
12521.6	-20.3174
12532.3	-20.324
12543.1	-20.3306
12553.9	-20.3372
12564.6	-20.3437
12575.4	-20.3503
12586.2	-20.3568
12596.9	-20.3634
12607.7	-20.3698
12618.5	-20.3764
12629.2	-20.3829
12640	-20.3893
12650.8	-20.3958
12661.5	-20.4022
12672.3	-20.4087
12683.1	-20.4151
12693.8	-20.4215
12704.6	-20.428
12715.4	-20.4343
12726.1	-20.4407
12736.9	-20.4471
12747.7	-20.4534
12758.4	-20.4598
12769.2	-20.4661
12780	-20.4724
12790.7	-20.4788
12801.5	-20.4851
12812.3	-20.4914
12823	-20.4976
12833.8	-20.5039
12844.6	-20.5101
12855.3	-20.5164
12866.1	-20.5226
12876.9	-20.5289
12887.6	-20.535
12898.4	-20.5412
12909.2	-20.5474
12919.9	-20.5536
12930.7	-20.5598
12941.5	-20.5659
12952.2	-20.572
12963	-20.5782
12973.8	-20.5843
12984.5	-20.5904
12995.3	-20.5965
13006.1	-20.6025
13016.8	-20.6086
13027.6	-20.6147
13038.4	-20.6207
13049.1	-20.6268
13059.9	-20.6328
13070.7	-20.6388
13081.4	-20.6448
13092.2	-20.6508
13103	-20.6568
13113.7	-20.6627
13124.5	-20.6687
13135.3	-20.6746
13146	-20.6806
13156.8	-20.6865
13167.6	-20.6924
13178.3	-20.6983
13189.1	-20.7042
13199.9	-20.7101
13210.6	-20.716
13221.4	-20.7218
13232.2	-20.7276
13242.9	-20.7335
13253.7	-20.7393
13264.5	-20.7451
13275.2	-20.7509
13286	-20.7567
13296.8	-20.7625
13307.5	-20.7683
13318.3	-20.774
13329.1	-20.7798
13339.8	-20.7855
13350.6	-20.7913
13361.4	-20.797
13372.1	-20.8027
13382.9	-20.8084
13393.7	-20.8141
13404.4	-20.8197
13415.2	-20.8254
13426	-20.8311
13436.7	-20.8367
13447.5	-20.8423
13458.3	-20.8479
13469	-20.8536
13479.8	-20.8592
13490.6	-20.8648
13501.3	-20.8703
13512.1	-20.8759
13522.9	-20.8815
13533.6	-20.887
13544.4	-20.8926
13555.2	-20.8981
13565.9	-20.9036
13576.7	-20.9091
13587.5	-20.9146
13598.2	-20.9201
13609	-20.9256
13619.8	-20.931
13630.5	-20.9365
13641.3	-20.9419
13652.1	-20.9474
13662.8	-20.9528
13673.6	-20.9582
13684.4	-20.9636
13695.1	-20.969
13705.9	-20.9744
13716.7	-20.9798
13727.4	-20.9851
13738.2	-20.9905
13749	-20.9959
13759.7	-21.0012
13770.5	-21.0065
13781.2	-21.0118
13792	-21.0171
13802.8	-21.0224
13813.5	-21.0277
13824.3	-21.033
13835.1	-21.0383
13845.8	-21.0435
13856.6	-21.0488
13867.4	-21.054
13878.1	-21.0592
13888.9	-21.0644
13899.7	-21.0696
13910.4	-21.0749
13921.2	-21.08
13932	-21.0852
13942.7	-21.0904
13953.5	-21.0955
13964.3	-21.1007
13975	-21.1058
13985.8	-21.111
13996.6	-21.1161
14007.3	-21.1212
14018.1	-21.1263
14028.9	-21.1314
14039.6	-21.1365
14050.4	-21.1415
14061.2	-21.1466
14071.9	-21.1516
14082.7	-21.1567
14093.5	-21.1617
14104.2	-21.1668
14115	-21.1718
14125.8	-21.1768
14136.5	-21.1818
14147.3	-21.1868
14158.1	-21.1917
14168.8	-21.1967
14179.6	-21.2017
14190.4	-21.2066
14201.1	-21.2116
14211.9	-21.2165
14222.7	-21.2214
14233.4	-21.2263
14244.2	-21.2312
14255	-21.2361
14265.7	-21.241
14276.5	-21.2459
14287.3	-21.2507
14298	-21.2556
14308.8	-21.2604
14319.6	-21.2653
14330.3	-21.2701
14341.1	-21.2749
14351.9	-21.2797
14362.6	-21.2845
14373.4	-21.2893
14384.2	-21.2941
14394.9	-21.2989
14405.7	-21.3036
14416.5	-21.3084
14427.2	-21.3131
14438	-21.3179
14448.8	-21.3226
14459.5	-21.3273
14470.3	-21.332
14481.1	-21.3367
14491.8	-21.3414
14502.6	-21.3461
14513.4	-21.3508
14524.1	-21.3554
14534.9	-21.3601
14545.7	-21.3647
14556.4	-21.3694
14567.2	-21.374
14578	-21.3786
14588.7	-21.3832
14599.5	-21.3878
14610.3	-21.3924
14621	-21.397
14631.8	-21.4016
14642.6	-21.4062
14653.3	-21.4107
14664.1	-21.4153
14674.9	-21.4198
14685.6	-21.4243
14696.4	-21.4288
14707.2	-21.4334
14717.9	-21.4379
14728.7	-21.4424
14739.5	-21.4469
14750.2	-21.4513
14761	-21.4558
14771.8	-21.4603
14782.5	-21.4647
14793.3	-21.4692
14804.1	-21.4736
14814.8	-21.478
14825.6	-21.4825
14836.4	-21.4869
14847.1	-21.4913
14857.9	-21.4957
14868.7	-21.5001
14879.4	-21.5044
14890.2	-21.5088
14901	-21.5131
14911.7	-21.5175
14922.5	-21.5218
14933.3	-21.5262
14944	-21.5305
14954.8	-21.5348
14965.6	-21.5391
14976.3	-21.5434
14987.1	-21.5477
14997.9	-21.552
15008.6	-21.5563
15019.4	-21.5605
15030.2	-21.5648
15040.9	-21.569
15051.7	-21.5733
15062.5	-21.5775
15073.2	-21.5817
15084	-21.586
15094.8	-21.5901
15105.5	-21.5944
15116.3	-21.5985
15127.1	-21.6027
15137.8	-21.6069
15148.6	-21.611
15159.4	-21.6152
15170.1	-21.6194
15180.9	-21.6235
15191.7	-21.6276
15202.4	-21.6318
15213.2	-21.6359
15224	-21.64
15234.7	-21.6441
15245.5	-21.6482
15256.3	-21.6523
15267	-21.6563
15277.8	-21.6604
15288.6	-21.6645
15299.3	-21.6685
15310.1	-21.6725
15320.9	-21.6766
15331.6	-21.6806
15342.4	-21.6846
15353.2	-21.6886
15363.9	-21.6926
15374.7	-21.6966
15385.5	-21.7006
15396.2	-21.7046
15407	-21.7085
15417.8	-21.7125
15428.5	-21.7165
15439.3	-21.7204
15450.1	-21.7244
15460.8	-21.7283
15471.6	-21.7322
15482.4	-21.7361
15493.1	-21.74
15503.9	-21.7439
15514.7	-21.7478
15525.4	-21.7517
15536.2	-21.7556
15547	-21.7594
15557.7	-21.7633
15568.5	-21.7671
15579.3	-21.771
15590	-21.7748
15600.8	-21.7786
15611.6	-21.7825
15622.3	-21.7863
15633.1	-21.7901
15643.9	-21.7939
15654.6	-21.7976
15665.4	-21.8014
15676.2	-21.8052
15686.9	-21.809
15697.7	-21.8127
15708.5	-21.8165
15719.2	-21.8202
15730	-21.8239
15740.8	-21.8277
15751.5	-21.8314
15762.3	-21.8351
15773.1	-21.8388
15783.8	-21.8425
15794.6	-21.8462
15805.4	-21.8499
15816.1	-21.8535
15826.9	-21.8572
15837.7	-21.8608
15848.4	-21.8645
15859.2	-21.8681
15870	-21.8718
15880.7	-21.8754
15891.5	-21.879
15902.3	-21.8826
15913	-21.8862
15923.8	-21.8898
15934.6	-21.8934
15945.3	-21.897
15956.1	-21.9005
15966.9	-21.9041
15977.6	-21.9077
15988.4	-21.9112
15999.2	-21.9147
16009.9	-21.9183
16020.7	-21.9218
16031.5	-21.9253
16042.2	-21.9288
16053	-21.9323
16063.8	-21.9358
16074.5	-21.9393
16085.3	-21.9428
16096.1	-21.9462
16106.8	-21.9497
16117.6	-21.9532
16128.4	-21.9566
16139.1	-21.9601
16149.9	-21.9635
16160.7	-21.9669
16171.4	-21.9704
16182.2	-21.9738
16193	-21.9772
16203.7	-21.9806
16214.5	-21.984
16225.3	-21.9874
16236	-21.9907
16246.8	-21.9941
16257.6	-21.9975
16268.3	-22.0008
16279.1	-22.0042
16289.9	-22.0075
16300.6	-22.0108
16311.4	-22.0142
16322.2	-22.0175
16332.9	-22.0208
16343.7	-22.0241
16354.5	-22.0274
16365.2	-22.0307
16376	-22.034
16386.8	-22.0372
16397.5	-22.0405
16408.3	-22.0438
16419.1	-22.047
16429.8	-22.0503
16440.6	-22.0535
16451.4	-22.0567
16462.1	-22.0599
16472.9	-22.0632
16483.7	-22.0664
16494.4	-22.0696
16505.2	-22.0727
16516	-22.0759
16526.7	-22.0791
16537.5	-22.0823
16548.3	-22.0854
16559	-22.0886
16569.8	-22.0918
16580.6	-22.0949
16591.3	-22.098
16602.1	-22.1012
16612.9	-22.1043
16623.6	-22.1074
16634.4	-22.1105
16645.2	-22.1136
16655.9	-22.1167
16666.7	-22.1198
16677.5	-22.1229
16688.2	-22.1259
16699	-22.129
16709.8	-22.132
16720.5	-22.1351
16731.3	-22.1381
16742.1	-22.1412
16752.8	-22.1442
16763.6	-22.1472
16774.4	-22.1503
16785.1	-22.1533
16795.9	-22.1563
16806.7	-22.1593
16817.4	-22.1622
16828.2	-22.1652
16839	-22.1682
16849.7	-22.1712
16860.5	-22.1741
16871.3	-22.1771
16882	-22.18
16892.8	-22.183
16903.6	-22.1859
16914.3	-22.1888
16925.1	-22.1917
16935.9	-22.1946
16946.6	-22.1975
16957.4	-22.2004
16968.2	-22.2033
16978.9	-22.2062
16989.7	-22.2091
17000.5	-22.212
17011.2	-22.2148
17022	-22.2177
17032.8	-22.2205
17043.5	-22.2234
17054.3	-22.2262
17065.1	-22.229
17075.8	-22.2318
17086.6	-22.2347
17097.4	-22.2375
17108.1	-22.2403
17118.9	-22.2431
17129.7	-22.2458
17140.4	-22.2486
17151.2	-22.2514
17162	-22.2541
17172.7	-22.2569
17183.5	-22.2597
17194.3	-22.2624
17205	-22.2652
17215.8	-22.2679
17226.6	-22.2706
17237.3	-22.2733
17248.1	-22.276
17258.9	-22.2787
17269.6	-22.2814
17280.4	-22.2841
17291.2	-22.2868
17301.9	-22.2895
17312.7	-22.2921
17323.5	-22.2948
17334.2	-22.2975
17345	-22.3001
17355.8	-22.3028
17366.5	-22.3054
17377.3	-22.308
17388.1	-22.3106
17398.8	-22.3133
17409.6	-22.3159
17420.4	-22.3185
17431.1	-22.3211
17441.9	-22.3237
17452.7	-22.3263
17463.4	-22.3288
17474.2	-22.3314
17485	-22.3339
17495.7	-22.3365
17506.5	-22.3391
17517.3	-22.3416
17528	-22.3441
17538.8	-22.3467
17549.6	-22.3492
17560.3	-22.3517
17571.1	-22.3542
17581.9	-22.3567
17592.6	-22.3592
17603.4	-22.3617
17614.2	-22.3642
17624.9	-22.3667
17635.7	-22.3691
17646.5	-22.3716
17657.2	-22.374
17668	-22.3765
17678.8	-22.3789
17689.5	-22.3814
17700.3	-22.3838
17711.1	-22.3862
17721.8	-22.3886
17732.6	-22.3911
17743.4	-22.3934
17754.1	-22.3958
17764.9	-22.3982
17775.7	-22.4006
17786.4	-22.403
17797.2	-22.4054
17808	-22.4077
17818.7	-22.4101
17829.5	-22.4124
17840.3	-22.4148
17851	-22.4171
17861.8	-22.4195
17872.6	-22.4218
17883.3	-22.4241
17894.1	-22.4264
17904.9	-22.4287
17915.6	-22.431
17926.4	-22.4333
17937.2	-22.4356
17947.9	-22.4379
17958.7	-22.4401
17969.5	-22.4424
17980.2	-22.4447
17991	-22.4469
18001.8	-22.4492
18012.5	-22.4514
18023.3	-22.4536
18034.1	-22.4559
18044.8	-22.4581
18055.6	-22.4603
18066.4	-22.4625
18077.1	-22.4647
18087.9	-22.4669
18098.7	-22.4691
18109.4	-22.4713
18120.2	-22.4735
18131	-22.4756
18141.7	-22.4778
18152.5	-22.48
18163.3	-22.4821
18174	-22.4842
18184.8	-22.4864
18195.6	-22.4885
18206.3	-22.4906
18217.1	-22.4928
18227.9	-22.4949
18238.6	-22.497
18249.4	-22.4991
18260.2	-22.5012
18270.9	-22.5033
18281.7	-22.5053
18292.5	-22.5074
18303.2	-22.5095
18314	-22.5115
18324.8	-22.5136
18335.5	-22.5157
18346.3	-22.5177
18357.1	-22.5197
18367.8	-22.5218
18378.6	-22.5238
18389.4	-22.5258
18400.1	-22.5278
18410.9	-22.5298
18421.7	-22.5318
18432.4	-22.5338
18443.2	-22.5358
18454	-22.5378
18464.7	-22.5397
18475.5	-22.5417
18486.3	-22.5437
18497	-22.5456
18507.8	-22.5476
18518.6	-22.5495
18529.3	-22.5514
18540.1	-22.5534
18550.9	-22.5553
18561.6	-22.5572
18572.4	-22.5591
18583.2	-22.561
18593.9	-22.5629
18604.7	-22.5648
18615.5	-22.5667
18626.2	-22.5686
18637	-22.5704
18647.8	-22.5723
18658.5	-22.5742
18669.3	-22.576
18680.1	-22.5779
18690.8	-22.5797
18701.6	-22.5816
18712.4	-22.5834
18723.1	-22.5852
18733.9	-22.587
18744.7	-22.5888
18755.4	-22.5906
18766.2	-22.5924
18777	-22.5942
18787.7	-22.596
18798.5	-22.5978
18809.3	-22.5996
18820	-22.6013
18830.8	-22.6031
18841.6	-22.6048
18852.3	-22.6066
18863.1	-22.6083
18873.9	-22.6101
18884.6	-22.6118
18895.4	-22.6135
18906.2	-22.6152
18916.9	-22.617
18927.7	-22.6187
18938.5	-22.6204
18949.2	-22.6221
18960	-22.6237
18970.8	-22.6254
18981.5	-22.6271
18992.3	-22.6288
19003.1	-22.6304
19013.8	-22.6321
19024.6	-22.6337
19035.4	-22.6354
19046.1	-22.637
19056.9	-22.6386
19067.7	-22.6403
19078.4	-22.6419
19089.2	-22.6435
19100	-22.6451
19110.7	-22.6467
19121.5	-22.6483
19132.3	-22.6499
19143	-22.6515
19153.8	-22.6531
19164.6	-22.6546
19175.3	-22.6562
19186.1	-22.6577
19196.9	-22.6593
19207.6	-22.6609
19218.4	-22.6624
19229.2	-22.6639
19239.9	-22.6655
19250.7	-22.667
19261.5	-22.6685
19272.2	-22.67
19283	-22.6715
19293.8	-22.673
19304.5	-22.6745
19315.3	-22.676
19326	-22.6775
19336.8	-22.6789
19347.6	-22.6804
19358.3	-22.6819
19369.1	-22.6833
19379.9	-22.6848
19390.6	-22.6862
19401.4	-22.6876
19412.2	-22.6891
19422.9	-22.6905
19433.7	-22.6919
19444.5	-22.6933
19455.2	-22.6947
19466	-22.6962
19476.8	-22.6975
19487.5	-22.699
19498.3	-22.7003
19509.1	-22.7017
19519.8	-22.7031
19530.6	-22.7044
19541.4	-22.7058
19552.1	-22.7071
19562.9	-22.7085
19573.7	-22.7098
19584.4	-22.7112
19595.2	-22.7125
19606	-22.7138
19616.7	-22.7151
19627.5	-22.7164
19638.3	-22.7178
19649	-22.719
19659.8	-22.7203
19670.6	-22.7216
19681.3	-22.7229
19692.1	-22.7242
19702.9	-22.7255
19713.6	-22.7267
19724.4	-22.728
19735.2	-22.7292
19745.9	-22.7305
19756.7	-22.7317
19767.5	-22.733
19778.2	-22.7342
19789	-22.7354
19799.8	-22.7366
19810.5	-22.7378
19821.3	-22.739
19832.1	-22.7402
19842.8	-22.7414
19853.6	-22.7426
19864.4	-22.7438
19875.1	-22.745
19885.9	-22.7461
19896.7	-22.7473
19907.4	-22.7484
19918.2	-22.7496
19929	-22.7508
19939.7	-22.7519
19950.5	-22.753
19961.3	-22.7542
19972	-22.7553
19982.8	-22.7564
19993.6	-22.7575
20004.3	-22.7586
20015.1	-22.7597
20025.9	-22.7608
20036.6	-22.7619
20047.4	-22.7629
20058.2	-22.764
20068.9	-22.7651
20079.7	-22.7662
20090.5	-22.7672
20101.2	-22.7683
20112	-22.7693
20122.8	-22.7703
20133.5	-22.7714
20144.3	-22.7724
20155.1	-22.7734
20165.8	-22.7744
20176.6	-22.7755
20187.4	-22.7764
20198.1	-22.7775
20208.9	-22.7784
20219.7	-22.7794
20230.4	-22.7804
20241.2	-22.7814
20252	-22.7823
20262.7	-22.7833
20273.5	-22.7843
20284.3	-22.7852
20295	-22.7862
20305.8	-22.7871
20316.6	-22.788
20327.3	-22.789
20338.1	-22.7899
20348.9	-22.7908
20359.6	-22.7917
20370.4	-22.7926
20381.2	-22.7935
20391.9	-22.7944
20402.7	-22.7953
20413.5	-22.7962
20424.2	-22.797
20435	-22.7979
20445.8	-22.7988
20456.5	-22.7996
20467.3	-22.8005
20478.1	-22.8013
20488.8	-22.8022
20499.6	-22.803
20510.4	-22.8038
20521.1	-22.8046
20531.9	-22.8055
20542.7	-22.8063
20553.4	-22.8071
20564.2	-22.8079
20575	-22.8087
20585.7	-22.8095
20596.5	-22.8102
20607.3	-22.811
20618	-22.8118
20628.8	-22.8125
20639.6	-22.8133
20650.3	-22.814
20661.1	-22.8148
20671.9	-22.8155
20682.6	-22.8163
20693.4	-22.817
20704.2	-22.8177
20714.9	-22.8184
20725.7	-22.8192
20736.5	-22.8198
20747.2	-22.8206
20758	-22.8212
20768.8	-22.8219
20779.5	-22.8226
20790.3	-22.8233
20801.1	-22.824
20811.8	-22.8246
20822.6	-22.8253
20833.4	-22.8259
20844.1	-22.8266
20854.9	-22.8272
20865.7	-22.8279
20876.4	-22.8285
20887.2	-22.8291
20898	-22.8297
20908.7	-22.8304
20919.5	-22.831
20930.3	-22.8316
20941	-22.8322
20951.8	-22.8328
20962.6	-22.8333
20973.3	-22.8339
20984.1	-22.8345
20994.9	-22.835
21005.6	-22.8356
21016.4	-22.8362
21027.2	-22.8367
21037.9	-22.8372
21048.7	-22.8378
21059.5	-22.8383
21070.2	-22.8388
21081	-22.8394
21091.8	-22.8399
21102.5	-22.8404
21113.3	-22.8409
21124.1	-22.8414
21134.8	-22.8419
21145.6	-22.8424
21156.4	-22.8428
21167.1	-22.8433
21177.9	-22.8438
21188.7	-22.8442
21199.4	-22.8447
21210.2	-22.8452
21221	-22.8456
21231.7	-22.846
21242.5	-22.8465
21253.3	-22.8469
21264	-22.8473
21274.8	-22.8478
21285.6	-22.8482
21296.3	-22.8486
21307.1	-22.849
21317.9	-22.8494
21328.6	-22.8497
21339.4	-22.8501
21350.2	-22.8505
21360.9	-22.8509
21371.7	-22.8512
21382.5	-22.8516
21393.2	-22.8519
21404	-22.8523
21414.8	-22.8526
21425.5	-22.853
21436.3	-22.8533
21447.1	-22.8536
21457.8	-22.854
21468.6	-22.8543
21479.4	-22.8546
21490.1	-22.8549
21500.9	-22.8552
21511.7	-22.8555
21522.4	-22.8557
21533.2	-22.856
21544	-22.8563
21554.7	-22.8566
21565.5	-22.8568
21576.3	-22.8571
21587	-22.8573
21597.8	-22.8576
21608.6	-22.8578
21619.3	-22.858
21630.1	-22.8583
21640.9	-22.8585
21651.6	-22.8587
21662.4	-22.8589
21673.2	-22.8591
21683.9	-22.8593
21694.7	-22.8595
21705.5	-22.8597
21716.2	-22.8599
21727	-22.86
21737.8	-22.8602
21748.5	-22.8604
21759.3	-22.8605
21770.1	-22.8607
21780.8	-22.8608
21791.6	-22.861
21802.4	-22.8611
21813.1	-22.8612
21823.9	-22.8614
21834.7	-22.8615
21845.4	-22.8616
21856.2	-22.8617
21867	-22.8618
21877.7	-22.8619
21888.5	-22.862
21899.3	-22.8621
21910	-22.8621
21920.8	-22.8622
21931.6	-22.8623
21942.3	-22.8623
21953.1	-22.8624
21963.9	-22.8624
21974.6	-22.8625
21985.4	-22.8625
21996.2	-22.8626
22006.9	-22.8626
22017.7	-22.8626
22028.5	-22.8626
22039.2	-22.8626
22050	-22.8626
22060.8	-22.8626
22071.5	-22.8626
22082.3	-22.8626
22093.1	-22.8626
22103.8	-22.8626
22114.6	-22.8625
22125.4	-22.8625
22136.1	-22.8624
22146.9	-22.8624
22157.7	-22.8623
22168.4	-22.8623
22179.2	-22.8622
22190	-22.8621
22200.7	-22.8621
22211.5	-22.862
22222.3	-22.8619
22233	-22.8618
22243.8	-22.8617
22254.6	-22.8616
22265.3	-22.8615
22276.1	-22.8614
22286.9	-22.8612
22297.6	-22.8611
22308.4	-22.861
22319.2	-22.8608
22329.9	-22.8607
22340.7	-22.8605
22351.5	-22.8604
22362.2	-22.8602
22373	-22.86
22383.8	-22.8599
22394.5	-22.8597
22405.3	-22.8595
22416.1	-22.8593
22426.8	-22.8591
22437.6	-22.8589
22448.4	-22.8587
22459.1	-22.8585
22469.9	-22.8583
22480.7	-22.858
22491.4	-22.8578
22502.2	-22.8576
22513	-22.8573
22523.7	-22.8571
22534.5	-22.8568
22545.3	-22.8566
22556	-22.8563
22566.8	-22.856
22577.6	-22.8557
22588.3	-22.8555
22599.1	-22.8552
22609.9	-22.8549
22620.6	-22.8546
22631.4	-22.8543
22642.2	-22.854
22652.9	-22.8536
22663.7	-22.8533
22674.5	-22.853
22685.2	-22.8526
22696	-22.8523
22706.8	-22.8519
22717.5	-22.8516
22728.3	-22.8512
22739.1	-22.8509
22749.8	-22.8505
22760.6	-22.8501
22771.4	-22.8497
22782.1	-22.8494
22792.9	-22.849
22803.7	-22.8486
22814.4	-22.8482
22825.2	-22.8478
22836	-22.8473
22846.7	-22.8469
22857.5	-22.8465
22868.3	-22.846
22879	-22.8456
22889.8	-22.8452
22900.6	-22.8447
22911.3	-22.8442
22922.1	-22.8438
22932.9	-22.8433
22943.6	-22.8428
22954.4	-22.8424
22965.2	-22.8419
22975.9	-22.8414
22986.7	-22.8409
22997.5	-22.8404
23008.2	-22.8399
23019	-22.8394
23029.8	-22.8388
23040.5	-22.8383
23051.3	-22.8378
23062.1	-22.8372
23072.8	-22.8367
23083.6	-22.8362
23094.4	-22.8356
23105.1	-22.835
23115.9	-22.8345
23126.7	-22.8339
23137.4	-22.8333
23148.2	-22.8328
23159	-22.8322
23169.7	-22.8316
23180.5	-22.831
23191.3	-22.8304
23202	-22.8297
23212.8	-22.8291
23223.6	-22.8285
23234.3	-22.8279
23245.1	-22.8272
23255.9	-22.8266
23266.6	-22.8259
23277.4	-22.8253
23288.2	-22.8246
23298.9	-22.824
23309.7	-22.8233
23320.5	-22.8226
23331.2	-22.8219
23342	-22.8212
23352.8	-22.8206
23363.5	-22.8198
23374.3	-22.8192
23385.1	-22.8184
23395.8	-22.8177
23406.6	-22.817
23417.4	-22.8163
23428.1	-22.8155
23438.9	-22.8148
23449.7	-22.814
23460.4	-22.8133
23471.2	-22.8125
23482	-22.8118
23492.7	-22.811
23503.5	-22.8102
23514.3	-22.8095
23525	-22.8087
23535.8	-22.8079
23546.6	-22.8071
23557.3	-22.8063
23568.1	-22.8055
23578.9	-22.8046
23589.6	-22.8038
23600.4	-22.803
23611.2	-22.8022
23621.9	-22.8013
23632.7	-22.8005
23643.5	-22.7996
23654.2	-22.7988
23665	-22.7979
23675.8	-22.797
23686.5	-22.7962
23697.3	-22.7953
23708.1	-22.7944
23718.8	-22.7935
23729.6	-22.7926
23740.4	-22.7917
23751.1	-22.7908
23761.9	-22.7899
23772.7	-22.789
23783.4	-22.788
23794.2	-22.7871
23805	-22.7862
23815.7	-22.7852
23826.5	-22.7843
23837.3	-22.7833
23848	-22.7823
23858.8	-22.7814
23869.6	-22.7804
23880.3	-22.7794
23891.1	-22.7784
23901.9	-22.7775
23912.6	-22.7764
23923.4	-22.7755
23934.2	-22.7744
23944.9	-22.7734
23955.7	-22.7724
23966.5	-22.7714
23977.2	-22.7703
23988	-22.7693
23998.8	-22.7683
24009.5	-22.7672
24020.3	-22.7662
24031.1	-22.7651
24041.8	-22.764
24052.6	-22.7629
24063.4	-22.7619
24074.1	-22.7608
24084.9	-22.7597
24095.7	-22.7586
24106.4	-22.7575
24117.2	-22.7564
24128	-22.7553
24138.7	-22.7542
24149.5	-22.753
24160.3	-22.7519
24171	-22.7508
24181.8	-22.7496
24192.6	-22.7484
24203.3	-22.7473
24214.1	-22.7461
24224.9	-22.745
24235.6	-22.7438
24246.4	-22.7426
24257.2	-22.7414
24267.9	-22.7402
24278.7	-22.739
24289.5	-22.7378
24300.2	-22.7366
24311	-22.7354
24321.8	-22.7342
24332.5	-22.733
24343.3	-22.7317
24354.1	-22.7305
24364.8	-22.7292
24375.6	-22.728
24386.4	-22.7267
24397.1	-22.7255
24407.9	-22.7242
24418.7	-22.7229
24429.4	-22.7216
24440.2	-22.7203
24451	-22.719
24461.7	-22.7178
24472.5	-22.7164
24483.3	-22.7151
24494	-22.7138
24504.8	-22.7125
24515.6	-22.7112
24526.3	-22.7098
24537.1	-22.7085
24547.9	-22.7071
24558.6	-22.7058
24569.4	-22.7044
24580.2	-22.7031
24590.9	-22.7017
24601.7	-22.7003
24612.5	-22.699
24623.2	-22.6975
24634	-22.6962
24644.8	-22.6947
24655.5	-22.6933
24666.3	-22.6919
24677.1	-22.6905
24687.8	-22.6891
24698.6	-22.6876
24709.4	-22.6862
24720.1	-22.6848
24730.9	-22.6833
24741.7	-22.6819
24752.4	-22.6804
24763.2	-22.6789
24774	-22.6775
24784.7	-22.676
24795.5	-22.6745
24806.2	-22.673
24817	-22.6715
24827.8	-22.67
24838.5	-22.6685
24849.3	-22.667
24860.1	-22.6655
24870.8	-22.6639
24881.6	-22.6624
24892.4	-22.6609
24903.1	-22.6593
24913.9	-22.6577
24924.7	-22.6562
24935.4	-22.6546
24946.2	-22.6531
24957	-22.6515
24967.7	-22.6499
24978.5	-22.6483
24989.3	-22.6467
25000	-22.6451
25010.8	-22.6435
25021.6	-22.6419
25032.3	-22.6403
25043.1	-22.6386
25053.9	-22.637
25064.6	-22.6354
25075.4	-22.6337
25086.2	-22.6321
25096.9	-22.6304
25107.7	-22.6288
25118.5	-22.6271
25129.2	-22.6254
25140	-22.6237
25150.8	-22.6221
25161.5	-22.6204
25172.3	-22.6187
25183.1	-22.617
25193.8	-22.6152
25204.6	-22.6135
25215.4	-22.6118
25226.1	-22.6101
25236.9	-22.6083
25247.7	-22.6066
25258.4	-22.6048
25269.2	-22.6031
25280	-22.6013
25290.7	-22.5996
25301.5	-22.5978
25312.3	-22.596
25323	-22.5942
25333.8	-22.5924
25344.6	-22.5906
25355.3	-22.5888
25366.1	-22.587
25376.9	-22.5852
25387.6	-22.5834
25398.4	-22.5816
25409.2	-22.5797
25419.9	-22.5779
25430.7	-22.576
25441.5	-22.5742
25452.2	-22.5723
25463	-22.5704
25473.8	-22.5686
25484.5	-22.5667
25495.3	-22.5648
25506.1	-22.5629
25516.8	-22.561
25527.6	-22.5591
25538.4	-22.5572
25549.1	-22.5553
25559.9	-22.5534
25570.7	-22.5514
25581.4	-22.5495
25592.2	-22.5476
25603	-22.5456
25613.7	-22.5437
25624.5	-22.5417
25635.3	-22.5397
25646	-22.5378
25656.8	-22.5358
25667.6	-22.5338
25678.3	-22.5318
25689.1	-22.5298
25699.9	-22.5278
25710.6	-22.5258
25721.4	-22.5238
25732.2	-22.5218
25742.9	-22.5197
25753.7	-22.5177
25764.5	-22.5157
25775.2	-22.5136
25786	-22.5115
25796.8	-22.5095
25807.5	-22.5074
25818.3	-22.5053
25829.1	-22.5033
25839.8	-22.5012
25850.6	-22.4991
25861.4	-22.497
25872.1	-22.4949
25882.9	-22.4928
25893.7	-22.4906
25904.4	-22.4885
25915.2	-22.4864
25926	-22.4842
25936.7	-22.4821
25947.5	-22.48
25958.3	-22.4778
25969	-22.4756
25979.8	-22.4735
25990.6	-22.4713
26001.3	-22.4691
26012.1	-22.4669
26022.9	-22.4647
26033.6	-22.4625
26044.4	-22.4603
26055.2	-22.4581
26065.9	-22.4559
26076.7	-22.4536
26087.5	-22.4514
26098.2	-22.4492
26109	-22.4469
26119.8	-22.4447
26130.5	-22.4424
26141.3	-22.4401
26152.1	-22.4379
26162.8	-22.4356
26173.6	-22.4333
26184.4	-22.431
26195.1	-22.4287
26205.9	-22.4264
26216.7	-22.4241
26227.4	-22.4218
26238.2	-22.4195
26249	-22.4171
26259.7	-22.4148
26270.5	-22.4124
26281.3	-22.4101
26292	-22.4077
26302.8	-22.4054
26313.6	-22.403
26324.3	-22.4006
26335.1	-22.3982
26345.9	-22.3958
26356.6	-22.3934
26367.4	-22.3911
26378.2	-22.3886
26388.9	-22.3862
26399.7	-22.3838
26410.5	-22.3814
26421.2	-22.3789
26432	-22.3765
26442.8	-22.374
26453.5	-22.3716
26464.3	-22.3691
26475.1	-22.3667
26485.8	-22.3642
26496.6	-22.3617
26507.4	-22.3592
26518.1	-22.3567
26528.9	-22.3542
26539.7	-22.3517
26550.4	-22.3492
26561.2	-22.3467
26572	-22.3441
26582.7	-22.3416
26593.5	-22.3391
26604.3	-22.3365
26615	-22.3339
26625.8	-22.3314
26636.6	-22.3288
26647.3	-22.3263
26658.1	-22.3237
26668.9	-22.3211
26679.6	-22.3185
26690.4	-22.3159
26701.2	-22.3133
26711.9	-22.3106
26722.7	-22.308
26733.5	-22.3054
26744.2	-22.3028
26755	-22.3001
26765.8	-22.2975
26776.5	-22.2948
26787.3	-22.2921
26798.1	-22.2895
26808.8	-22.2868
26819.6	-22.2841
26830.4	-22.2814
26841.1	-22.2787
26851.9	-22.276
26862.7	-22.2733
26873.4	-22.2706
26884.2	-22.2679
26895	-22.2652
26905.7	-22.2624
26916.5	-22.2597
26927.3	-22.2569
26938	-22.2541
26948.8	-22.2514
26959.6	-22.2486
26970.3	-22.2458
26981.1	-22.2431
26991.9	-22.2403
27002.6	-22.2375
27013.4	-22.2347
27024.2	-22.2318
27034.9	-22.229
27045.7	-22.2262
27056.5	-22.2234
27067.2	-22.2205
27078	-22.2177
27088.8	-22.2148
27099.5	-22.212
27110.3	-22.2091
27121.1	-22.2062
27131.8	-22.2033
27142.6	-22.2004
27153.4	-22.1975
27164.1	-22.1946
27174.9	-22.1917
27185.7	-22.1888
27196.4	-22.1859
27207.2	-22.183
27218	-22.18
27228.7	-22.1771
27239.5	-22.1741
27250.3	-22.1712
27261	-22.1682
27271.8	-22.1652
27282.6	-22.1622
27293.3	-22.1593
27304.1	-22.1563
27314.9	-22.1533
27325.6	-22.1503
27336.4	-22.1472
27347.2	-22.1442
27357.9	-22.1412
27368.7	-22.1381
27379.5	-22.1351
27390.2	-22.132
27401	-22.129
27411.8	-22.1259
27422.5	-22.1229
27433.3	-22.1198
27444.1	-22.1167
27454.8	-22.1136
27465.6	-22.1105
27476.4	-22.1074
27487.1	-22.1043
27497.9	-22.1012
27508.7	-22.098
27519.4	-22.0949
27530.2	-22.0918
27541	-22.0886
27551.7	-22.0854
27562.5	-22.0823
27573.3	-22.0791
27584	-22.0759
27594.8	-22.0727
27605.6	-22.0696
27616.3	-22.0664
27627.1	-22.0632
27637.9	-22.0599
27648.6	-22.0567
27659.4	-22.0535
27670.2	-22.0503
27680.9	-22.047
27691.7	-22.0438
27702.5	-22.0405
27713.2	-22.0372
27724	-22.034
27734.8	-22.0307
27745.5	-22.0274
27756.3	-22.0241
27767.1	-22.0208
27777.8	-22.0175
27788.6	-22.0142
27799.4	-22.0108
27810.1	-22.0075
27820.9	-22.0042
27831.7	-22.0008
27842.4	-21.9975
27853.2	-21.9941
27864	-21.9907
27874.7	-21.9874
27885.5	-21.984
27896.3	-21.9806
27907	-21.9772
27917.8	-21.9738
27928.6	-21.9704
27939.3	-21.9669
27950.1	-21.9635
27960.9	-21.9601
27971.6	-21.9566
27982.4	-21.9532
27993.2	-21.9497
28003.9	-21.9462
28014.7	-21.9428
28025.5	-21.9393
28036.2	-21.9358
28047	-21.9323
28057.8	-21.9288
28068.5	-21.9253
28079.3	-21.9218
28090.1	-21.9183
28100.8	-21.9147
28111.6	-21.9112
28122.4	-21.9077
28133.1	-21.9041
28143.9	-21.9005
28154.7	-21.897
28165.4	-21.8934
28176.2	-21.8898
28187	-21.8862
28197.7	-21.8826
28208.5	-21.879
28219.3	-21.8754
28230	-21.8718
28240.8	-21.8681
28251.6	-21.8645
28262.3	-21.8608
28273.1	-21.8572
28283.9	-21.8535
28294.6	-21.8499
28305.4	-21.8462
28316.2	-21.8425
28326.9	-21.8388
28337.7	-21.8351
28348.5	-21.8314
28359.2	-21.8277
28370	-21.8239
28380.8	-21.8202
28391.5	-21.8165
28402.3	-21.8127
28413.1	-21.809
28423.8	-21.8052
28434.6	-21.8014
28445.4	-21.7976
28456.1	-21.7939
28466.9	-21.7901
28477.7	-21.7863
28488.4	-21.7825
28499.2	-21.7786
28510	-21.7748
28520.7	-21.771
28531.5	-21.7671
28542.3	-21.7633
28553	-21.7594
28563.8	-21.7556
28574.6	-21.7517
28585.3	-21.7478
28596.1	-21.7439
28606.9	-21.74
28617.6	-21.7361
28628.4	-21.7322
28639.2	-21.7283
28649.9	-21.7244
28660.7	-21.7204
28671.5	-21.7165
28682.2	-21.7125
28693	-21.7085
28703.8	-21.7046
28714.5	-21.7006
28725.3	-21.6966
28736.1	-21.6926
28746.8	-21.6886
28757.6	-21.6846
28768.4	-21.6806
28779.1	-21.6766
28789.9	-21.6725
28800.7	-21.6685
28811.4	-21.6645
28822.2	-21.6604
28833	-21.6563
28843.7	-21.6523
28854.5	-21.6482
28865.3	-21.6441
28876	-21.64
28886.8	-21.6359
28897.6	-21.6318
28908.3	-21.6276
28919.1	-21.6235
28929.9	-21.6194
28940.6	-21.6152
28951.4	-21.611
28962.2	-21.6069
28972.9	-21.6027
28983.7	-21.5985
28994.5	-21.5944
29005.2	-21.5901
29016	-21.586
29026.8	-21.5817
29037.5	-21.5775
29048.3	-21.5733
29059.1	-21.569
29069.8	-21.5648
29080.6	-21.5605
29091.4	-21.5563
29102.1	-21.552
29112.9	-21.5477
29123.7	-21.5434
29134.4	-21.5391
29145.2	-21.5348
29156	-21.5305
29166.7	-21.5262
29177.5	-21.5218
29188.3	-21.5175
29199	-21.5131
29209.8	-21.5088
29220.6	-21.5044
29231.3	-21.5001
29242.1	-21.4957
29252.9	-21.4913
29263.6	-21.4869
29274.4	-21.4825
29285.2	-21.478
29295.9	-21.4736
29306.7	-21.4692
29317.5	-21.4647
29328.2	-21.4603
29339	-21.4558
29349.8	-21.4513
29360.5	-21.4469
29371.3	-21.4424
29382.1	-21.4379
29392.8	-21.4334
29403.6	-21.4288
29414.4	-21.4243
29425.1	-21.4198
29435.9	-21.4153
29446.7	-21.4107
29457.4	-21.4062
29468.2	-21.4016
29479	-21.397
29489.7	-21.3924
29500.5	-21.3878
29511.3	-21.3832
29522	-21.3786
29532.8	-21.374
29543.6	-21.3694
29554.3	-21.3647
29565.1	-21.3601
29575.9	-21.3554
29586.6	-21.3508
29597.4	-21.3461
29608.2	-21.3414
29618.9	-21.3367
29629.7	-21.332
29640.5	-21.3273
29651.2	-21.3226
29662	-21.3179
29672.8	-21.3131
29683.5	-21.3084
29694.3	-21.3036
29705.1	-21.2989
29715.8	-21.2941
29726.6	-21.2893
29737.4	-21.2845
29748.1	-21.2797
29758.9	-21.2749
29769.7	-21.2701
29780.4	-21.2653
29791.2	-21.2604
29802	-21.2556
29812.7	-21.2507
29823.5	-21.2459
29834.3	-21.241
29845	-21.2361
29855.8	-21.2312
29866.6	-21.2263
29877.3	-21.2214
29888.1	-21.2165
29898.9	-21.2116
29909.6	-21.2066
29920.4	-21.2017
29931.2	-21.1967
29941.9	-21.1917
29952.7	-21.1868
29963.5	-21.1818
29974.2	-21.1768
29985	-21.1718
29995.8	-21.1668
30006.5	-21.1617
30017.3	-21.1567
30028.1	-21.1516
30038.8	-21.1466
30049.6	-21.1415
30060.4	-21.1365
30071.1	-21.1314
30081.9	-21.1263
30092.7	-21.1212
30103.4	-21.1161
30114.2	-21.111
30125	-21.1058
30135.7	-21.1007
30146.5	-21.0955
30157.3	-21.0904
30168	-21.0852
30178.8	-21.08
30189.6	-21.0749
30200.3	-21.0696
30211.1	-21.0644
30221.9	-21.0592
30232.6	-21.054
30243.4	-21.0488
30254.2	-21.0435
30264.9	-21.0383
30275.7	-21.033
30286.5	-21.0277
30297.2	-21.0224
30308	-21.0171
30318.8	-21.0118
30329.5	-21.0065
30340.3	-21.0012
30351	-20.9959
30361.8	-20.9905
30372.6	-20.9851
30383.3	-20.9798
30394.1	-20.9744
30404.9	-20.969
30415.6	-20.9636
30426.4	-20.9582
30437.2	-20.9528
30447.9	-20.9474
30458.7	-20.9419
30469.5	-20.9365
30480.2	-20.931
30491	-20.9256
30501.8	-20.9201
30512.5	-20.9146
30523.3	-20.9091
30534.1	-20.9036
30544.8	-20.8981
30555.6	-20.8926
30566.4	-20.887
30577.1	-20.8815
30587.9	-20.8759
30598.7	-20.8703
30609.4	-20.8648
30620.2	-20.8592
30631	-20.8536
30641.7	-20.8479
30652.5	-20.8423
30663.3	-20.8367
30674	-20.8311
30684.8	-20.8254
30695.6	-20.8197
30706.3	-20.8141
30717.1	-20.8084
30727.9	-20.8027
30738.6	-20.797
30749.4	-20.7913
30760.2	-20.7855
30770.9	-20.7798
30781.7	-20.774
30792.5	-20.7683
30803.2	-20.7625
30814	-20.7567
30824.8	-20.7509
30835.5	-20.7451
30846.3	-20.7393
30857.1	-20.7335
30867.8	-20.7276
30878.6	-20.7218
30889.4	-20.716
30900.1	-20.7101
30910.9	-20.7042
30921.7	-20.6983
30932.4	-20.6924
30943.2	-20.6865
30954	-20.6806
30964.7	-20.6746
30975.5	-20.6687
30986.3	-20.6627
30997	-20.6568
31007.8	-20.6508
31018.6	-20.6448
31029.3	-20.6388
31040.1	-20.6328
31050.9	-20.6268
31061.6	-20.6207
31072.4	-20.6147
31083.2	-20.6086
31093.9	-20.6025
31104.7	-20.5965
31115.5	-20.5904
31126.2	-20.5843
31137	-20.5782
31147.8	-20.572
31158.5	-20.5659
31169.3	-20.5598
31180.1	-20.5536
31190.8	-20.5474
31201.6	-20.5412
31212.4	-20.535
31223.1	-20.5289
31233.9	-20.5226
31244.7	-20.5164
31255.4	-20.5101
31266.2	-20.5039
31277	-20.4976
31287.7	-20.4914
31298.5	-20.4851
31309.3	-20.4788
31320	-20.4724
31330.8	-20.4661
31341.6	-20.4598
31352.3	-20.4534
31363.1	-20.4471
31373.9	-20.4407
31384.6	-20.4343
31395.4	-20.428
31406.2	-20.4215
31416.9	-20.4151
31427.7	-20.4087
31438.5	-20.4022
31449.2	-20.3958
31460	-20.3893
31470.8	-20.3829
31481.5	-20.3764
31492.3	-20.3698
31503.1	-20.3634
31513.8	-20.3568
31524.6	-20.3503
31535.4	-20.3437
31546.1	-20.3372
31556.9	-20.3306
31567.7	-20.324
31578.4	-20.3174
31589.2	-20.3108
31600	-20.3041
31610.7	-20.2975
31621.5	-20.2909
31632.3	-20.2842
31643	-20.2775
31653.8	-20.2708
31664.6	-20.2641
31675.3	-20.2574
31686.1	-20.2507
31696.9	-20.2439
31707.6	-20.2372
31718.4	-20.2304
31729.2	-20.2236
31739.9	-20.2168
31750.7	-20.2101
31761.5	-20.2032
31772.2	-20.1964
31783	-20.1896
31793.8	-20.1827
31804.5	-20.1758
31815.3	-20.169
31826.1	-20.1621
31836.8	-20.1552
31847.6	-20.1482
31858.4	-20.1413
31869.1	-20.1344
31879.9	-20.1274
31890.7	-20.1204
31901.4	-20.1134
31912.2	-20.1064
31923	-20.0994
31933.7	-20.0924
31944.5	-20.0854
31955.3	-20.0783
31966	-20.0712
31976.8	-20.0642
31987.6	-20.0571
31998.3	-20.0499
32009.1	-20.0428
32019.9	-20.0357
32030.6	-20.0286
32041.4	-20.0214
32052.2	-20.0142
32062.9	-20.007
32073.7	-19.9998
32084.5	-19.9926
32095.2	-19.9854
32106	-19.9781
32116.8	-19.9709
32127.5	-19.9636
32138.3	-19.9563
32149.1	-19.949
32159.8	-19.9417
32170.6	-19.9344
32181.4	-19.927
32192.1	-19.9197
32202.9	-19.9123
32213.7	-19.9049
32224.4	-19.8975
32235.2	-19.8901
32246	-19.8827
32256.7	-19.8753
32267.5	-19.8678
32278.3	-19.8603
32289	-19.8529
32299.8	-19.8453
32310.6	-19.8378
32321.3	-19.8303
32332.1	-19.8228
32342.9	-19.8152
32353.6	-19.8076
32364.4	-19.8001
32375.2	-19.7925
32385.9	-19.7848
32396.7	-19.7772
32407.5	-19.7696
32418.2	-19.7619
32429	-19.7542
32439.8	-19.7465
32450.5	-19.7388
32461.3	-19.7311
32472.1	-19.7234
32482.8	-19.7156
32493.6	-19.7079
32504.4	-19.7001
32515.1	-19.6923
32525.9	-19.6845
32536.7	-19.6766
32547.4	-19.6688
32558.2	-19.661
32569	-19.6531
32579.7	-19.6452
32590.5	-19.6373
32601.3	-19.6294
32612	-19.6214
32622.8	-19.6135
32633.6	-19.6055
32644.3	-19.5976
32655.1	-19.5896
32665.9	-19.5815
32676.6	-19.5735
32687.4	-19.5655
32698.2	-19.5574
32708.9	-19.5493
32719.7	-19.5412
32730.5	-19.5331
32741.2	-19.525
32752	-19.5169
32762.8	-19.5087
32773.5	-19.5005
32784.3	-19.4923
32795.1	-19.4841
32805.8	-19.4759
32816.6	-19.4677
32827.4	-19.4594
32838.1	-19.4512
32848.9	-19.4429
32859.7	-19.4346
32870.4	-19.4263
32881.2	-19.4179
32892	-19.4096
32902.7	-19.4012
32913.5	-19.3928
32924.3	-19.3844
32935	-19.376
32945.8	-19.3675
32956.6	-19.3591
32967.3	-19.3506
32978.1	-19.3421
32988.9	-19.3336
32999.6	-19.3251
33010.4	-19.3165
33021.2	-19.308
33031.9	-19.2994
33042.7	-19.2908
33053.5	-19.2822
33064.2	-19.2736
33075	-19.2649
33085.8	-19.2563
33096.5	-19.2476
33107.3	-19.2389
33118.1	-19.2302
33128.8	-19.2214
33139.6	-19.2127
33150.4	-19.2039
33161.1	-19.1951
33171.9	-19.1863
33182.7	-19.1775
33193.4	-19.1687
33204.2	-19.1598
33215	-19.1509
33225.7	-19.142
33236.5	-19.1331
33247.3	-19.1242
33258	-19.1152
33268.8	-19.1062
33279.6	-19.0972
33290.3	-19.0883
33301.1	-19.0792
33311.9	-19.0702
33322.6	-19.0611
33333.4	-19.052
33344.2	-19.0429
33354.9	-19.0338
33365.7	-19.0246
33376.5	-19.0155
33387.2	-19.0063
33398	-18.9971
33408.8	-18.9879
33419.5	-18.9787
33430.3	-18.9694
33441.1	-18.9601
33451.8	-18.9508
33462.6	-18.9415
33473.4	-18.9322
33484.1	-18.9228
33494.9	-18.9135
33505.7	-18.9041
33516.4	-18.8946
33527.2	-18.8852
33538	-18.8758
33548.7	-18.8663
33559.5	-18.8568
33570.3	-18.8473
33581	-18.8377
33591.8	-18.8282
33602.6	-18.8186
33613.3	-18.809
33624.1	-18.7994
33634.9	-18.7897
33645.6	-18.7801
33656.4	-18.7704
33667.2	-18.7607
33677.9	-18.751
33688.7	-18.7412
33699.5	-18.7315
33710.2	-18.7217
33721	-18.7119
33731.8	-18.702
33742.5	-18.6922
33753.3	-18.6823
33764.1	-18.6724
33774.8	-18.6625
33785.6	-18.6526
33796.4	-18.6426
33807.1	-18.6327
33817.9	-18.6226
33828.7	-18.6126
33839.4	-18.6026
33850.2	-18.5925
33861	-18.5824
33871.7	-18.5723
33882.5	-18.5622
33893.3	-18.552
33904	-18.5418
33914.8	-18.5316
33925.6	-18.5214
33936.3	-18.5112
33947.1	-18.5009
33957.9	-18.4906
33968.6	-18.4803
33979.4	-18.4699
33990.2	-18.4596
34000.9	-18.4492
34011.7	-18.4388
34022.5	-18.4283
34033.2	-18.4179
34044	-18.4074
34054.8	-18.3969
34065.5	-18.3864
34076.3	-18.3758
34087.1	-18.3652
34097.8	-18.3546
34108.6	-18.344
34119.4	-18.3333
34130.1	-18.3227
34140.9	-18.312
34151.7	-18.3012
34162.4	-18.2905
34173.2	-18.2797
34184	-18.2689
34194.7	-18.2581
34205.5	-18.2473
34216.3	-18.2364
34227	-18.2255
34237.8	-18.2146
34248.6	-18.2036
34259.3	-18.1926
34270.1	-18.1816
34280.9	-18.1706
34291.6	-18.1596
34302.4	-18.1485
34313.2	-18.1374
34323.9	-18.1262
34334.7	-18.1151
34345.5	-18.1039
34356.2	-18.0927
34367	-18.0815
34377.8	-18.0702
34388.5	-18.0589
34399.3	-18.0476
34410.1	-18.0362
34420.8	-18.0249
34431.6	-18.0135
34442.4	-18.002
34453.1	-17.9906
34463.9	-17.9791
34474.7	-17.9676
34485.4	-17.9561
34496.2	-17.9445
34507	-17.9329
34517.7	-17.9213
34528.5	-17.9096
34539.3	-17.898
34550	-17.8862
34560.8	-17.8745
34571.6	-17.8627
34582.3	-17.851
34593.1	-17.8391
34603.9	-17.8273
34614.6	-17.8154
34625.4	-17.8035
34636.2	-17.7915
34646.9	-17.7796
34657.7	-17.7676
34668.5	-17.7555
34679.2	-17.7435
34690	-17.7314
34700.8	-17.7193
34711.5	-17.7071
34722.3	-17.6949
34733.1	-17.6827
34743.8	-17.6705
34754.6	-17.6582
34765.4	-17.6459
34776.1	-17.6336
34786.9	-17.6212
34797.7	-17.6088
34808.4	-17.5964
34819.2	-17.5839
34830	-17.5714
34840.7	-17.5589
34851.5	-17.5463
34862.3	-17.5337
34873	-17.5211
34883.8	-17.5084
34894.6	-17.4957
34905.3	-17.483
34916.1	-17.4703
34926.9	-17.4575
34937.6	-17.4447
34948.4	-17.4318
34959.2	-17.4189
34969.9	-17.406
34980.7	-17.393
34991.5	-17.38
35002.2	-17.367
35013	-17.3539
35023.8	-17.3408
35034.5	-17.3277
35045.3	-17.3145
35056.1	-17.3013
35066.8	-17.2881
35077.6	-17.2748
35088.4	-17.2615
35099.1	-17.2481
35109.9	-17.2347
35120.7	-17.2213
35131.4	-17.2079
35142.2	-17.1944
35153	-17.1808
35163.7	-17.1673
35174.5	-17.1536
35185.3	-17.14
35196	-17.1263
35206.8	-17.1126
35217.6	-17.0988
35228.3	-17.085
35239.1	-17.0712
35249.9	-17.0573
35260.6	-17.0434
35271.4	-17.0294
35282.2	-17.0155
35292.9	-17.0014
35303.7	-16.9874
35314.5	-16.9732
35325.2	-16.9591
35336	-16.9449
35346.8	-16.9306
35357.5	-16.9164
35368.3	-16.9021
35379.1	-16.8877
35389.8	-16.8733
35400.6	-16.8589
35411.4	-16.8444
35422.1	-16.8298
35432.9	-16.8153
35443.7	-16.8007
35454.4	-16.786
35465.2	-16.7713
35476	-16.7566
35486.7	-16.7418
35497.5	-16.727
35508.3	-16.7121
35519	-16.6972
35529.8	-16.6822
35540.6	-16.6672
35551.3	-16.6521
35562.1	-16.637
35572.9	-16.6219
35583.6	-16.6067
35594.4	-16.5915
35605.2	-16.5762
35615.9	-16.5608
35626.7	-16.5455
35637.5	-16.53
35648.2	-16.5146
35659	-16.4991
35669.8	-16.4835
35680.5	-16.4679
35691.3	-16.4522
35702.1	-16.4365
35712.8	-16.4207
35723.6	-16.4049
35734.4	-16.389
35745.1	-16.3731
35755.9	-16.3572
35766.7	-16.3411
35777.4	-16.3251
35788.2	-16.3089
35799	-16.2928
35809.7	-16.2766
35820.5	-16.2603
35831.2	-16.2439
35842	-16.2276
35852.8	-16.2111
35863.5	-16.1946
35874.3	-16.1781
35885.1	-16.1615
35895.8	-16.1448
35906.6	-16.1281
35917.4	-16.1114
35928.1	-16.0945
35938.9	-16.0777
35949.7	-16.0607
35960.4	-16.0437
35971.2	-16.0267
35982	-16.0096
35992.7	-15.9924
36003.5	-15.9752
36014.3	-15.9579
36025	-15.9406
36035.8	-15.9232
36046.6	-15.9057
36057.3	-15.8882
36068.1	-15.8706
36078.9	-15.8529
36089.6	-15.8352
36100.4	-15.8175
36111.2	-15.7996
36121.9	-15.7817
36132.7	-15.7638
36143.5	-15.7458
36154.2	-15.7276
36165	-15.7095
36175.8	-15.6913
36186.5	-15.673
36197.3	-15.6547
36208.1	-15.6362
36218.8	-15.6177
36229.6	-15.5992
36240.4	-15.5806
36251.1	-15.5619
36261.9	-15.5431
36272.7	-15.5243
36283.4	-15.5054
36294.2	-15.4864
36305	-15.4674
36315.7	-15.4483
36326.5	-15.4291
36337.3	-15.4098
36348	-15.3905
36358.8	-15.3711
36369.6	-15.3516
36380.3	-15.3321
36391.1	-15.3124
36401.9	-15.2927
36412.6	-15.2729
36423.4	-15.2531
36434.2	-15.2331
36444.9	-15.2131
36455.7	-15.193
36466.5	-15.1728
36477.2	-15.1525
36488	-15.1322
36498.8	-15.1118
36509.5	-15.0913
36520.3	-15.0707
36531.1	-15.05
36541.8	-15.0293
36552.6	-15.0084
36563.4	-14.9875
36574.1	-14.9665
36584.9	-14.9454
36595.7	-14.9242
36606.4	-14.9029
36617.2	-14.8815
36628	-14.8601
36638.7	-14.8385
36649.5	-14.8169
36660.3	-14.7951
36671	-14.7733
36681.8	-14.7514
36692.6	-14.7293
36703.3	-14.7072
36714.1	-14.685
36724.9	-14.6627
36735.6	-14.6403
36746.4	-14.6178
36757.2	-14.5952
36767.9	-14.5725
36778.7	-14.5497
36789.5	-14.5268
36800.2	-14.5038
36811	-14.4806
36821.8	-14.4574
36832.5	-14.4341
36843.3	-14.4106
36854.1	-14.3871
36864.8	-14.3634
36875.6	-14.3397
36886.4	-14.3158
36897.1	-14.2918
36907.9	-14.2677
36918.7	-14.2435
36929.4	-14.2191
36940.2	-14.1947
36951	-14.1701
36961.7	-14.1454
36972.5	-14.1206
36983.3	-14.0957
36994	-14.0706
37004.8	-14.0454
37015.6	-14.0201
37026.3	-13.9947
37037.1	-13.9691
37047.9	-13.9434
37058.6	-13.9176
37069.4	-13.8917
37080.2	-13.8656
37090.9	-13.8394
37101.7	-13.813
37112.5	-13.7865
37123.2	-13.7599
37134	-13.7331
37144.8	-13.7062
37155.5	-13.6792
37166.3	-13.652
37177.1	-13.6247
37187.8	-13.5972
37198.6	-13.5695
37209.4	-13.5417
37220.1	-13.5138
37230.9	-13.4857
37241.7	-13.4575
37252.4	-13.4291
37263.2	-13.4005
37274	-13.3718
37284.7	-13.3429
37295.5	-13.3139
37306.3	-13.2847
37317	-13.2553
37327.8	-13.2257
37338.6	-13.196
37349.3	-13.1661
37360.1	-13.136
37370.9	-13.1058
37381.6	-13.0753
37392.4	-13.0447
37403.2	-13.014
37413.9	-12.983
37424.7	-12.9518
37435.5	-12.9204
37446.2	-12.8889
37457	-12.8572
37467.8	-12.8252
37478.5	-12.7931
37489.3	-12.7607
37500.1	-12.7282
37510.8	-12.6954
37521.6	-12.6624
37532.4	-12.6293
37543.1	-12.5959
37553.9	-12.5623
37564.7	-12.5284
37575.4	-12.4944
37586.2	-12.4601
37597	-12.4256
37607.7	-12.3908
37618.5	-12.3559
37629.3	-12.3207
37640	-12.2852
37650.8	-12.2495
37661.6	-12.2135
37672.3	-12.1773
37683.1	-12.1409
37693.9	-12.1042
37704.6	-12.0672
37715.4	-12.03
37726.2	-11.9925
37736.9	-11.9547
37747.7	-11.9166
37758.5	-11.8783
37769.2	-11.8397
37780	-11.8007
37790.8	-11.7615
37801.5	-11.722
37812.3	-11.6822
37823.1	-11.6421
37833.8	-11.6017
37844.6	-11.561
37855.4	-11.5199
37866.1	-11.4786
37876.9	-11.4368
37887.7	-11.3948
37898.4	-11.3524
37909.2	-11.3097
37920	-11.2666
37930.7	-11.2232
37941.5	-11.1794
37952.3	-11.1353
37963	-11.0907
37973.8	-11.0458
37984.6	-11.0005
37995.3	-10.9549
38006.1	-10.9088
38016.9	-10.8623
38027.6	-10.8154
38038.4	-10.7681
38049.2	-10.7204
38059.9	-10.6722
38070.7	-10.6236
38081.5	-10.5745
38092.2	-10.525
38103	-10.4751
38113.8	-10.4246
38124.5	-10.3737
38135.3	-10.3223
38146.1	-10.2704
38156.8	-10.218
38167.6	-10.1651
38178.4	-10.1116
38189.1	-10.0576
38199.9	-10.0031
38210.7	-9.94805
38221.4	-9.89241
38232.2	-9.83619
38243	-9.7794
38253.7	-9.72199
38264.5	-9.66399
38275.3	-9.60536
38286	-9.54609
38296.8	-9.48618
38307.6	-9.42561
38318.3	-9.36437
38329.1	-9.30244
38339.9	-9.2398
38350.6	-9.17646
38361.4	-9.11237
38372.2	-9.04755
38382.9	-8.98195
38393.7	-8.91559
38404.5	-8.84841
38415.2	-8.78043
38426	-8.71162
38436.8	-8.64195
38447.5	-8.5714
38458.3	-8.49998
38469.1	-8.42763
38479.8	-8.35435
38490.6	-8.28012
38501.4	-8.20491
38512.1	-8.12869
38522.9	-8.05146
38533.7	-7.97315
38544.4	-7.89378
38555.2	-7.81331
38566	-7.73169
38576.7	-7.64892
38587.5	-7.56495
38598.3	-7.47975
38609	-7.3933
38619.8	-7.30556
38630.6	-7.21649
38641.3	-7.12605
38652.1	-7.03422
38662.9	-6.94094
38673.6	-6.84619
38684.4	-6.7499
38695.2	-6.65205
38705.9	-6.55259
38716.7	-6.45145
38727.5	-6.34861
38738.2	-6.244
38749	-6.13757
38759.8	-6.02925
38770.5	-5.919
38781.3	-5.80675
38792.1	-5.69243
38802.8	-5.57597
38813.6	-5.4573
38824.4	-5.33636
38835.1	-5.21305
38845.9	-5.0873
38856.7	-4.95901
38867.4	-4.8281
38878.2	-4.69448
38889	-4.55803
38899.7	-4.41866
38910.5	-4.27626
38921.3	-4.1307
38932	-3.98186
38942.8	-3.82961
38953.6	-3.67382
38964.3	-3.51434
38975.1	-3.35101
38985.9	-3.18368
38996.6	-3.01217
39007.4	-2.8363
39018.2	-2.65588
39028.9	-2.47071
39039.7	-2.28058
39050.5	-2.08525
39061.2	-1.88449
39072	-1.67804
39082.8	-1.46564
39093.5	-1.247
39104.3	-1.02183
39115.1	-0.789802
39125.8	-0.550591
39136.6	-0.303846
39147.4	-0.0491988
39158.1	0.213738
39168.9	0.485365
39179.7	0.766105
39190.4	1.05639
39201.2	1.35668
39212	1.66743
39222.7	1.98912
39233.5	2.32222
39244.3	2.66721
39255	3.02458
39265.8	3.39478
39276.6	3.77826
39287.3	4.17544
39298.1	4.58669
39308.9	5.01234
39319.6	5.45265
39330.4	5.9078
39341.2	6.37787
39351.9	6.86282
39362.7	7.36252
39373.5	7.87665
39384.2	8.40475
39395	8.94618
39405.8	9.50012
39416.5	10.0655
39427.3	10.6412
39438.1	11.2257
39448.8	11.8172
39459.6	12.414
39470.4	13.0139
39481.1	13.6145
39491.9	14.2132
39502.7	14.8073
39513.4	15.3937
39524.2	15.9693
39535	16.5304
39545.7	17.0735
39556.5	17.5948
39567.3	18.09
39578	18.555
39588.8	18.9854
39599.6	19.3766
39610.3	19.7239
39621.1	20.0228
39631.9	20.2691
39642.6	20.4587
39653.4	20.589
39664.2	20.6587
39674.9	20.6693
39685.7	20.6269
39696.5	20.5436
39707.2	20.4399
39718	20.3461
39728.8	20.3001
39739.5	20.3414
39750.3	20.4984
39761.1	20.7763
39771.8	21.1528
39782.6	21.5845
39793.4	22.0211
39804.1	22.4166
39814.9	22.7373
39825.7	22.9645
39836.4	23.0963
39847.2	23.1496
39858	23.1613
39868.7	23.1853
39879.5	23.2794
39890.3	23.4817
39901	23.7895
39911.8	24.1583
39922.6	24.5234
39933.3	24.8267
39944.1	25.0351
39954.9	25.1499
39965.6	25.2077
39976.4	25.2722
39987.2	25.409
39997.9	25.6481
40008.7	25.9623
40019.5	26.2839
40030.2	26.5452
40041	26.7129
40051.8	26.8033
40062.5	26.8772
40073.3	27.0081
40084.1	27.2326
40094.8	27.5196
40105.6	27.7945
40116.4	27.994
40127.1	28.1082
40137.9	28.1876
40148.7	28.3104
40159.4	28.5194
40170.2	28.7818
40181	29.0187
40191.7	29.1754
40202.5	29.2658
40213.3	29.3626
40224	29.5324
40234.8	29.7673
40245.6	29.9921
40256.3	30.1433
40267.1	30.2318
40277.9	30.3336
40288.6	30.5087
40299.4	30.731
40310.2	30.9186
40320.9	31.0306
40331.7	31.1141
40342.5	31.2496
40353.2	31.4492
40364	31.6397
40374.8	31.7598
40385.5	31.8401
40396.3	31.9635
40407.1	32.1497
40417.8	32.326
40428.6	32.4337
40439.4	32.513
40450.1	32.6448
40460.9	32.8257
40471.7	32.9732
40482.4	33.0571
40493.2	33.1474
40504	33.3011
40514.7	33.465
40525.5	33.5672
40536.3	33.6408
40547	33.7667
40557.8	33.9284
40568.6	34.0418
40579.3	34.1107
40590.1	34.2198
40600.9	34.3736
40611.6	34.4871
40622.4	34.553
40633.2	34.6564
40643.9	34.8028
40654.7	34.9065
40665.5	34.969
40676.2	35.0761
40687	35.2144
40697.8	35.3001
40708.5	35.3631
40719.3	35.481
40730.1	35.6036
40740.8	35.6678
40751.6	35.7433
40762.4	35.8699
40773.1	35.9628
40783.9	36.016
40794.7	36.1172
40805.4	36.2323
40816.2	36.29
40827	36.361
40837.7	36.4787
40848.5	36.5531
40859.3	36.6044
40870	36.7104
40880.8	36.8001
40891.6	36.8437
40902.3	36.9335
40913.1	37.0316
40923.9	37.0744
40934.6	37.15
40945.4	37.2504
40956.2	37.2941
40966.9	37.3597
40977.7	37.4588
40988.5	37.502
40999.2	37.562
41010	37.658
41020.8	37.698
41031.5	37.7567
41042.3	37.8481
41053.1	37.8826
41063.8	37.9442
41074.6	38.0286
41085.4	38.0567
41096.1	38.1249
41106.9	38.198
41117.7	38.222
41128.4	38.2989
41139.2	38.3545
41150	38.3817
41160.7	38.4639
41171.5	38.498
41182.3	38.5394
41193	38.6152
41203.8	38.6326
41214.6	38.6951
41225.3	38.7477
41236.1	38.7666
41246.9	38.8416
41257.6	38.8632
41268.4	38.9066
41279.2	38.9662
41289.9	38.9758
41300.7	39.0443
41311.5	39.066
41322.2	39.1009
41333	39.1573
41343.8	39.1624
41354.5	39.2275
41365.3	39.2402
41376	39.2783
41386.8	39.3217
41397.6	39.3276
41408.3	39.3895
41419.1	39.388
41429.9	39.4389
41440.6	39.4566
41451.4	39.4784
41462.2	39.522
41472.9	39.5191
41483.7	39.5755
41494.5	39.5664
41505.2	39.6158
41516	39.6182
41526.8	39.647
41537.5	39.6693
41548.3	39.6748
41559.1	39.7145
41569.8	39.7031
41580.6	39.7517
41591.4	39.7328
41602.1	39.7807
41612.9	39.7631
41623.7	39.8031
41634.4	39.7923
41645.2	39.8206
41656	39.8189
41666.7	39.8345
41677.5	39.8416
41688.3	39.8458
41699	39.86
41709.8	39.8548
41720.6	39.8738
41731.3	39.8614
41742.1	39.8832
41752.9	39.8657
41763.6	39.8883
41774.4	39.8675
41785.2	39.8891
41795.9	39.8668
41806.7	39.8856
41817.5	39.8636
41828.2	39.8776
41839	39.8582
41849.8	39.8651
41860.5	39.8507
41871.3	39.8477
41882.1	39.8411
41892.8	39.8257
41903.6	39.8293
41914.4	39.7995
41925.1	39.8142
41935.9	39.7704
41946.7	39.7943
41957.4	39.7404
41968.2	39.7673
41979	39.7117
41989.7	39.7312
42000.5	39.686
42011.3	39.6853
42022	39.6622
42032.8	39.6324
42043.6	39.6358
42054.3	39.5786
42065.1	39.5992
42075.9	39.5317
42086.6	39.5461
42097.4	39.4954
42108.2	39.4772
42118.9	39.4633
42129.7	39.4041
42140.5	39.4196
42151.2	39.3435
42162	39.351
42172.8	39.3015
42183.5	39.2624
42194.3	39.2607
42205.1	39.1799
42215.8	39.193
42226.6	39.125
42237.4	39.0931
42248.1	39.0813
42258.9	38.9956
42269.7	39.0065
42280.4	38.9345
42291.2	38.8917
42302	38.8849
42312.7	38.7886
42323.5	38.7896
42334.3	38.7319
42345	38.6586
42355.8	38.6653
42366.6	38.5682
42377.3	38.5347
42388.1	38.5146
42398.9	38.4071
42409.6	38.4025
42420.4	38.3456
42431.2	38.2491
42441.9	38.2545
42452.7	38.1668
42463.5	38.0886
42474.2	38.0908
42485	37.9827
42495.8	37.92
42506.5	37.9142
42517.3	37.7938
42528.1	37.7398
42538.8	37.7275
42549.6	37.5997
42560.4	37.546
42571.1	37.5321
42581.9	37.4001
42592.7	37.3379
42603.4	37.3279
42614.2	37.1961
42625	37.1152
42635.7	37.1121
42646.5	36.9894
42657.3	36.88
42668	36.8795
42678.8	36.7808
42689.6	36.6386
42700.3	36.624
42711.1	36.5653
42721.9	36.402
42732.6	36.3443
42743.4	36.3286
42754.2	36.1797
42764.9	36.0541
42775.7	36.0504
42786.5	35.9625
42797.2	35.7847
42808	35.7267
42818.8	35.7111
42829.5	35.5567
42840.3	35.3999
42851.1	35.3836
42861.8	35.3281
42872.6	35.1376
42883.4	35.0108
42894.1	35.0082
42904.9	34.9188
42915.7	34.7114
42926.4	34.5995
42937.2	34.5993
42948	34.4957
42958.7	34.2764
42969.5	34.1559
42980.3	34.1563
42991	34.0636
43001.8	33.8357
43012.6	33.6787
43023.3	33.6706
43034.1	33.6157
43044.9	33.3997
43055.6	33.1825
43066.4	33.1302
43077.2	33.1249
43087.9	32.9705
43098.7	32.7068
43109.5	32.5485
43120.2	32.5456
43131	32.5019
43141.8	32.2843
43152.5	32.0086
43163.3	31.8805
43174.1	31.8912
43184.8	31.8328
43195.6	31.594
43206.4	31.2956
43217.1	31.1437
43227.9	31.1522
43238.7	31.1255
43249.4	30.9169
43260.2	30.5882
43271	30.3448
43281.7	30.2997
43292.5	30.3285
43303.3	30.2305
43314	29.9409
43324.8	29.5828
43335.6	29.3598
43346.3	29.3412
43357.1	29.3816
43367.9	29.2894
43378.6	28.996
43389.4	28.5972
43400.2	28.2891
43410.9	28.2007
43421.7	28.2596
43432.5	28.2744
43443.2	28.1043
43454	27.737
43464.8	27.2896
43475.5	26.9517
43486.3	26.8473
43497.1	26.9205
43507.8	26.9954
43518.6	26.9179
43529.4	26.6268
43540.1	26.1623
43550.9	25.6562
43561.7	25.2864
43572.4	25.1677
43583.2	25.2586
43594	25.4036
43604.7	25.4489
43615.5	25.304
43626.3	24.9468
43637	24.4165
43647.8	23.814
43658.6	23.2906
43669.3	22.9941
43680.1	22.9766
43690.9	23.1582
43701.6	23.3947
43712.4	23.56
43723.2	23.5765
43733.9	23.4083
43744.7	23.0486
43755.5	22.5124
43766.2	21.8384
43777	21.0954
43787.8	20.3898
43798.5	19.8537
43809.3	19.5975
43820.1	19.6468
43830.8	19.9295
43841.6	20.3301
43852.4	20.7468
43863.1	21.114
43873.9	21.3973
43884.7	21.583
43895.4	21.6687
43906.2	21.6579
43917	21.5569
43927.7	21.3729
43938.5	21.1136
43949.3	20.7863
43960	20.3985
43970.8	19.9572
43981.6	19.4696
43992.3	18.9433
44003.1	18.3866
44013.9	17.8092
44024.6	17.2225
44035.4	16.6411
44046.2	16.083
44056.9	15.5703
44067.7	15.1288
44078.5	14.7862
44089.2	14.5681

