0	13.5903
10.7666	20.7145
21.5332	13.8081
32.2998	20.9049
43.0664	14.4148
53.833	21.2591
64.5996	15.2906
75.3662	21.7279
86.1328	16.2848
96.8994	22.2456
107.666	17.2487
118.433	22.7358
129.199	18.0448
139.966	23.1125
150.732	18.5363
161.499	23.277
172.266	18.5597
183.032	23.1072
193.799	17.8668
204.565	22.4331
215.332	15.9625
226.099	20.9745
236.865	11.3722
247.632	18.147
258.398	-21.4237
269.165	12.0694
279.932	12.7517
290.698	-3.96828
301.465	19.1242
312.231	14.2669
322.998	22.3946
333.765	18.7178
344.531	23.9158
355.298	19.9531
366.064	23.8634
376.831	18.3589
387.598	21.8063
398.364	10.6816
409.131	15.7051
419.897	11.6003
430.664	4.20077
441.431	21.1424
452.197	18.475
462.964	24.4129
473.73	21.1178
484.497	24.5412
495.264	18.6899
506.03	20.934
516.797	-9.88781
527.563	1.04939
538.33	20.2419
549.097	18.7762
559.863	25.0522
570.63	22.1407
581.396	24.9195
592.163	17.8721
602.93	18.4908
613.696	12.9361
624.463	13.9806
635.229	24.4483
645.996	22.7588
656.763	26.0207
667.529	20.4769
678.296	20.4566
689.062	11.2587
699.829	15.0807
710.596	25.2979
721.362	23.7782
732.129	26.2652
742.896	19.0458
753.662	16.2541
764.429	19.6327
775.195	21.495
785.962	27.1576
796.729	24.0212
807.495	24.0264
818.262	-4.66146
829.028	15.1733
839.795	26.4475
850.562	25.2802
861.328	26.5617
872.095	14.7308
882.861	1.25145
893.628	25.6806
904.395	25.7316
915.161	27.5727
925.928	18.0411
936.694	-43.266
947.461	25.9441
958.228	26.3354
968.994	27.8283
979.761	16.5555
990.527	10.0523
1001.29	27.4154
1012.06	27.0155
1022.83	27.0312
1033.59	-4.98995
1044.36	20.7629
1055.13	29.193
1065.89	26.6871
1076.66	23.2479
1087.43	21.2712
1098.19	26.4877
1108.96	29.7943
1119.73	22.1614
1130.49	4.53018
1141.26	28.5938
1152.03	28.3505
1162.79	26.5281
1173.56	17.7516
1184.33	26.7173
1195.09	30.5618
1205.86	22.8205
1216.63	12.9195
1227.39	29.9328
1238.16	28.7309
1248.93	23.9644
1259.69	25.0304
1270.46	29.269
1281.23	29.8371
1291.99	-20.4741
1302.76	26.4948
1313.53	31.5903
1324.29	24.0534
1335.06	18.0695
1345.83	31.4114
1356.59	28.6916
1367.36	15.5859
1378.12	29.913
1388.89	30.4308
1399.66	25.2189
1410.42	27.3008
1421.19	30.9279
1431.96	28.8103
1442.72	23.5562
1453.49	30.8256
1464.26	30.6475
1475.02	18.4494
1485.79	30.5252
1496.56	31.6588
1507.32	11.6712
1518.09	30.3306
1528.86	32.2115
1539.62	5.26791
1550.39	30.448
1561.16	32.4548
1571.92	8.34357
1582.69	30.9394
1593.46	32.3942
1604.22	16.1376
1614.99	31.7029
1625.76	31.8929
1636.52	22.5421
1647.29	32.5068
1658.06	30.6026
1668.82	27.3955
1679.59	33.0337
1690.36	27.6496
1701.12	31.0166
1711.89	32.8612
1722.66	19.2331
1733.42	33.5208
1744.19	31.2695
1754.96	20.4089
1765.72	34.8076
1776.49	26.1575
1787.26	29.9972
1798.02	34.4746
1808.79	13.7193
1819.56	33.5637
1830.32	31.2812
1841.09	30.6347
1851.86	33.9287
1862.62	15.7646
1873.39	35.012
1884.16	29.7412
1894.92	29.5132
1905.69	35.2331
1916.46	17.4707
1927.22	34.5751
1937.99	29.5719
1948.75	33.6577
1959.52	33.1809
1970.29	24.8903
1981.05	36.1044
1991.82	7.46057
2002.59	34.7727
2013.35	30.8957
2024.12	33.999
2034.89	33.4001
2045.65	27.5425
2056.42	36.3042
2067.19	19.7125
2077.95	35.6826
2088.72	25.604
2099.49	36.2
2110.25	29.5404
2121.02	33.6656
2131.79	34.3603
2142.55	32.9067
2153.32	34.8202
2164.09	27.4889
2174.85	36.8396
2185.62	25.4649
2196.39	36.3156
2207.15	-5.55767
2217.92	37.466
2228.69	8.27536
2239.45	36.524
2250.22	25.2909
2260.99	37.4372
2271.75	24.3122
2282.52	36.4031
2293.29	29.0323
2304.05	37.39
2314.82	26.9304
2325.59	36.4823
2336.35	29.5754
2347.12	37.637
2357.89	25.917
2368.65	36.9192
2379.42	27.3679
2390.19	38.139
2400.95	18.2354
2411.72	37.4684
2422.49	16.652
2433.25	38.5108
2444.02	22.7376
2454.79	37.5247
2465.55	25.9769
2476.32	38.0295
2487.08	32.9677
2497.85	35.9822
2508.62	34.4181
2519.38	35.2201
2530.15	37.6243
2540.92	29.3339
2551.68	37.8643
2562.45	21.8996
2573.22	39.1137
2583.98	28.1337
2594.75	37.4853
2605.52	33.3093
2616.28	36.2419
2627.05	38.0263
2637.82	28.1225
2648.58	38.51
2659.35	13.1163
2670.12	39.0688
2680.88	34.6008
2691.65	35.2217
2702.42	37.6233
2713.18	28.2859
2723.95	39.7436
2734.72	30.3874
2745.48	37.2424
2756.25	36.6588
2767.02	32.1017
2777.78	39.9274
2788.55	28.4719
2799.32	37.707
2810.08	36.8096
2820.85	31.726
2831.62	40.1539
2842.38	31.2925
2853.15	36.9861
2863.92	38.1286
2874.68	25.6932
2885.45	40.1236
2896.22	35.9343
2906.98	33.6666
2917.75	39.4852
2928.52	25.8993
2939.28	38.5832
2950.05	39.5541
2960.82	-1.90509
2971.58	39.109
2982.35	36.9567
2993.12	30.9761
3003.88	40.644
3014.65	36.4473
3025.42	32.5143
3036.18	39.99
3046.95	33.0832
3057.71	36.0189
3068.48	40.937
3079.25	34.0089
3090.01	35.1144
3100.78	40.1434
3111.55	32.0372
3122.31	36.4577
3133.08	41.1499
3143.85	35.2647
3154.61	33.603
3165.38	40.3564
3176.15	35.5137
3186.91	32.913
3197.68	41.1251
3208.45	38.901
3219.21	19.4444
3229.98	39.4656
3240.75	39.4882
3251.51	20.7747
3262.28	38.7272
3273.05	41.4773
3283.81	35.6711
3294.58	32.0889
3305.35	40.4543
3316.11	38.624
3326.88	11.0509
3337.65	39.5037
3348.41	41.6486
3359.18	36.2471
3369.95	30.2542
3380.71	40.2498
3391.48	39.8516
3402.25	27.2477
3413.01	37.1195
3423.78	41.8619
3434.55	40.0561
3445.31	25.1271
3456.08	37.0877
3466.85	41.077
3477.61	38.3677
3488.38	-11.2357
3499.15	38.799
3509.91	42.1534
3520.68	40.1232
3531.45	27.2432
3542.21	36.0894
3552.98	41.0462
3563.75	39.9525
3574.51	30.0561
3585.28	34.8295
3596.04	41.471
3606.81	42.163
3617.58	38.1976
3628.34	-6.47098
3639.11	37.6973
3649.88	41.3017
3660.64	40.1449
3671.41	32.2003
3682.18	32.0751
3692.94	40.6359
3703.71	42.6142
3714.48	41.0702
3725.24	34.2124
3736.01	28.3013
3746.78	39.1187
3757.54	41.5214
3768.31	40.2902
3779.08	33.9366
3789.84	27.1979
3800.61	39.1373
3811.38	42.4144
3822.14	42.6398
3832.91	40.1032
3843.68	32.1264
3854.44	29.1463
3865.21	38.7429
3875.98	41.434
3886.74	41.259
3897.51	38.1981
3908.28	27.827
3919.04	32.0099
3929.81	39.717
3940.58	42.5136
3951.34	43.0989
3962.11	41.8598
3972.88	38.2473
3983.64	28.2728
3994.41	30.1129
4005.18	38.177
4015.94	41.029
4026.71	41.71
4037.48	40.6723
4048.24	37.4732
4059.01	28.9776
4069.78	27.639
4080.54	37.3703
4091.31	41.1596
4102.08	42.94
4112.84	43.4777
4123.61	42.984
4134.38	41.4042
4145.14	38.3355
4155.91	32.1887
4166.67	9.87679
4177.44	32.9029
4188.21	37.9043
4198.97	40.2939
4209.74	41.3759
4220.51	41.5312
4231.27	40.8584
4242.04	39.2703
4252.81	36.3883
4263.57	30.8482
4274.34	0.403921
4285.11	30.4105
4295.87	36.3498
4306.64	39.5446
4317.41	41.5495
4328.17	42.8482
4338.94	43.6566
4349.71	44.0895
4360.47	44.2145
4371.24	44.0727
4382.01	43.6886
4392.77	43.0748
4403.54	42.2328
4414.31	41.1533
4425.07	39.8122
4435.84	38.1644
4446.61	36.1273
4457.37	33.5437
4468.14	30.0745
4478.91	24.7725
4489.67	12.0915
4500.44	17.9442
4511.21	25.2848
4521.97	28.7643
4532.74	30.9054
4543.51	32.3509
4554.27	33.3658
4565.04	34.0859
4575.81	34.5912
4586.57	34.9329
4597.34	35.1463
4608.11	35.2567
4618.87	35.2832
4629.64	35.2406
4640.41	35.1407
4651.17	34.9929
4661.94	34.8053
4672.71	34.5844
4683.47	34.3358
4694.24	34.0644
4705	33.7742
4715.77	33.4688
4726.54	33.1514
4737.3	32.8246
4748.07	32.4907
4758.84	32.1519
4769.6	31.8099
4780.37	31.4662
4791.14	31.1221
4801.9	30.7788
4812.67	30.4373
4823.44	30.0984
4834.2	29.7628
4844.97	29.431
4855.74	29.1036
4866.5	28.781
4877.27	28.4634
4888.04	28.1511
4898.8	27.8442
4909.57	27.5429
4920.34	27.2472
4931.1	26.9572
4941.87	26.6729
4952.64	26.3943
4963.4	26.1213
4974.17	25.8538
4984.94	25.5918
4995.7	25.3351
5006.47	25.0837
5017.24	24.8374
5028	24.5961
5038.77	24.3597
5049.54	24.1281
5060.3	23.9011
5071.07	23.6786
5081.84	23.4605
5092.6	23.2466
5103.37	23.0368
5114.14	22.831
5124.9	22.629
5135.67	22.4308
5146.44	22.2362
5157.2	22.0452
5167.97	21.8575
5178.74	21.6731
5189.5	21.492
5200.27	21.3139
5211.04	21.1388
5221.8	20.9666
5232.57	20.7973
5243.33	20.6306
5254.1	20.4667
5264.87	20.3052
5275.63	20.1463
5286.4	19.9898
5297.17	19.8357
5307.93	19.6838
5318.7	19.5341
5329.47	19.3866
5340.23	19.2412
5351	19.0978
5361.77	18.9564
5372.53	18.8168
5383.3	18.6792
5394.07	18.5434
5404.83	18.4093
5415.6	18.277
5426.37	18.1463
5437.13	18.0173
5447.9	17.8898
5458.67	17.7639
5469.43	17.6396
5480.2	17.5167
5490.97	17.3952
5501.73	17.2751
5512.5	17.1564
5523.27	17.039
5534.03	16.923
5544.8	16.8082
5555.57	16.6947
5566.33	16.5823
5577.1	16.4712
5587.87	16.3612
5598.63	16.2524
5609.4	16.1447
5620.17	16.038
5630.93	15.9325
5641.7	15.8279
5652.47	15.7244
5663.23	15.6219
5674	15.5204
5684.77	15.4198
5695.53	15.3202
5706.3	15.2215
5717.07	15.1236
5727.83	15.0267
5738.6	14.9306
5749.37	14.8354
5760.13	14.741
5770.9	14.6475
5781.67	14.5547
5792.43	14.4627
5803.2	14.3715
5813.96	14.2811
5824.73	14.1914
5835.5	14.1024
5846.26	14.0142
5857.03	13.9266
5867.8	13.8398
5878.56	13.7536
5889.33	13.6681
5900.1	13.5833
5910.86	13.4991
5921.63	13.4155
5932.4	13.3326
5943.16	13.2503
5953.93	13.1686
5964.7	13.0874
5975.46	13.0069
5986.23	12.927
5997	12.8476
6007.76	12.7688
6018.53	12.6905
6029.3	12.6128
6040.06	12.5355
6050.83	12.4589
6061.6	12.3827
6072.36	12.3071
6083.13	12.2319
6093.9	12.1573
6104.66	12.0831
6115.43	12.0094
6126.2	11.9362
6136.96	11.8635
6147.73	11.7912
6158.5	11.7193
6169.26	11.6479
6180.03	11.577
6190.8	11.5065
6201.56	11.4364
6212.33	11.3667
6223.1	11.2975
6233.86	11.2287
6244.63	11.1602
6255.4	11.0922
6266.16	11.0246
6276.93	10.9573
6287.7	10.8905
6298.46	10.824
6309.23	10.7579
6320	10.6922
6330.76	10.6268
6341.53	10.5618
6352.29	10.4972
6363.06	10.4329
6373.83	10.3689
6384.59	10.3053
6395.36	10.242
6406.13	10.1791
6416.89	10.1165
6427.66	10.0542
6438.43	9.99228
6449.19	9.93064
6459.96	9.86933
6470.73	9.80832
6481.49	9.74763
6492.26	9.68723
6503.03	9.62715
6513.79	9.56735
6524.56	9.50786
6535.33	9.44864
6546.09	9.38973
6556.86	9.33108
6567.63	9.27274
6578.39	9.21465
6589.16	9.15686
6599.93	9.09932
6610.69	9.04207
6621.46	8.98507
6632.23	8.92834
6642.99	8.87187
6653.76	8.81566
6664.53	8.7597
6675.29	8.704
6686.06	8.64854
6696.83	8.59334
6707.59	8.53837
6718.36	8.48365
6729.13	8.42917
6739.89	8.37493
6750.66	8.32091
6761.43	8.26714
6772.19	8.21359
6782.96	8.16028
6793.73	8.10717
6804.49	8.05431
6815.26	8.00165
6826.03	7.94923
6836.79	7.89701
6847.56	7.84502
6858.33	7.79322
6869.09	7.74166
6879.86	7.69028
6890.62	7.63913
6901.39	7.58816
6912.16	7.53742
6922.92	7.48686
6933.69	7.43651
6944.46	7.38635
6955.22	7.33639
6965.99	7.28662
6976.76	7.23705
6987.52	7.18766
6998.29	7.13847
7009.06	7.08945
7019.82	7.04063
7030.59	6.99198
7041.36	6.94352
7052.12	6.89523
7062.89	6.84714
7073.66	6.7992
7084.42	6.75146
7095.19	6.70387
7105.96	6.65648
7116.72	6.60923
7127.49	6.56218
7138.26	6.51527
7149.02	6.46855
7159.79	6.42197
7170.56	6.37558
7181.32	6.32933
7192.09	6.28326
7202.86	6.23733
7213.62	6.19158
7224.39	6.14596
7235.16	6.10052
7245.92	6.05522
7256.69	6.01009
7267.46	5.96509
7278.22	5.92026
7288.99	5.87556
7299.76	5.83102
7310.52	5.78662
7321.29	5.74238
7332.06	5.69827
7342.82	5.65431
7353.59	5.61049
7364.36	5.56682
7375.12	5.52327
7385.89	5.47988
7396.66	5.43661
7407.42	5.3935
7418.19	5.3505
7428.96	5.30766
7439.72	5.26493
7450.49	5.22235
7461.25	5.17989
7472.02	5.13758
7482.79	5.09537
7493.55	5.05332
7504.32	5.01137
7515.09	4.96957
7525.85	4.92788
7536.62	4.88633
7547.39	4.84488
7558.15	4.80358
7568.92	4.76238
7579.69	4.72132
7590.45	4.68036
7601.22	4.63954
7611.99	4.59882
7622.75	4.55824
7633.52	4.51776
7644.29	4.47741
7655.05	4.43716
7665.82	4.39704
7676.59	4.35701
7687.35	4.31712
7698.12	4.27732
7708.89	4.23765
7719.65	4.19808
7730.42	4.15863
7741.19	4.11927
7751.95	4.08004
7762.72	4.0409
7773.49	4.00188
7784.25	3.96295
7795.02	3.92415
7805.79	3.88543
7816.55	3.84684
7827.32	3.80832
7838.09	3.76993
7848.85	3.73163
7859.62	3.69344
7870.39	3.65533
7881.15	3.61735
7891.92	3.57944
7902.69	3.54165
7913.45	3.50394
7924.22	3.46635
7934.99	3.42883
7945.75	3.39143
7956.52	3.35411
7967.29	3.3169
7978.05	3.27976
7988.82	3.24274
7999.58	3.20579
8010.35	3.16895
8021.12	3.13219
8031.88	3.09553
8042.65	3.05895
8053.42	3.02248
8064.18	2.98607
8074.95	2.94978
8085.72	2.91355
8096.48	2.87743
8107.25	2.84138
8118.02	2.80543
8128.78	2.76955
8139.55	2.73378
8150.32	2.69807
8161.08	2.66247
8171.85	2.62693
8182.62	2.59149
8193.38	2.55612
8204.15	2.52085
8214.92	2.48564
8225.68	2.45053
8236.45	2.41549
8247.22	2.38054
8257.98	2.34565
8268.75	2.31087
8279.52	2.27614
8290.28	2.24151
8301.05	2.20694
8311.82	2.17247
8322.58	2.13806
8333.35	2.10374
8344.12	2.06948
8354.88	2.03531
8365.65	2.0012
8376.42	1.96719
8387.18	1.93322
8397.95	1.89936
8408.72	1.86555
8419.48	1.83183
8430.25	1.79816
8441.02	1.76459
8451.78	1.73106
8462.55	1.69763
8473.32	1.66425
8484.08	1.63096
8494.85	1.59773
8505.62	1.56458
8516.38	1.53148
8527.15	1.49847
8537.92	1.46551
8548.68	1.43264
8559.45	1.39981
8570.21	1.36707
8580.98	1.33439
8591.75	1.30178
8602.51	1.26923
8613.28	1.23676
8624.05	1.20433
8634.81	1.172
8645.58	1.1397
8656.35	1.1075
8667.11	1.07533
8677.88	1.04325
8688.65	1.01121
8699.41	0.979262
8710.18	0.947352
8720.95	0.915525
8731.71	0.88374
8742.48	0.852038
8753.25	0.820377
8764.01	0.788797
8774.78	0.757256
8785.55	0.725799
8796.31	0.694383
8807.08	0.663045
8817.85	0.631745
8828.61	0.600526
8839.38	0.569346
8850.15	0.538245
8860.91	0.507183
8871.68	0.476201
8882.45	0.445253
8893.21	0.414385
8903.98	0.383552
8914.75	0.352798
8925.51	0.32208
8936.28	0.291437
8947.05	0.260831
8957.81	0.230302
8968.58	0.199807
8979.35	0.169389
8990.11	0.139005
9000.88	0.108696
9011.65	0.0784201
9022.41	0.0482181
9033.18	0.0180494
9043.95	-0.0120436
9054.71	-0.0421054
9065.48	-0.0720922
9076.25	-0.102047
9087.01	-0.13193
9097.78	-0.161782
9108.54	-0.191559
9119.31	-0.221307
9130.08	-0.250983
9140.84	-0.280627
9151.61	-0.310202
9162.38	-0.339746
9173.14	-0.369216
9183.91	-0.398659
9194.68	-0.428031
9205.44	-0.457376
9216.21	-0.486648
9226.98	-0.515894
9237.74	-0.545068
9248.51	-0.574216
9259.28	-0.603294
9270.04	-0.632345
9280.81	-0.661327
9291.58	-0.690284
9302.34	-0.719169
9313.11	-0.748028
9323.88	-0.77682
9334.64	-0.80559
9345.41	-0.83429
9356.18	-0.862964
9366.94	-0.891572
9377.71	-0.920154
9388.48	-0.948668
9399.24	-0.977159
9410.01	-1.00558
9420.78	-1.03399
9431.54	-1.06232
9442.31	-1.09063
9453.08	-1.11888
9463.84	-1.1471
9474.61	-1.17526
9485.38	-1.20339
9496.14	-1.23146
9506.91	-1.25952
9517.68	-1.2875
9528.44	-1.31546
9539.21	-1.34336
9549.98	-1.37124
9560.74	-1.39905
9571.51	-1.42685
9582.28	-1.45458
9593.04	-1.48229
9603.81	-1.50994
9614.58	-1.53757
9625.34	-1.56513
9636.11	-1.59267
9646.88	-1.62015
9657.64	-1.64762
9668.41	-1.67502
9679.17	-1.70241
9689.94	-1.72973
9700.71	-1.75703
9711.47	-1.78428
9722.24	-1.81151
9733.01	-1.83867
9743.77	-1.86582
9754.54	-1.8929
9765.31	-1.91997
9776.07	-1.94698
9786.84	-1.97398
9797.61	-2.00091
9808.37	-2.02782
9819.14	-2.05468
9829.91	-2.08152
9840.67	-2.10831
9851.44	-2.13507
9862.21	-2.16178
9872.97	-2.18847
9883.74	-2.21511
9894.51	-2.24173
9905.27	-2.26829
9916.04	-2.29484
9926.81	-2.32133
9937.57	-2.3478
9948.34	-2.37422
9959.11	-2.40062
9969.87	-2.42697
9980.64	-2.4533
9991.41	-2.47958
10002.2	-2.50584
10012.9	-2.53205
10023.7	-2.55825
10034.5	-2.58438
10045.2	-2.61051
10056	-2.63658
10066.8	-2.66263
10077.5	-2.68863
10088.3	-2.71462
10099.1	-2.74056
10109.8	-2.76648
10120.6	-2.79235
10131.4	-2.81821
10142.1	-2.84401
10152.9	-2.8698
10163.7	-2.89553
10174.4	-2.92126
10185.2	-2.94693
10196	-2.9726
10206.7	-2.9982
10217.5	-3.0238
10228.3	-3.04934
10239	-3.07488
10249.8	-3.10036
10260.6	-3.12583
10271.3	-3.15125
10282.1	-3.17666
10292.9	-3.20201
10303.6	-3.22736
10314.4	-3.25266
10325.2	-3.27795
10335.9	-3.30318
10346.7	-3.3284
10357.5	-3.35357
10368.2	-3.37874
10379	-3.40385
10389.8	-3.42896
10400.5	-3.45402
10411.3	-3.47906
10422.1	-3.50406
10432.8	-3.52905
10443.6	-3.55399
10454.4	-3.57892
10465.1	-3.6038
10475.9	-3.62867
10486.7	-3.6535
10497.4	-3.67832
10508.2	-3.70308
10519	-3.72784
10529.7	-3.75255
10540.5	-3.77726
10551.3	-3.80191
10562	-3.82656
10572.8	-3.85116
10583.6	-3.87576
10594.3	-3.9003
10605.1	-3.92484
10615.9	-3.94933
10626.6	-3.97382
10637.4	-3.99826
10648.2	-4.02269
10658.9	-4.04707
10669.7	-4.07145
10680.5	-4.09579
10691.2	-4.12012
10702	-4.1444
10712.8	-4.16867
10723.5	-4.1929
10734.3	-4.21712
10745.1	-4.2413
10755.8	-4.26547
10766.6	-4.2896
10777.4	-4.31372
10788.1	-4.33779
10798.9	-4.36187
10809.7	-4.38589
10820.4	-4.40992
10831.2	-4.43389
10842	-4.45787
10852.7	-4.48179
10863.5	-4.50572
10874.3	-4.5296
10885	-4.55348
10895.8	-4.57731
10906.6	-4.60114
10917.3	-4.62492
10928.1	-4.6487
10938.9	-4.67243
10949.6	-4.69617
10960.4	-4.71986
10971.2	-4.74355
10981.9	-4.76719
10992.7	-4.79083
11003.5	-4.81443
11014.2	-4.83802
11025	-4.86157
11035.8	-4.88512
11046.5	-4.90863
11057.3	-4.93213
11068.1	-4.95559
11078.8	-4.97905
11089.6	-5.00247
11100.4	-5.02589
11111.1	-5.04926
11121.9	-5.07264
11132.7	-5.09597
11143.4	-5.1193
11154.2	-5.14258
11165	-5.16587
11175.7	-5.18911
11186.5	-5.21235
11197.3	-5.23556
11208	-5.25876
11218.8	-5.28192
11229.6	-5.30508
11240.3	-5.3282
11251.1	-5.35132
11261.9	-5.37439
11272.6	-5.39747
11283.4	-5.42051
11294.2	-5.44354
11304.9	-5.46654
11315.7	-5.48953
11326.5	-5.51249
11337.2	-5.53545
11348	-5.55837
11358.8	-5.58129
11369.5	-5.60416
11380.3	-5.62704
11391.1	-5.64988
11401.8	-5.67272
11412.6	-5.69552
11423.4	-5.71832
11434.1	-5.74108
11444.9	-5.76385
11455.7	-5.78657
11466.4	-5.8093
11477.2	-5.83198
11488	-5.85467
11498.7	-5.87732
11509.5	-5.89997
11520.3	-5.92258
11531	-5.9452
11541.8	-5.96777
11552.6	-5.99035
11563.3	-6.01289
11574.1	-6.03544
11584.9	-6.05794
11595.6	-6.08045
11606.4	-6.10292
11617.2	-6.12539
11627.9	-6.14782
11638.7	-6.17026
11649.5	-6.19266
11660.2	-6.21507
11671	-6.23743
11681.8	-6.2598
11692.5	-6.28213
11703.3	-6.30447
11714.1	-6.32677
11724.8	-6.34907
11735.6	-6.37133
11746.4	-6.39361
11757.1	-6.41584
11767.9	-6.43807
11778.7	-6.46027
11789.4	-6.48248
11800.2	-6.50465
11811	-6.52682
11821.7	-6.54895
11832.5	-6.57109
11843.3	-6.59319
11854	-6.6153
11864.8	-6.63738
11875.6	-6.65946
11886.3	-6.68149
11897.1	-6.70354
11907.9	-6.72556
11918.6	-6.74758
11929.4	-6.76955
11940.2	-6.79154
11950.9	-6.81348
11961.7	-6.83544
11972.5	-6.85736
11983.2	-6.87929
11994	-6.90118
12004.8	-6.92308
12015.5	-6.94494
12026.3	-6.96681
12037.1	-6.98865
12047.8	-7.01049
12058.6	-7.03229
12069.4	-7.0541
12080.1	-7.07588
12090.9	-7.09767
12101.7	-7.11942
12112.4	-7.14118
12123.2	-7.1629
12134	-7.18462
12144.7	-7.20632
12155.5	-7.22802
12166.3	-7.24969
12177	-7.27137
12187.8	-7.29301
12198.6	-7.31466
12209.3	-7.33627
12220.1	-7.3579
12230.9	-7.37949
12241.6	-7.40109
12252.4	-7.42265
12263.2	-7.44422
12273.9	-7.46576
12284.7	-7.48731
12295.5	-7.50882
12306.2	-7.53035
12317	-7.55183
12327.8	-7.57333
12338.5	-7.59479
12349.3	-7.61627
12360.1	-7.63771
12370.8	-7.65916
12381.6	-7.68057
12392.4	-7.702
12403.1	-7.72339
12413.9	-7.7448
12424.7	-7.76617
12435.4	-7.78755
12446.2	-7.80889
12457	-7.83025
12467.7	-7.85157
12478.5	-7.8729
12489.3	-7.89421
12500	-7.91552
12510.8	-7.9368
12521.6	-7.95809
12532.3	-7.97935
12543.1	-8.00061
12553.9	-8.02185
12564.6	-8.0431
12575.4	-8.06431
12586.2	-8.08554
12596.9	-8.10674
12607.7	-8.12794
12618.5	-8.14911
12629.2	-8.1703
12640	-8.19145
12650.8	-8.21261
12661.5	-8.23375
12672.3	-8.25489
12683.1	-8.276
12693.8	-8.29713
12704.6	-8.31822
12715.4	-8.33933
12726.1	-8.3604
12736.9	-8.38149
12747.7	-8.40254
12758.4	-8.42361
12769.2	-8.44464
12780	-8.4657
12790.7	-8.48672
12801.5	-8.50775
12812.3	-8.52875
12823	-8.54976
12833.8	-8.57074
12844.6	-8.59174
12855.3	-8.6127
12866.1	-8.63368
12876.9	-8.65462
12887.6	-8.67559
12898.4	-8.69652
12909.2	-8.71747
12919.9	-8.73838
12930.7	-8.7593
12941.5	-8.7802
12952.2	-8.80111
12963	-8.82199
12973.8	-8.84288
12984.5	-8.86375
12995.3	-8.88463
13006.1	-8.90547
13016.8	-8.92634
13027.6	-8.94717
13038.4	-8.96802
13049.1	-8.98884
13059.9	-9.00967
13070.7	-9.03047
13081.4	-9.05129
13092.2	-9.07208
13103	-9.09289
13113.7	-9.11366
13124.5	-9.13445
13135.3	-9.15522
13146	-9.176
13156.8	-9.19674
13167.6	-9.2175
13178.3	-9.23823
13189.1	-9.25899
13199.9	-9.27971
13210.6	-9.30044
13221.4	-9.32115
13232.2	-9.34188
13242.9	-9.36257
13253.7	-9.38329
13264.5	-9.40397
13275.2	-9.42466
13286	-9.44533
13296.8	-9.46602
13307.5	-9.48668
13318.3	-9.50736
13329.1	-9.528
13339.8	-9.54867
13350.6	-9.56931
13361.4	-9.58996
13372.1	-9.61058
13382.9	-9.63122
13393.7	-9.65183
13404.4	-9.67246
13415.2	-9.69307
13426	-9.71369
13436.7	-9.73428
13447.5	-9.7549
13458.3	-9.77548
13469	-9.79608
13479.8	-9.81666
13490.6	-9.83725
13501.3	-9.85781
13512.1	-9.8784
13522.9	-9.89895
13533.6	-9.91952
13544.4	-9.94007
13555.2	-9.96064
13565.9	-9.98117
13576.7	-10.0017
13587.5	-10.0223
13598.2	-10.0428
13609	-10.0633
13619.8	-10.0839
13630.5	-10.1044
13641.3	-10.1249
13652.1	-10.1454
13662.8	-10.1659
13673.6	-10.1864
13684.4	-10.207
13695.1	-10.2275
13705.9	-10.248
13716.7	-10.2684
13727.4	-10.289
13738.2	-10.3094
13749	-10.3299
13759.7	-10.3504
13770.5	-10.3709
13781.2	-10.3914
13792	-10.4119
13802.8	-10.4323
13813.5	-10.4528
13824.3	-10.4732
13835.1	-10.4937
13845.8	-10.5142
13856.6	-10.5346
13867.4	-10.5551
13878.1	-10.5756
13888.9	-10.596
13899.7	-10.6165
13910.4	-10.6369
13921.2	-10.6574
13932	-10.6778
13942.7	-10.6982
13953.5	-10.7187
13964.3	-10.7391
13975	-10.7596
13985.8	-10.78
13996.6	-10.8004
14007.3	-10.8209
14018.1	-10.8413
14028.9	-10.8617
14039.6	-10.8822
14050.4	-10.9026
14061.2	-10.923
14071.9	-10.9434
14082.7	-10.9639
14093.5	-10.9843
14104.2	-11.0047
14115	-11.0251
14125.8	-11.0455
14136.5	-11.066
14147.3	-11.0864
14158.1	-11.1068
14168.8	-11.1272
14179.6	-11.1477
14190.4	-11.1681
14201.1	-11.1885
14211.9	-11.2089
14222.7	-11.2293
14233.4	-11.2498
14244.2	-11.2702
14255	-11.2906
14265.7	-11.311
14276.5	-11.3314
14287.3	-11.3519
14298	-11.3723
14308.8	-11.3927
14319.6	-11.4131
14330.3	-11.4335
14341.1	-11.4539
14351.9	-11.4744
14362.6	-11.4948
14373.4	-11.5152
14384.2	-11.5357
14394.9	-11.5561
14405.7	-11.5765
14416.5	-11.597
14427.2	-11.6174
14438	-11.6378
14448.8	-11.6582
14459.5	-11.6787
14470.3	-11.6991
14481.1	-11.7196
14491.8	-11.74
14502.6	-11.7604
14513.4	-11.7809
14524.1	-11.8013
14534.9	-11.8218
14545.7	-11.8422
14556.4	-11.8627
14567.2	-11.8831
14578	-11.9036
14588.7	-11.9241
14599.5	-11.9445
14610.3	-11.965
14621	-11.9854
14631.8	-12.0059
14642.6	-12.0264
14653.3	-12.0469
14664.1	-12.0673
14674.9	-12.0878
14685.6	-12.1083
14696.4	-12.1288
14707.2	-12.1493
14717.9	-12.1698
14728.7	-12.1903
14739.5	-12.2108
14750.2	-12.2313
14761	-12.2518
14771.8	-12.2723
14782.5	-12.2928
14793.3	-12.3134
14804.1	-12.3339
14814.8	-12.3544
14825.6	-12.3749
14836.4	-12.3955
14847.1	-12.416
14857.9	-12.4366
14868.7	-12.4571
14879.4	-12.4777
14890.2	-12.4982
14901	-12.5188
14911.7	-12.5394
14922.5	-12.5599
14933.3	-12.5805
14944	-12.6011
14954.8	-12.6217
14965.6	-12.6423
14976.3	-12.6629
14987.1	-12.6835
14997.9	-12.7041
15008.6	-12.7247
15019.4	-12.7453
15030.2	-12.7659
15040.9	-12.7866
15051.7	-12.8072
15062.5	-12.8279
15073.2	-12.8485
15084	-12.8692
15094.8	-12.8898
15105.5	-12.9105
15116.3	-12.9312
15127.1	-12.9519
15137.8	-12.9725
15148.6	-12.9932
15159.4	-13.0139
15170.1	-13.0346
15180.9	-13.0553
15191.7	-13.0761
15202.4	-13.0968
15213.2	-13.1175
15224	-13.1383
15234.7	-13.159
15245.5	-13.1798
15256.3	-13.2005
15267	-13.2213
15277.8	-13.2421
15288.6	-13.2629
15299.3	-13.2837
15310.1	-13.3045
15320.9	-13.3253
15331.6	-13.3461
15342.4	-13.3669
15353.2	-13.3878
15363.9	-13.4086
15374.7	-13.4295
15385.5	-13.4503
15396.2	-13.4712
15407	-13.4921
15417.8	-13.5129
15428.5	-13.5338
15439.3	-13.5547
15450.1	-13.5757
15460.8	-13.5966
15471.6	-13.6175
15482.4	-13.6384
15493.1	-13.6594
15503.9	-13.6803
15514.7	-13.7013
15525.4	-13.7223
15536.2	-13.7433
15547	-13.7643
15557.7	-13.7853
15568.5	-13.8063
15579.3	-13.8274
15590	-13.8484
15600.8	-13.8694
15611.6	-13.8905
15622.3	-13.9116
15633.1	-13.9326
15643.9	-13.9537
15654.6	-13.9748
15665.4	-13.996
15676.2	-14.0171
15686.9	-14.0382
15697.7	-14.0594
15708.5	-14.0805
15719.2	-14.1017
15730	-14.1229
15740.8	-14.1441
15751.5	-14.1653
15762.3	-14.1865
15773.1	-14.2077
15783.8	-14.2289
15794.6	-14.2502
15805.4	-14.2715
15816.1	-14.2928
15826.9	-14.314
15837.7	-14.3354
15848.4	-14.3567
15859.2	-14.378
15870	-14.3993
15880.7	-14.4207
15891.5	-14.442
15902.3	-14.4634
15913	-14.4848
15923.8	-14.5062
15934.6	-14.5276
15945.3	-14.5491
15956.1	-14.5705
15966.9	-14.592
15977.6	-14.6135
15988.4	-14.635
15999.2	-14.6565
16009.9	-14.678
16020.7	-14.6995
16031.5	-14.7211
16042.2	-14.7426
16053	-14.7642
16063.8	-14.7858
16074.5	-14.8074
16085.3	-14.829
16096.1	-14.8507
16106.8	-14.8723
16117.6	-14.894
16128.4	-14.9157
16139.1	-14.9374
16149.9	-14.9591
16160.7	-14.9808
16171.4	-15.0026
16182.2	-15.0243
16193	-15.0461
16203.7	-15.0679
16214.5	-15.0897
16225.3	-15.1116
16236	-15.1334
16246.8	-15.1553
16257.6	-15.1771
16268.3	-15.199
16279.1	-15.2209
16289.9	-15.2429
16300.6	-15.2648
16311.4	-15.2868
16322.2	-15.3088
16332.9	-15.3308
16343.7	-15.3528
16354.5	-15.3749
16365.2	-15.3969
16376	-15.419
16386.8	-15.4411
16397.5	-15.4632
16408.3	-15.4853
16419.1	-15.5075
16429.8	-15.5297
16440.6	-15.5519
16451.4	-15.5741
16462.1	-15.5963
16472.9	-15.6186
16483.7	-15.6408
16494.4	-15.6631
16505.2	-15.6854
16516	-15.7078
16526.7	-15.7301
16537.5	-15.7525
16548.3	-15.7749
16559	-15.7973
16569.8	-15.8197
16580.6	-15.8422
16591.3	-15.8647
16602.1	-15.8871
16612.9	-15.9097
16623.6	-15.9322
16634.4	-15.9548
16645.2	-15.9773
16655.9	-15.9999
16666.7	-16.0226
16677.5	-16.0452
16688.2	-16.0679
16699	-16.0906
16709.8	-16.1133
16720.5	-16.1361
16731.3	-16.1588
16742.1	-16.1816
16752.8	-16.2044
16763.6	-16.2273
16774.4	-16.2501
16785.1	-16.273
16795.9	-16.2959
16806.7	-16.3188
16817.4	-16.3418
16828.2	-16.3648
16839	-16.3878
16849.7	-16.4108
16860.5	-16.4339
16871.3	-16.457
16882	-16.48
16892.8	-16.5032
16903.6	-16.5263
16914.3	-16.5495
16925.1	-16.5727
16935.9	-16.596
16946.6	-16.6192
16957.4	-16.6425
16968.2	-16.6658
16978.9	-16.6892
16989.7	-16.7125
17000.5	-16.7359
17011.2	-16.7594
17022	-16.7828
17032.8	-16.8063
17043.5	-16.8298
17054.3	-16.8534
17065.1	-16.8769
17075.8	-16.9005
17086.6	-16.9241
17097.4	-16.9478
17108.1	-16.9715
17118.9	-16.9952
17129.7	-17.0189
17140.4	-17.0427
17151.2	-17.0665
17162	-17.0903
17172.7	-17.1142
17183.5	-17.1381
17194.3	-17.162
17205	-17.1859
17215.8	-17.2099
17226.6	-17.234
17237.3	-17.258
17248.1	-17.2821
17258.9	-17.3062
17269.6	-17.3303
17280.4	-17.3545
17291.2	-17.3787
17301.9	-17.4029
17312.7	-17.4272
17323.5	-17.4515
17334.2	-17.4758
17345	-17.5002
17355.8	-17.5246
17366.5	-17.5491
17377.3	-17.5735
17388.1	-17.5981
17398.8	-17.6226
17409.6	-17.6472
17420.4	-17.6718
17431.1	-17.6965
17441.9	-17.7211
17452.7	-17.7459
17463.4	-17.7706
17474.2	-17.7954
17485	-17.8202
17495.7	-17.8451
17506.5	-17.87
17517.3	-17.895
17528	-17.9199
17538.8	-17.945
17549.6	-17.97
17560.3	-17.9951
17571.1	-18.0202
17581.9	-18.0454
17592.6	-18.0706
17603.4	-18.0959
17614.2	-18.1211
17624.9	-18.1465
17635.7	-18.1718
17646.5	-18.1972
17657.2	-18.2227
17668	-18.2482
17678.8	-18.2737
17689.5	-18.2993
17700.3	-18.3249
17711.1	-18.3506
17721.8	-18.3763
17732.6	-18.402
17743.4	-18.4278
17754.1	-18.4536
17764.9	-18.4795
17775.7	-18.5054
17786.4	-18.5314
17797.2	-18.5574
17808	-18.5834
17818.7	-18.6095
17829.5	-18.6356
17840.3	-18.6618
17851	-18.688
17861.8	-18.7143
17872.6	-18.7406
17883.3	-18.767
17894.1	-18.7934
17904.9	-18.8199
17915.6	-18.8464
17926.4	-18.8729
17937.2	-18.8995
17947.9	-18.9262
17958.7	-18.9529
17969.5	-18.9796
17980.2	-19.0064
17991	-19.0333
18001.8	-19.0602
18012.5	-19.0871
18023.3	-19.1141
18034.1	-19.1412
18044.8	-19.1682
18055.6	-19.1954
18066.4	-19.2226
18077.1	-19.2499
18087.9	-19.2772
18098.7	-19.3045
18109.4	-19.332
18120.2	-19.3594
18131	-19.3869
18141.7	-19.4145
18152.5	-19.4422
18163.3	-19.4698
18174	-19.4976
18184.8	-19.5254
18195.6	-19.5533
18206.3	-19.5812
18217.1	-19.6091
18227.9	-19.6372
18238.6	-19.6653
18249.4	-19.6934
18260.2	-19.7216
18270.9	-19.7499
18281.7	-19.7782
18292.5	-19.8066
18303.2	-19.835
18314	-19.8635
18324.8	-19.8921
18335.5	-19.9207
18346.3	-19.9494
18357.1	-19.9782
18367.8	-20.0069
18378.6	-20.0358
18389.4	-20.0648
18400.1	-20.0938
18410.9	-20.1229
18421.7	-20.152
18432.4	-20.1812
18443.2	-20.2105
18454	-20.2398
18464.7	-20.2692
18475.5	-20.2986
18486.3	-20.3282
18497	-20.3578
18507.8	-20.3875
18518.6	-20.4172
18529.3	-20.4471
18540.1	-20.4769
18550.9	-20.5069
18561.6	-20.5369
18572.4	-20.567
18583.2	-20.5972
18593.9	-20.6274
18604.7	-20.6577
18615.5	-20.6881
18626.2	-20.7186
18637	-20.7491
18647.8	-20.7798
18658.5	-20.8105
18669.3	-20.8412
18680.1	-20.8721
18690.8	-20.903
18701.6	-20.934
18712.4	-20.9651
18723.1	-20.9963
18733.9	-21.0275
18744.7	-21.0588
18755.4	-21.0902
18766.2	-21.1217
18777	-21.1533
18787.7	-21.185
18798.5	-21.2167
18809.3	-21.2485
18820	-21.2804
18830.8	-21.3124
18841.6	-21.3445
18852.3	-21.3767
18863.1	-21.4089
18873.9	-21.4413
18884.6	-21.4737
18895.4	-21.5062
18906.2	-21.5388
18916.9	-21.5716
18927.7	-21.6043
18938.5	-21.6372
18949.2	-21.6702
18960	-21.7033
18970.8	-21.7365
18981.5	-21.7698
18992.3	-21.8031
19003.1	-21.8366
19013.8	-21.8701
19024.6	-21.9038
19035.4	-21.9376
19046.1	-21.9714
19056.9	-22.0054
19067.7	-22.0395
19078.4	-22.0736
19089.2	-22.1079
19100	-22.1423
19110.7	-22.1767
19121.5	-22.2113
19132.3	-22.246
19143	-22.2808
19153.8	-22.3157
19164.6	-22.3507
19175.3	-22.3859
19186.1	-22.4211
19196.9	-22.4565
19207.6	-22.4919
19218.4	-22.5275
19229.2	-22.5632
19239.9	-22.599
19250.7	-22.635
19261.5	-22.671
19272.2	-22.7072
19283	-22.7435
19293.8	-22.7798
19304.5	-22.8164
19315.3	-22.853
19326	-22.8898
19336.8	-22.9267
19347.6	-22.9638
19358.3	-23.0009
19369.1	-23.0382
19379.9	-23.0756
19390.6	-23.1132
19401.4	-23.1508
19412.2	-23.1886
19422.9	-23.2266
19433.7	-23.2647
19444.5	-23.3029
19455.2	-23.3413
19466	-23.3797
19476.8	-23.4184
19487.5	-23.4571
19498.3	-23.4961
19509.1	-23.5351
19519.8	-23.5744
19530.6	-23.6137
19541.4	-23.6532
19552.1	-23.6929
19562.9	-23.7327
19573.7	-23.7726
19584.4	-23.8128
19595.2	-23.853
19606	-23.8935
19616.7	-23.9341
19627.5	-23.9748
19638.3	-24.0157
19649	-24.0568
19659.8	-24.098
19670.6	-24.1394
19681.3	-24.181
19692.1	-24.2227
19702.9	-24.2646
19713.6	-24.3067
19724.4	-24.349
19735.2	-24.3914
19745.9	-24.434
19756.7	-24.4768
19767.5	-24.5198
19778.2	-24.5629
19789	-24.6062
19799.8	-24.6498
19810.5	-24.6935
19821.3	-24.7374
19832.1	-24.7815
19842.8	-24.8258
19853.6	-24.8703
19864.4	-24.915
19875.1	-24.9598
19885.9	-25.0049
19896.7	-25.0502
19907.4	-25.0957
19918.2	-25.1414
19929	-25.1874
19939.7	-25.2335
19950.5	-25.2799
19961.3	-25.3264
19972	-25.3732
19982.8	-25.4202
19993.6	-25.4674
20004.3	-25.5149
20015.1	-25.5626
20025.9	-25.6106
20036.6	-25.6588
20047.4	-25.7072
20058.2	-25.7558
20068.9	-25.8046
20079.7	-25.8538
20090.5	-25.9032
20101.2	-25.9528
20112	-26.0027
20122.8	-26.0529
20133.5	-26.1033
20144.3	-26.154
20155.1	-26.2049
20165.8	-26.2561
20176.6	-26.3076
20187.4	-26.3594
20198.1	-26.4115
20208.9	-26.4638
20219.7	-26.5164
20230.4	-26.5693
20241.2	-26.6225
20252	-26.676
20262.7	-26.7298
20273.5	-26.7839
20284.3	-26.8383
20295	-26.8931
20305.8	-26.9481
20316.6	-27.0035
20327.3	-27.0591
20338.1	-27.1152
20348.9	-27.1715
20359.6	-27.2282
20370.4	-27.2853
20381.2	-27.3427
20391.9	-27.4004
20402.7	-27.4585
20413.5	-27.5169
20424.2	-27.5757
20435	-27.6349
20445.8	-27.6944
20456.5	-27.7544
20467.3	-27.8147
20478.1	-27.8754
20488.8	-27.9366
20499.6	-27.9981
20510.4	-28.0601
20521.1	-28.1224
20531.9	-28.1852
20542.7	-28.2484
20553.4	-28.312
20564.2	-28.3761
20575	-28.4406
20585.7	-28.5055
20596.5	-28.571
20607.3	-28.6369
20618	-28.7032
20628.8	-28.7701
20639.6	-28.8374
20650.3	-28.9052
20661.1	-28.9736
20671.9	-29.0424
20682.6	-29.1118
20693.4	-29.1817
20704.2	-29.2522
20714.9	-29.3231
20725.7	-29.3946
20736.5	-29.4667
20747.2	-29.5394
20758	-29.6127
20768.8	-29.6866
20779.5	-29.761
20790.3	-29.8361
20801.1	-29.9118
20811.8	-29.988
20822.6	-30.065
20833.4	-30.1427
20844.1	-30.221
20854.9	-30.3
20865.7	-30.3797
20876.4	-30.4601
20887.2	-30.5412
20898	-30.6231
20908.7	-30.7056
20919.5	-30.789
20930.3	-30.8731
20941	-30.958
20951.8	-31.0438
20962.6	-31.1304
20973.3	-31.2177
20984.1	-31.306
20994.9	-31.3952
21005.6	-31.4853
21016.4	-31.5762
21027.2	-31.6681
21037.9	-31.7609
21048.7	-31.8547
21059.5	-31.9495
21070.2	-32.0453
21081	-32.1421
21091.8	-32.2401
21102.5	-32.3391
21113.3	-32.4393
21124.1	-32.5405
21134.8	-32.643
21145.6	-32.7466
21156.4	-32.8514
21167.1	-32.9575
21177.9	-33.0648
21188.7	-33.1735
21199.4	-33.2835
21210.2	-33.3949
21221	-33.5078
21231.7	-33.6221
21242.5	-33.7379
21253.3	-33.8552
21264	-33.974
21274.8	-34.0945
21285.6	-34.2167
21296.3	-34.3406
21307.1	-34.4664
21317.9	-34.5939
21328.6	-34.7233
21339.4	-34.8544
21350.2	-34.9876
21360.9	-35.1229
21371.7	-35.2603
21382.5	-35.3999
21393.2	-35.5418
21404	-35.6859
21414.8	-35.8324
21425.5	-35.9816
21436.3	-36.1332
21447.1	-36.2874
21457.8	-36.4444
21468.6	-36.6044
21479.4	-36.7673
21490.1	-36.9332
21500.9	-37.1024
21511.7	-37.2749
21522.4	-37.4508
21533.2	-37.6303
21544	-37.8137
21554.7	-38.0009
21565.5	-38.1922
21576.3	-38.3879
21587	-38.5881
21597.8	-38.7929
21608.6	-39.0026
21619.3	-39.2174
21630.1	-39.4377
21640.9	-39.6638
21651.6	-39.8958
21662.4	-40.1341
21673.2	-40.3792
21683.9	-40.6312
21694.7	-40.891
21705.5	-41.1586
21716.2	-41.4345
21727	-41.7197
21737.8	-42.0146
21748.5	-42.3195
21759.3	-42.6357
21770.1	-42.9638
21780.8	-43.3046
21791.6	-43.6595
21802.4	-44.0296
21813.1	-44.4156
21823.9	-44.8197
21834.7	-45.2436
21845.4	-45.6894
21856.2	-46.1593
21867	-46.656
21877.7	-47.1827
21888.5	-47.7432
21899.3	-48.3425
21910	-48.9867
21920.8	-49.6822
21931.6	-50.4385
21942.3	-51.2665
21953.1	-52.1811
21963.9	-53.2044
21974.6	-54.3639
21985.4	-55.7022
21996.2	-57.2867
22006.9	-59.2251
22017.7	-61.7242
22028.5	-65.2471
22039.2	-71.2704
22050	-291.488
22060.8	-71.2704
22071.5	-65.2471
22082.3	-61.7242
22093.1	-59.2251
22103.8	-57.2867
22114.6	-55.7022
22125.4	-54.3639
22136.1	-53.2044
22146.9	-52.1811
22157.7	-51.2665
22168.4	-50.4385
22179.2	-49.6822
22190	-48.9867
22200.7	-48.3425
22211.5	-47.7432
22222.3	-47.1827
22233	-46.656
22243.8	-46.1593
22254.6	-45.6894
22265.3	-45.2436
22276.1	-44.8197
22286.9	-44.4156
22297.6	-44.0296
22308.4	-43.6595
22319.2	-43.3046
22329.9	-42.9638
22340.7	-42.6357
22351.5	-42.3195
22362.2	-42.0146
22373	-41.7197
22383.8	-41.4345
22394.5	-41.1586
22405.3	-40.891
22416.1	-40.6312
22426.8	-40.3792
22437.6	-40.1341
22448.4	-39.8958
22459.1	-39.6638
22469.9	-39.4377
22480.7	-39.2174
22491.4	-39.0026
22502.2	-38.7929
22513	-38.5881
22523.7	-38.3879
22534.5	-38.1922
22545.3	-38.0009
22556	-37.8137
22566.8	-37.6303
22577.6	-37.4508
22588.3	-37.2749
22599.1	-37.1024
22609.9	-36.9332
22620.6	-36.7673
22631.4	-36.6044
22642.2	-36.4444
22652.9	-36.2874
22663.7	-36.1332
22674.5	-35.9816
22685.2	-35.8324
22696	-35.6859
22706.8	-35.5418
22717.5	-35.3999
22728.3	-35.2603
22739.1	-35.1229
22749.8	-34.9876
22760.6	-34.8544
22771.4	-34.7233
22782.1	-34.5939
22792.9	-34.4664
22803.7	-34.3406
22814.4	-34.2167
22825.2	-34.0945
22836	-33.974
22846.7	-33.8552
22857.5	-33.7379
22868.3	-33.6221
22879	-33.5078
22889.8	-33.3949
22900.6	-33.2835
22911.3	-33.1735
22922.1	-33.0648
22932.9	-32.9575
22943.6	-32.8514
22954.4	-32.7466
22965.2	-32.643
22975.9	-32.5405
22986.7	-32.4393
22997.5	-32.3391
23008.2	-32.2401
23019	-32.1421
23029.8	-32.0453
23040.5	-31.9495
23051.3	-31.8547
23062.1	-31.7609
23072.8	-31.6681
23083.6	-31.5762
23094.4	-31.4853
23105.1	-31.3952
23115.9	-31.306
23126.7	-31.2177
23137.4	-31.1304
23148.2	-31.0438
23159	-30.958
23169.7	-30.8731
23180.5	-30.789
23191.3	-30.7056
23202	-30.6231
23212.8	-30.5412
23223.6	-30.4601
23234.3	-30.3797
23245.1	-30.3
23255.9	-30.221
23266.6	-30.1427
23277.4	-30.065
23288.2	-29.988
23298.9	-29.9118
23309.7	-29.8361
23320.5	-29.761
23331.2	-29.6866
23342	-29.6127
23352.8	-29.5394
23363.5	-29.4667
23374.3	-29.3946
23385.1	-29.3231
23395.8	-29.2522
23406.6	-29.1817
23417.4	-29.1118
23428.1	-29.0424
23438.9	-28.9736
23449.7	-28.9052
23460.4	-28.8374
23471.2	-28.7701
23482	-28.7032
23492.7	-28.6369
23503.5	-28.571
23514.3	-28.5055
23525	-28.4406
23535.8	-28.3761
23546.6	-28.312
23557.3	-28.2484
23568.1	-28.1852
23578.9	-28.1224
23589.6	-28.0601
23600.4	-27.9981
23611.2	-27.9366
23621.9	-27.8754
23632.7	-27.8147
23643.5	-27.7544
23654.2	-27.6944
23665	-27.6349
23675.8	-27.5757
23686.5	-27.5169
23697.3	-27.4585
23708.1	-27.4004
23718.8	-27.3427
23729.6	-27.2853
23740.4	-27.2282
23751.1	-27.1715
23761.9	-27.1152
23772.7	-27.0591
23783.4	-27.0035
23794.2	-26.9481
23805	-26.8931
23815.7	-26.8383
23826.5	-26.7839
23837.3	-26.7298
23848	-26.676
23858.8	-26.6225
23869.6	-26.5693
23880.3	-26.5164
23891.1	-26.4638
23901.9	-26.4115
23912.6	-26.3594
23923.4	-26.3076
23934.2	-26.2561
23944.9	-26.2049
23955.7	-26.154
23966.5	-26.1033
23977.2	-26.0529
23988	-26.0027
23998.8	-25.9528
24009.5	-25.9032
24020.3	-25.8538
24031.1	-25.8046
24041.8	-25.7558
24052.6	-25.7072
24063.4	-25.6588
24074.1	-25.6106
24084.9	-25.5626
24095.7	-25.5149
24106.4	-25.4674
24117.2	-25.4202
24128	-25.3732
24138.7	-25.3264
24149.5	-25.2799
24160.3	-25.2335
24171	-25.1874
24181.8	-25.1414
24192.6	-25.0957
24203.3	-25.0502
24214.1	-25.0049
24224.9	-24.9598
24235.6	-24.915
24246.4	-24.8703
24257.2	-24.8258
24267.9	-24.7815
24278.7	-24.7374
24289.5	-24.6935
24300.2	-24.6498
24311	-24.6062
24321.8	-24.5629
24332.5	-24.5198
24343.3	-24.4768
24354.1	-24.434
24364.8	-24.3914
24375.6	-24.349
24386.4	-24.3067
24397.1	-24.2646
24407.9	-24.2227
24418.7	-24.181
24429.4	-24.1394
24440.2	-24.098
24451	-24.0568
24461.7	-24.0157
24472.5	-23.9748
24483.3	-23.9341
24494	-23.8935
24504.8	-23.853
24515.6	-23.8128
24526.3	-23.7726
24537.1	-23.7327
24547.9	-23.6929
24558.6	-23.6532
24569.4	-23.6137
24580.2	-23.5744
24590.9	-23.5351
24601.7	-23.4961
24612.5	-23.4571
24623.2	-23.4184
24634	-23.3797
24644.8	-23.3413
24655.5	-23.3029
24666.3	-23.2647
24677.1	-23.2266
24687.8	-23.1886
24698.6	-23.1508
24709.4	-23.1132
24720.1	-23.0756
24730.9	-23.0382
24741.7	-23.0009
24752.4	-22.9638
24763.2	-22.9267
24774	-22.8898
24784.7	-22.853
24795.5	-22.8164
24806.2	-22.7798
24817	-22.7435
24827.8	-22.7072
24838.5	-22.671
24849.3	-22.635
24860.1	-22.599
24870.8	-22.5632
24881.6	-22.5275
24892.4	-22.4919
24903.1	-22.4565
24913.9	-22.4211
24924.7	-22.3859
24935.4	-22.3507
24946.2	-22.3157
24957	-22.2808
24967.7	-22.246
24978.5	-22.2113
24989.3	-22.1767
25000	-22.1423
25010.8	-22.1079
25021.6	-22.0736
25032.3	-22.0395
25043.1	-22.0054
25053.9	-21.9714
25064.6	-21.9376
25075.4	-21.9038
25086.2	-21.8701
25096.9	-21.8366
25107.7	-21.8031
25118.5	-21.7698
25129.2	-21.7365
25140	-21.7033
25150.8	-21.6702
25161.5	-21.6372
25172.3	-21.6043
25183.1	-21.5716
25193.8	-21.5388
25204.6	-21.5062
25215.4	-21.4737
25226.1	-21.4413
25236.9	-21.4089
25247.7	-21.3767
25258.4	-21.3445
25269.2	-21.3124
25280	-21.2804
25290.7	-21.2485
25301.5	-21.2167
25312.3	-21.185
25323	-21.1533
25333.8	-21.1217
25344.6	-21.0902
25355.3	-21.0588
25366.1	-21.0275
25376.9	-20.9963
25387.6	-20.9651
25398.4	-20.934
25409.2	-20.903
25419.9	-20.8721
25430.7	-20.8412
25441.5	-20.8105
25452.2	-20.7798
25463	-20.7491
25473.8	-20.7186
25484.5	-20.6881
25495.3	-20.6577
25506.1	-20.6274
25516.8	-20.5972
25527.6	-20.567
25538.4	-20.5369
25549.1	-20.5069
25559.9	-20.4769
25570.7	-20.4471
25581.4	-20.4172
25592.2	-20.3875
25603	-20.3578
25613.7	-20.3282
25624.5	-20.2986
25635.3	-20.2692
25646	-20.2398
25656.8	-20.2105
25667.6	-20.1812
25678.3	-20.152
25689.1	-20.1229
25699.9	-20.0938
25710.6	-20.0648
25721.4	-20.0358
25732.2	-20.0069
25742.9	-19.9782
25753.7	-19.9494
25764.5	-19.9207
25775.2	-19.8921
25786	-19.8635
25796.8	-19.835
25807.5	-19.8066
25818.3	-19.7782
25829.1	-19.7499
25839.8	-19.7216
25850.6	-19.6934
25861.4	-19.6653
25872.1	-19.6372
25882.9	-19.6091
25893.7	-19.5812
25904.4	-19.5533
25915.2	-19.5254
25926	-19.4976
25936.7	-19.4698
25947.5	-19.4422
25958.3	-19.4145
25969	-19.3869
25979.8	-19.3594
25990.6	-19.332
26001.3	-19.3045
26012.1	-19.2772
26022.9	-19.2499
26033.6	-19.2226
26044.4	-19.1954
26055.2	-19.1682
26065.9	-19.1412
26076.7	-19.1141
26087.5	-19.0871
26098.2	-19.0602
26109	-19.0333
26119.8	-19.0064
26130.5	-18.9796
26141.3	-18.9529
26152.1	-18.9262
26162.8	-18.8995
26173.6	-18.8729
26184.4	-18.8464
26195.1	-18.8199
26205.9	-18.7934
26216.7	-18.767
26227.4	-18.7406
26238.2	-18.7143
26249	-18.688
26259.7	-18.6618
26270.5	-18.6356
26281.3	-18.6095
26292	-18.5834
26302.8	-18.5574
26313.6	-18.5314
26324.3	-18.5054
26335.1	-18.4795
26345.9	-18.4536
26356.6	-18.4278
26367.4	-18.402
26378.2	-18.3763
26388.9	-18.3506
26399.7	-18.3249
26410.5	-18.2993
26421.2	-18.2737
26432	-18.2482
26442.8	-18.2227
26453.5	-18.1972
26464.3	-18.1718
26475.1	-18.1465
26485.8	-18.1211
26496.6	-18.0959
26507.4	-18.0706
26518.1	-18.0454
26528.9	-18.0202
26539.7	-17.9951
26550.4	-17.97
26561.2	-17.945
26572	-17.9199
26582.7	-17.895
26593.5	-17.87
26604.3	-17.8451
26615	-17.8202
26625.8	-17.7954
26636.6	-17.7706
26647.3	-17.7459
26658.1	-17.7211
26668.9	-17.6965
26679.6	-17.6718
26690.4	-17.6472
26701.2	-17.6226
26711.9	-17.5981
26722.7	-17.5735
26733.5	-17.5491
26744.2	-17.5246
26755	-17.5002
26765.8	-17.4758
26776.5	-17.4515
26787.3	-17.4272
26798.1	-17.4029
26808.8	-17.3787
26819.6	-17.3545
26830.4	-17.3303
26841.1	-17.3062
26851.9	-17.2821
26862.7	-17.258
26873.4	-17.234
26884.2	-17.2099
26895	-17.1859
26905.7	-17.162
26916.5	-17.1381
26927.3	-17.1142
26938	-17.0903
26948.8	-17.0665
26959.6	-17.0427
26970.3	-17.0189
26981.1	-16.9952
26991.9	-16.9715
27002.6	-16.9478
27013.4	-16.9241
27024.2	-16.9005
27034.9	-16.8769
27045.7	-16.8534
27056.5	-16.8298
27067.2	-16.8063
27078	-16.7828
27088.8	-16.7594
27099.5	-16.7359
27110.3	-16.7125
27121.1	-16.6892
27131.8	-16.6658
27142.6	-16.6425
27153.4	-16.6192
27164.1	-16.596
27174.9	-16.5727
27185.7	-16.5495
27196.4	-16.5263
27207.2	-16.5032
27218	-16.48
27228.7	-16.457
27239.5	-16.4339
27250.3	-16.4108
27261	-16.3878
27271.8	-16.3648
27282.6	-16.3418
27293.3	-16.3188
27304.1	-16.2959
27314.9	-16.273
27325.6	-16.2501
27336.4	-16.2273
27347.2	-16.2044
27357.9	-16.1816
27368.7	-16.1588
27379.5	-16.1361
27390.2	-16.1133
27401	-16.0906
27411.8	-16.0679
27422.5	-16.0452
27433.3	-16.0226
27444.1	-15.9999
27454.8	-15.9773
27465.6	-15.9548
27476.4	-15.9322
27487.1	-15.9097
27497.9	-15.8871
27508.7	-15.8647
27519.4	-15.8422
27530.2	-15.8197
27541	-15.7973
27551.7	-15.7749
27562.5	-15.7525
27573.3	-15.7301
27584	-15.7078
27594.8	-15.6854
27605.6	-15.6631
27616.3	-15.6408
27627.1	-15.6186
27637.9	-15.5963
27648.6	-15.5741
27659.4	-15.5519
27670.2	-15.5297
27680.9	-15.5075
27691.7	-15.4853
27702.5	-15.4632
27713.2	-15.4411
27724	-15.419
27734.8	-15.3969
27745.5	-15.3749
27756.3	-15.3528
27767.1	-15.3308
27777.8	-15.3088
27788.6	-15.2868
27799.4	-15.2648
27810.1	-15.2429
27820.9	-15.2209
27831.7	-15.199
27842.4	-15.1771
27853.2	-15.1553
27864	-15.1334
27874.7	-15.1116
27885.5	-15.0897
27896.3	-15.0679
27907	-15.0461
27917.8	-15.0243
27928.6	-15.0026
27939.3	-14.9808
27950.1	-14.9591
27960.9	-14.9374
27971.6	-14.9157
27982.4	-14.894
27993.2	-14.8723
28003.9	-14.8507
28014.7	-14.829
28025.5	-14.8074
28036.2	-14.7858
28047	-14.7642
28057.8	-14.7426
28068.5	-14.7211
28079.3	-14.6995
28090.1	-14.678
28100.8	-14.6565
28111.6	-14.635
28122.4	-14.6135
28133.1	-14.592
28143.9	-14.5705
28154.7	-14.5491
28165.4	-14.5276
28176.2	-14.5062
28187	-14.4848
28197.7	-14.4634
28208.5	-14.442
28219.3	-14.4207
28230	-14.3993
28240.8	-14.378
28251.6	-14.3567
28262.3	-14.3354
28273.1	-14.314
28283.9	-14.2928
28294.6	-14.2715
28305.4	-14.2502
28316.2	-14.2289
28326.9	-14.2077
28337.7	-14.1865
28348.5	-14.1653
28359.2	-14.1441
28370	-14.1229
28380.8	-14.1017
28391.5	-14.0805
28402.3	-14.0594
28413.1	-14.0382
28423.8	-14.0171
28434.6	-13.996
28445.4	-13.9748
28456.1	-13.9537
28466.9	-13.9326
28477.7	-13.9116
28488.4	-13.8905
28499.2	-13.8694
28510	-13.8484
28520.7	-13.8274
28531.5	-13.8063
28542.3	-13.7853
28553	-13.7643
28563.8	-13.7433
28574.6	-13.7223
28585.3	-13.7013
28596.1	-13.6803
28606.9	-13.6594
28617.6	-13.6384
28628.4	-13.6175
28639.2	-13.5966
28649.9	-13.5757
28660.7	-13.5547
28671.5	-13.5338
28682.2	-13.5129
28693	-13.4921
28703.8	-13.4712
28714.5	-13.4503
28725.3	-13.4295
28736.1	-13.4086
28746.8	-13.3878
28757.6	-13.3669
28768.4	-13.3461
28779.1	-13.3253
28789.9	-13.3045
28800.7	-13.2837
28811.4	-13.2629
28822.2	-13.2421
28833	-13.2213
28843.7	-13.2005
28854.5	-13.1798
28865.3	-13.159
28876	-13.1383
28886.8	-13.1175
28897.6	-13.0968
28908.3	-13.0761
28919.1	-13.0553
28929.9	-13.0346
28940.6	-13.0139
28951.4	-12.9932
28962.2	-12.9725
28972.9	-12.9519
28983.7	-12.9312
28994.5	-12.9105
29005.2	-12.8898
29016	-12.8692
29026.8	-12.8485
29037.5	-12.8279
29048.3	-12.8072
29059.1	-12.7866
29069.8	-12.7659
29080.6	-12.7453
29091.4	-12.7247
29102.1	-12.7041
29112.9	-12.6835
29123.7	-12.6629
29134.4	-12.6423
29145.2	-12.6217
29156	-12.6011
29166.7	-12.5805
29177.5	-12.5599
29188.3	-12.5394
29199	-12.5188
29209.8	-12.4982
29220.6	-12.4777
29231.3	-12.4571
29242.1	-12.4366
29252.9	-12.416
29263.6	-12.3955
29274.4	-12.3749
29285.2	-12.3544
29295.9	-12.3339
29306.7	-12.3134
29317.5	-12.2928
29328.2	-12.2723
29339	-12.2518
29349.8	-12.2313
29360.5	-12.2108
29371.3	-12.1903
29382.1	-12.1698
29392.8	-12.1493
29403.6	-12.1288
29414.4	-12.1083
29425.1	-12.0878
29435.9	-12.0673
29446.7	-12.0469
29457.4	-12.0264
29468.2	-12.0059
29479	-11.9854
29489.7	-11.965
29500.5	-11.9445
29511.3	-11.9241
29522	-11.9036
29532.8	-11.8831
29543.6	-11.8627
29554.3	-11.8422
29565.1	-11.8218
29575.9	-11.8013
29586.6	-11.7809
29597.4	-11.7604
29608.2	-11.74
29618.9	-11.7196
29629.7	-11.6991
29640.5	-11.6787
29651.2	-11.6582
29662	-11.6378
29672.8	-11.6174
29683.5	-11.597
29694.3	-11.5765
29705.1	-11.5561
29715.8	-11.5357
29726.6	-11.5152
29737.4	-11.4948
29748.1	-11.4744
29758.9	-11.4539
29769.7	-11.4335
29780.4	-11.4131
29791.2	-11.3927
29802	-11.3723
29812.7	-11.3519
29823.5	-11.3314
29834.3	-11.311
29845	-11.2906
29855.8	-11.2702
29866.6	-11.2498
29877.3	-11.2293
29888.1	-11.2089
29898.9	-11.1885
29909.6	-11.1681
29920.4	-11.1477
29931.2	-11.1272
29941.9	-11.1068
29952.7	-11.0864
29963.5	-11.066
29974.2	-11.0455
29985	-11.0251
29995.8	-11.0047
30006.5	-10.9843
30017.3	-10.9639
30028.1	-10.9434
30038.8	-10.923
30049.6	-10.9026
30060.4	-10.8822
30071.1	-10.8617
30081.9	-10.8413
30092.7	-10.8209
30103.4	-10.8004
30114.2	-10.78
30125	-10.7596
30135.7	-10.7391
30146.5	-10.7187
30157.3	-10.6982
30168	-10.6778
30178.8	-10.6574
30189.6	-10.6369
30200.3	-10.6165
30211.1	-10.596
30221.9	-10.5756
30232.6	-10.5551
30243.4	-10.5346
30254.2	-10.5142
30264.9	-10.4937
30275.7	-10.4732
30286.5	-10.4528
30297.2	-10.4323
30308	-10.4119
30318.8	-10.3914
30329.5	-10.3709
30340.3	-10.3504
30351	-10.3299
30361.8	-10.3094
30372.6	-10.289
30383.3	-10.2684
30394.1	-10.248
30404.9	-10.2275
30415.6	-10.207
30426.4	-10.1864
30437.2	-10.1659
30447.9	-10.1454
30458.7	-10.1249
30469.5	-10.1044
30480.2	-10.0839
30491	-10.0633
30501.8	-10.0428
30512.5	-10.0223
30523.3	-10.0017
30534.1	-9.98117
30544.8	-9.96064
30555.6	-9.94007
30566.4	-9.91952
30577.1	-9.89895
30587.9	-9.8784
30598.7	-9.85781
30609.4	-9.83725
30620.2	-9.81666
30631	-9.79608
30641.7	-9.77548
30652.5	-9.7549
30663.3	-9.73428
30674	-9.71369
30684.8	-9.69307
30695.6	-9.67246
30706.3	-9.65183
30717.1	-9.63122
30727.9	-9.61058
30738.6	-9.58996
30749.4	-9.56931
30760.2	-9.54867
30770.9	-9.528
30781.7	-9.50736
30792.5	-9.48668
30803.2	-9.46602
30814	-9.44533
30824.8	-9.42466
30835.5	-9.40397
30846.3	-9.38329
30857.1	-9.36257
30867.8	-9.34188
30878.6	-9.32115
30889.4	-9.30044
30900.1	-9.27971
30910.9	-9.25899
30921.7	-9.23823
30932.4	-9.2175
30943.2	-9.19674
30954	-9.176
30964.7	-9.15522
30975.5	-9.13445
30986.3	-9.11366
30997	-9.09289
31007.8	-9.07208
31018.6	-9.05129
31029.3	-9.03047
31040.1	-9.00967
31050.9	-8.98884
31061.6	-8.96802
31072.4	-8.94717
31083.2	-8.92634
31093.9	-8.90547
31104.7	-8.88463
31115.5	-8.86375
31126.2	-8.84288
31137	-8.82199
31147.8	-8.80111
31158.5	-8.7802
31169.3	-8.7593
31180.1	-8.73838
31190.8	-8.71747
31201.6	-8.69652
31212.4	-8.67559
31223.1	-8.65462
31233.9	-8.63368
31244.7	-8.6127
31255.4	-8.59174
31266.2	-8.57074
31277	-8.54976
31287.7	-8.52875
31298.5	-8.50775
31309.3	-8.48672
31320	-8.4657
31330.8	-8.44464
31341.6	-8.42361
31352.3	-8.40254
31363.1	-8.38149
31373.9	-8.3604
31384.6	-8.33933
31395.4	-8.31822
31406.2	-8.29713
31416.9	-8.276
31427.7	-8.25489
31438.5	-8.23375
31449.2	-8.21261
31460	-8.19145
31470.8	-8.1703
31481.5	-8.14911
31492.3	-8.12794
31503.1	-8.10674
31513.8	-8.08554
31524.6	-8.06431
31535.4	-8.0431
31546.1	-8.02185
31556.9	-8.00061
31567.7	-7.97935
31578.4	-7.95809
31589.2	-7.9368
31600	-7.91552
31610.7	-7.89421
31621.5	-7.8729
31632.3	-7.85157
31643	-7.83025
31653.8	-7.80889
31664.6	-7.78755
31675.3	-7.76617
31686.1	-7.7448
31696.9	-7.72339
31707.6	-7.702
31718.4	-7.68057
31729.2	-7.65916
31739.9	-7.63771
31750.7	-7.61627
31761.5	-7.59479
31772.2	-7.57333
31783	-7.55183
31793.8	-7.53035
31804.5	-7.50882
31815.3	-7.48731
31826.1	-7.46576
31836.8	-7.44422
31847.6	-7.42265
31858.4	-7.40109
31869.1	-7.37949
31879.9	-7.3579
31890.7	-7.33627
31901.4	-7.31466
31912.2	-7.29301
31923	-7.27137
31933.7	-7.24969
31944.5	-7.22802
31955.3	-7.20632
31966	-7.18462
31976.8	-7.1629
31987.6	-7.14118
31998.3	-7.11942
32009.1	-7.09767
32019.9	-7.07588
32030.6	-7.0541
32041.4	-7.03229
32052.2	-7.01049
32062.9	-6.98865
32073.7	-6.96681
32084.5	-6.94494
32095.2	-6.92308
32106	-6.90118
32116.8	-6.87929
32127.5	-6.85736
32138.3	-6.83544
32149.1	-6.81348
32159.8	-6.79154
32170.6	-6.76955
32181.4	-6.74758
32192.1	-6.72556
32202.9	-6.70354
32213.7	-6.68149
32224.4	-6.65946
32235.2	-6.63738
32246	-6.6153
32256.7	-6.59319
32267.5	-6.57109
32278.3	-6.54895
32289	-6.52682
32299.8	-6.50465
32310.6	-6.48248
32321.3	-6.46027
32332.1	-6.43807
32342.9	-6.41584
32353.6	-6.39361
32364.4	-6.37133
32375.2	-6.34907
32385.9	-6.32677
32396.7	-6.30447
32407.5	-6.28213
32418.2	-6.2598
32429	-6.23743
32439.8	-6.21507
32450.5	-6.19266
32461.3	-6.17026
32472.1	-6.14782
32482.8	-6.12539
32493.6	-6.10292
32504.4	-6.08045
32515.1	-6.05794
32525.9	-6.03544
32536.7	-6.01289
32547.4	-5.99035
32558.2	-5.96777
32569	-5.9452
32579.7	-5.92258
32590.5	-5.89997
32601.3	-5.87732
32612	-5.85467
32622.8	-5.83198
32633.6	-5.8093
32644.3	-5.78657
32655.1	-5.76385
32665.9	-5.74108
32676.6	-5.71832
32687.4	-5.69552
32698.2	-5.67272
32708.9	-5.64988
32719.7	-5.62704
32730.5	-5.60416
32741.2	-5.58129
32752	-5.55837
32762.8	-5.53545
32773.5	-5.51249
32784.3	-5.48953
32795.1	-5.46654
32805.8	-5.44354
32816.6	-5.42051
32827.4	-5.39747
32838.1	-5.37439
32848.9	-5.35132
32859.7	-5.3282
32870.4	-5.30508
32881.2	-5.28192
32892	-5.25876
32902.7	-5.23556
32913.5	-5.21235
32924.3	-5.18911
32935	-5.16587
32945.8	-5.14258
32956.6	-5.1193
32967.3	-5.09597
32978.1	-5.07264
32988.9	-5.04926
32999.6	-5.02589
33010.4	-5.00247
33021.2	-4.97905
33031.9	-4.95559
33042.7	-4.93213
33053.5	-4.90863
33064.2	-4.88512
33075	-4.86157
33085.8	-4.83802
33096.5	-4.81443
33107.3	-4.79083
33118.1	-4.76719
33128.8	-4.74355
33139.6	-4.71986
33150.4	-4.69617
33161.1	-4.67243
33171.9	-4.6487
33182.7	-4.62492
33193.4	-4.60114
33204.2	-4.57731
33215	-4.55348
33225.7	-4.5296
33236.5	-4.50572
33247.3	-4.48179
33258	-4.45787
33268.8	-4.43389
33279.6	-4.40992
33290.3	-4.38589
33301.1	-4.36187
33311.9	-4.33779
33322.6	-4.31372
33333.4	-4.2896
33344.2	-4.26547
33354.9	-4.2413
33365.7	-4.21712
33376.5	-4.1929
33387.2	-4.16867
33398	-4.1444
33408.8	-4.12012
33419.5	-4.09579
33430.3	-4.07145
33441.1	-4.04707
33451.8	-4.02269
33462.6	-3.99826
33473.4	-3.97382
33484.1	-3.94933
33494.9	-3.92484
33505.7	-3.9003
33516.4	-3.87576
33527.2	-3.85116
33538	-3.82656
33548.7	-3.80191
33559.5	-3.77726
33570.3	-3.75255
33581	-3.72784
33591.8	-3.70308
33602.6	-3.67832
33613.3	-3.6535
33624.1	-3.62867
33634.9	-3.6038
33645.6	-3.57892
33656.4	-3.55399
33667.2	-3.52905
33677.9	-3.50406
33688.7	-3.47906
33699.5	-3.45402
33710.2	-3.42896
33721	-3.40385
33731.8	-3.37874
33742.5	-3.35357
33753.3	-3.3284
33764.1	-3.30318
33774.8	-3.27795
33785.6	-3.25266
33796.4	-3.22736
33807.1	-3.20201
33817.9	-3.17666
33828.7	-3.15125
33839.4	-3.12583
33850.2	-3.10036
33861	-3.07488
33871.7	-3.04934
33882.5	-3.0238
33893.3	-2.9982
33904	-2.9726
33914.8	-2.94693
33925.6	-2.92126
33936.3	-2.89553
33947.1	-2.8698
33957.9	-2.84401
33968.6	-2.81821
33979.4	-2.79235
33990.2	-2.76648
34000.9	-2.74056
34011.7	-2.71462
34022.5	-2.68863
34033.2	-2.66263
34044	-2.63658
34054.8	-2.61051
34065.5	-2.58438
34076.3	-2.55825
34087.1	-2.53205
34097.8	-2.50584
34108.6	-2.47958
34119.4	-2.4533
34130.1	-2.42697
34140.9	-2.40062
34151.7	-2.37422
34162.4	-2.3478
34173.2	-2.32133
34184	-2.29484
34194.7	-2.26829
34205.5	-2.24173
34216.3	-2.21511
34227	-2.18847
34237.8	-2.16178
34248.6	-2.13507
34259.3	-2.10831
34270.1	-2.08152
34280.9	-2.05468
34291.6	-2.02782
34302.4	-2.00091
34313.2	-1.97398
34323.9	-1.94698
34334.7	-1.91997
34345.5	-1.8929
34356.2	-1.86582
34367	-1.83867
34377.8	-1.81151
34388.5	-1.78428
34399.3	-1.75703
34410.1	-1.72973
34420.8	-1.70241
34431.6	-1.67502
34442.4	-1.64762
34453.1	-1.62015
34463.9	-1.59267
34474.7	-1.56513
34485.4	-1.53757
34496.2	-1.50994
34507	-1.48229
34517.7	-1.45458
34528.5	-1.42685
34539.3	-1.39905
34550	-1.37124
34560.8	-1.34336
34571.6	-1.31546
34582.3	-1.2875
34593.1	-1.25952
34603.9	-1.23146
34614.6	-1.20339
34625.4	-1.17526
34636.2	-1.1471
34646.9	-1.11888
34657.7	-1.09063
34668.5	-1.06232
34679.2	-1.03399
34690	-1.00558
34700.8	-0.977159
34711.5	-0.948668
34722.3	-0.920154
34733.1	-0.891572
34743.8	-0.862964
34754.6	-0.83429
34765.4	-0.80559
34776.1	-0.77682
34786.9	-0.748028
34797.7	-0.719169
34808.4	-0.690284
34819.2	-0.661327
34830	-0.632345
34840.7	-0.603294
34851.5	-0.574216
34862.3	-0.545068
34873	-0.515894
34883.8	-0.486648
34894.6	-0.457376
34905.3	-0.428031
34916.1	-0.398659
34926.9	-0.369216
34937.6	-0.339746
34948.4	-0.310202
34959.2	-0.280627
34969.9	-0.250983
34980.7	-0.221307
34991.5	-0.191559
35002.2	-0.161782
35013	-0.13193
35023.8	-0.102047
35034.5	-0.0720922
35045.3	-0.0421054
35056.1	-0.0120436
35066.8	0.0180494
35077.6	0.0482181
35088.4	0.0784201
35099.1	0.108696
35109.9	0.139005
35120.7	0.169389
35131.4	0.199807
35142.2	0.230302
35153	0.260831
35163.7	0.291437
35174.5	0.32208
35185.3	0.352798
35196	0.383552
35206.8	0.414385
35217.6	0.445253
35228.3	0.476201
35239.1	0.507183
35249.9	0.538245
35260.6	0.569346
35271.4	0.600526
35282.2	0.631745
35292.9	0.663045
35303.7	0.694383
35314.5	0.725799
35325.2	0.757256
35336	0.788797
35346.8	0.820377
35357.5	0.852038
35368.3	0.88374
35379.1	0.915525
35389.8	0.947352
35400.6	0.979262
35411.4	1.01121
35422.1	1.04325
35432.9	1.07533
35443.7	1.1075
35454.4	1.1397
35465.2	1.172
35476	1.20433
35486.7	1.23676
35497.5	1.26923
35508.3	1.30178
35519	1.33439
35529.8	1.36707
35540.6	1.39981
35551.3	1.43264
35562.1	1.46551
35572.9	1.49847
35583.6	1.53148
35594.4	1.56458
35605.2	1.59773
35615.9	1.63096
35626.7	1.66425
35637.5	1.69763
35648.2	1.73106
35659	1.76459
35669.8	1.79816
35680.5	1.83183
35691.3	1.86555
35702.1	1.89936
35712.8	1.93322
35723.6	1.96719
35734.4	2.0012
35745.1	2.03531
35755.9	2.06948
35766.7	2.10374
35777.4	2.13806
35788.2	2.17247
35799	2.20694
35809.7	2.24151
35820.5	2.27614
35831.2	2.31087
35842	2.34565
35852.8	2.38054
35863.5	2.41549
35874.3	2.45053
35885.1	2.48564
35895.8	2.52085
35906.6	2.55612
35917.4	2.59149
35928.1	2.62693
35938.9	2.66247
35949.7	2.69807
35960.4	2.73378
35971.2	2.76955
35982	2.80543
35992.7	2.84138
36003.5	2.87743
36014.3	2.91355
36025	2.94978
36035.8	2.98607
36046.6	3.02248
36057.3	3.05895
36068.1	3.09553
36078.9	3.13219
36089.6	3.16895
36100.4	3.20579
36111.2	3.24274
36121.9	3.27976
36132.7	3.3169
36143.5	3.35411
36154.2	3.39143
36165	3.42883
36175.8	3.46635
36186.5	3.50394
36197.3	3.54165
36208.1	3.57944
36218.8	3.61735
36229.6	3.65533
36240.4	3.69344
36251.1	3.73163
36261.9	3.76993
36272.7	3.80832
36283.4	3.84684
36294.2	3.88543
36305	3.92415
36315.7	3.96295
36326.5	4.00188
36337.3	4.0409
36348	4.08004
36358.8	4.11927
36369.6	4.15863
36380.3	4.19808
36391.1	4.23765
36401.9	4.27732
36412.6	4.31712
36423.4	4.35701
36434.2	4.39704
36444.9	4.43716
36455.7	4.47741
36466.5	4.51776
36477.2	4.55824
36488	4.59882
36498.8	4.63954
36509.5	4.68036
36520.3	4.72132
36531.1	4.76238
36541.8	4.80358
36552.6	4.84488
36563.4	4.88633
36574.1	4.92788
36584.9	4.96957
36595.7	5.01137
36606.4	5.05332
36617.2	5.09537
36628	5.13758
36638.7	5.17989
36649.5	5.22235
36660.3	5.26493
36671	5.30766
36681.8	5.3505
36692.6	5.3935
36703.3	5.43661
36714.1	5.47988
36724.9	5.52327
36735.6	5.56682
36746.4	5.61049
36757.2	5.65431
36767.9	5.69827
36778.7	5.74238
36789.5	5.78662
36800.2	5.83102
36811	5.87556
36821.8	5.92026
36832.5	5.96509
36843.3	6.01009
36854.1	6.05522
36864.8	6.10052
36875.6	6.14596
36886.4	6.19158
36897.1	6.23733
36907.9	6.28326
36918.7	6.32933
36929.4	6.37558
36940.2	6.42197
36951	6.46855
36961.7	6.51527
36972.5	6.56218
36983.3	6.60923
36994	6.65648
37004.8	6.70387
37015.6	6.75146
37026.3	6.7992
37037.1	6.84714
37047.9	6.89523
37058.6	6.94352
37069.4	6.99198
37080.2	7.04063
37090.9	7.08945
37101.7	7.13847
37112.5	7.18766
37123.2	7.23705
37134	7.28662
37144.8	7.33639
37155.5	7.38635
37166.3	7.43651
37177.1	7.48686
37187.8	7.53742
37198.6	7.58816
37209.4	7.63913
37220.1	7.69028
37230.9	7.74166
37241.7	7.79322
37252.4	7.84502
37263.2	7.89701
37274	7.94923
37284.7	8.00165
37295.5	8.05431
37306.3	8.10717
37317	8.16028
37327.8	8.21359
37338.6	8.26714
37349.3	8.32091
37360.1	8.37493
37370.9	8.42917
37381.6	8.48365
37392.4	8.53837
37403.2	8.59334
37413.9	8.64854
37424.7	8.704
37435.5	8.7597
37446.2	8.81566
37457	8.87187
37467.8	8.92834
37478.5	8.98507
37489.3	9.04207
37500.1	9.09932
37510.8	9.15686
37521.6	9.21465
37532.4	9.27274
37543.1	9.33108
37553.9	9.38973
37564.7	9.44864
37575.4	9.50786
37586.2	9.56735
37597	9.62715
37607.7	9.68723
37618.5	9.74763
37629.3	9.80832
37640	9.86933
37650.8	9.93064
37661.6	9.99228
37672.3	10.0542
37683.1	10.1165
37693.9	10.1791
37704.6	10.242
37715.4	10.3053
37726.2	10.3689
37736.9	10.4329
37747.7	10.4972
37758.5	10.5618
37769.2	10.6268
37780	10.6922
37790.8	10.7579
37801.5	10.824
37812.3	10.8905
37823.1	10.9573
37833.8	11.0246
37844.6	11.0922
37855.4	11.1602
37866.1	11.2287
37876.9	11.2975
37887.7	11.3667
37898.4	11.4364
37909.2	11.5065
37920	11.577
37930.7	11.6479
37941.5	11.7193
37952.3	11.7912
37963	11.8635
37973.8	11.9362
37984.6	12.0094
37995.3	12.0831
38006.1	12.1573
38016.9	12.2319
38027.6	12.3071
38038.4	12.3827
38049.2	12.4589
38059.9	12.5355
38070.7	12.6128
38081.5	12.6905
38092.2	12.7688
38103	12.8476
38113.8	12.927
38124.5	13.0069
38135.3	13.0874
38146.1	13.1686
38156.8	13.2503
38167.6	13.3326
38178.4	13.4155
38189.1	13.4991
38199.9	13.5833
38210.7	13.6681
38221.4	13.7536
38232.2	13.8398
38243	13.9266
38253.7	14.0142
38264.5	14.1024
38275.3	14.1914
38286	14.2811
38296.8	14.3715
38307.6	14.4627
38318.3	14.5547
38329.1	14.6475
38339.9	14.741
38350.6	14.8354
38361.4	14.9306
38372.2	15.0267
38382.9	15.1236
38393.7	15.2215
38404.5	15.3202
38415.2	15.4198
38426	15.5204
38436.8	15.6219
38447.5	15.7244
38458.3	15.8279
38469.1	15.9325
38479.8	16.038
38490.6	16.1447
38501.4	16.2524
38512.1	16.3612
38522.9	16.4712
38533.7	16.5823
38544.4	16.6947
38555.2	16.8082
38566	16.923
38576.7	17.039
38587.5	17.1564
38598.3	17.2751
38609	17.3952
38619.8	17.5167
38630.6	17.6396
38641.3	17.7639
38652.1	17.8898
38662.9	18.0173
38673.6	18.1463
38684.4	18.277
38695.2	18.4093
38705.9	18.5434
38716.7	18.6792
38727.5	18.8168
38738.2	18.9564
38749	19.0978
38759.8	19.2412
38770.5	19.3866
38781.3	19.5341
38792.1	19.6838
38802.8	19.8357
38813.6	19.9898
38824.4	20.1463
38835.1	20.3052
38845.9	20.4667
38856.7	20.6306
38867.4	20.7973
38878.2	20.9666
38889	21.1388
38899.7	21.3139
38910.5	21.492
38921.3	21.6731
38932	21.8575
38942.8	22.0452
38953.6	22.2362
38964.3	22.4308
38975.1	22.629
38985.9	22.831
38996.6	23.0368
39007.4	23.2466
39018.2	23.4605
39028.9	23.6786
39039.7	23.9011
39050.5	24.1281
39061.2	24.3597
39072	24.5961
39082.8	24.8374
39093.5	25.0837
39104.3	25.3351
39115.1	25.5918
39125.8	25.8538
39136.6	26.1213
39147.4	26.3943
39158.1	26.6729
39168.9	26.9572
39179.7	27.2472
39190.4	27.5429
39201.2	27.8442
39212	28.1511
39222.7	28.4634
39233.5	28.781
39244.3	29.1036
39255	29.431
39265.8	29.7628
39276.6	30.0984
39287.3	30.4373
39298.1	30.7788
39308.9	31.1221
39319.6	31.4662
39330.4	31.8099
39341.2	32.1519
39351.9	32.4907
39362.7	32.8246
39373.5	33.1514
39384.2	33.4688
39395	33.7742
39405.8	34.0644
39416.5	34.3358
39427.3	34.5844
39438.1	34.8053
39448.8	34.9929
39459.6	35.1407
39470.4	35.2406
39481.1	35.2832
39491.9	35.2567
39502.7	35.1463
39513.4	34.9329
39524.2	34.5912
39535	34.0859
39545.7	33.3658
39556.5	32.3509
39567.3	30.9054
39578	28.7643
39588.8	25.2848
39599.6	17.9442
39610.3	12.0915
39621.1	24.7725
39631.9	30.0745
39642.6	33.5437
39653.4	36.1273
39664.2	38.1644
39674.9	39.8122
39685.7	41.1533
39696.5	42.2328
39707.2	43.0748
39718	43.6886
39728.8	44.0727
39739.5	44.2145
39750.3	44.0895
39761.1	43.6566
39771.8	42.8482
39782.6	41.5495
39793.4	39.5446
39804.1	36.3498
39814.9	30.4105
39825.7	0.403921
39836.4	30.8482
39847.2	36.3883
39858	39.2703
39868.7	40.8584
39879.5	41.5312
39890.3	41.3759
39901	40.2939
39911.8	37.9043
39922.6	32.9029
39933.3	9.87679
39944.1	32.1887
39954.9	38.3355
39965.6	41.4042
39976.4	42.984
39987.2	43.4777
39997.9	42.94
40008.7	41.1596
40019.5	37.3703
40030.2	27.639
40041	28.9776
40051.8	37.4732
40062.5	40.6723
40073.3	41.71
40084.1	41.029
40094.8	38.177
40105.6	30.1129
40116.4	28.2728
40127.1	38.2473
40137.9	41.8598
40148.7	43.0989
40159.4	42.5136
40170.2	39.717
40181	32.0099
40191.7	27.827
40202.5	38.1981
40213.3	41.259
40224	41.434
40234.8	38.7429
40245.6	29.1463
40256.3	32.1264
40267.1	40.1032
40277.9	42.6398
40288.6	42.4144
40299.4	39.1373
40310.2	27.1979
40320.9	33.9366
40331.7	40.2902
40342.5	41.5214
40353.2	39.1187
40364	28.3013
40374.8	34.2124
40385.5	41.0702
40396.3	42.6142
40407.1	40.6359
40417.8	32.0751
40428.6	32.2003
40439.4	40.1449
40450.1	41.3017
40460.9	37.6973
40471.7	-6.47098
40482.4	38.1976
40493.2	42.163
40504	41.471
40514.7	34.8295
40525.5	30.0561
40536.3	39.9525
40547	41.0462
40557.8	36.0894
40568.6	27.2432
40579.3	40.1232
40590.1	42.1534
40600.9	38.799
40611.6	-11.2357
40622.4	38.3677
40633.2	41.077
40643.9	37.0877
40654.7	25.1271
40665.5	40.0561
40676.2	41.8619
40687	37.1195
40697.8	27.2477
40708.5	39.8516
40719.3	40.2498
40730.1	30.2542
40740.8	36.2471
40751.6	41.6486
40762.4	39.5037
40773.1	11.0509
40783.9	38.624
40794.7	40.4543
40805.4	32.0889
40816.2	35.6711
40827	41.4773
40837.7	38.7272
40848.5	20.7747
40859.3	39.4882
40870	39.4656
40880.8	19.4444
40891.6	38.901
40902.3	41.1251
40913.1	32.913
40923.9	35.5137
40934.6	40.3564
40945.4	33.603
40956.2	35.2647
40966.9	41.1499
40977.7	36.4577
40988.5	32.0372
40999.2	40.1434
41010	35.1144
41020.8	34.0089
41031.5	40.937
41042.3	36.0189
41053.1	33.0832
41063.8	39.99
41074.6	32.5143
41085.4	36.4473
41096.1	40.644
41106.9	30.9761
41117.7	36.9567
41128.4	39.109
41139.2	-1.90509
41150	39.5541
41160.7	38.5832
41171.5	25.8993
41182.3	39.4852
41193	33.6666
41203.8	35.9343
41214.6	40.1236
41225.3	25.6932
41236.1	38.1286
41246.9	36.9861
41257.6	31.2925
41268.4	40.1539
41279.2	31.726
41289.9	36.8096
41300.7	37.707
41311.5	28.4719
41322.2	39.9274
41333	32.1017
41343.8	36.6588
41354.5	37.2424
41365.3	30.3874
41376	39.7436
41386.8	28.2859
41397.6	37.6233
41408.3	35.2217
41419.1	34.6008
41429.9	39.0688
41440.6	13.1163
41451.4	38.51
41462.2	28.1225
41472.9	38.0263
41483.7	36.2419
41494.5	33.3093
41505.2	37.4853
41516	28.1337
41526.8	39.1137
41537.5	21.8996
41548.3	37.8643
41559.1	29.3339
41569.8	37.6243
41580.6	35.2201
41591.4	34.4181
41602.1	35.9822
41612.9	32.9677
41623.7	38.0295
41634.4	25.9769
41645.2	37.5247
41656	22.7376
41666.7	38.5108
41677.5	16.652
41688.3	37.4684
41699	18.2354
41709.8	38.139
41720.6	27.3679
41731.3	36.9192
41742.1	25.917
41752.9	37.637
41763.6	29.5754
41774.4	36.4823
41785.2	26.9304
41795.9	37.39
41806.7	29.0323
41817.5	36.4031
41828.2	24.3122
41839	37.4372
41849.8	25.2909
41860.5	36.524
41871.3	8.27536
41882.1	37.466
41892.8	-5.55767
41903.6	36.3156
41914.4	25.4649
41925.1	36.8396
41935.9	27.4889
41946.7	34.8202
41957.4	32.9067
41968.2	34.3603
41979	33.6656
41989.7	29.5404
42000.5	36.2
42011.3	25.604
42022	35.6826
42032.8	19.7125
42043.6	36.3042
42054.3	27.5425
42065.1	33.4001
42075.9	33.999
42086.6	30.8957
42097.4	34.7727
42108.2	7.46057
42118.9	36.1044
42129.7	24.8903
42140.5	33.1809
42151.2	33.6577
42162	29.5719
42172.8	34.5751
42183.5	17.4707
42194.3	35.2331
42205.1	29.5132
42215.8	29.7412
42226.6	35.012
42237.4	15.7646
42248.1	33.9287
42258.9	30.6347
42269.7	31.2812
42280.4	33.5637
42291.2	13.7193
42302	34.4746
42312.7	29.9972
42323.5	26.1575
42334.3	34.8076
42345	20.4089
42355.8	31.2695
42366.6	33.5208
42377.3	19.2331
42388.1	32.8612
42398.9	31.0166
42409.6	27.6496
42420.4	33.0337
42431.2	27.3955
42441.9	30.6026
42452.7	32.5068
42463.5	22.5421
42474.2	31.8929
42485	31.7029
42495.8	16.1376
42506.5	32.3942
42517.3	30.9394
42528.1	8.34357
42538.8	32.4548
42549.6	30.448
42560.4	5.26791
42571.1	32.2115
42581.9	30.3306
42592.7	11.6712
42603.4	31.6588
42614.2	30.5252
42625	18.4494
42635.7	30.6475
42646.5	30.8256
42657.3	23.5562
42668	28.8103
42678.8	30.9279
42689.6	27.3008
42700.3	25.2189
42711.1	30.4308
42721.9	29.913
42732.6	15.5859
42743.4	28.6916
42754.2	31.4114
42764.9	18.0695
42775.7	24.0534
42786.5	31.5903
42797.2	26.4948
42808	-20.4741
42818.8	29.8371
42829.5	29.269
42840.3	25.0304
42851.1	23.9644
42861.8	28.7309
42872.6	29.9328
42883.4	12.9195
42894.1	22.8205
42904.9	30.5618
42915.7	26.7173
42926.4	17.7516
42937.2	26.5281
42948	28.3505
42958.7	28.5938
42969.5	4.53018
42980.3	22.1614
42991	29.7943
43001.8	26.4877
43012.6	21.2712
43023.3	23.2479
43034.1	26.6871
43044.9	29.193
43055.6	20.7629
43066.4	-4.98995
43077.2	27.0312
43087.9	27.0155
43098.7	27.4154
43109.5	10.0523
43120.2	16.5555
43131	27.8283
43141.8	26.3354
43152.5	25.9441
43163.3	-43.266
43174.1	18.0411
43184.8	27.5727
43195.6	25.7316
43206.4	25.6806
43217.1	1.25145
43227.9	14.7308
43238.7	26.5617
43249.4	25.2802
43260.2	26.4475
43271	15.1733
43281.7	-4.66146
43292.5	24.0264
43303.3	24.0212
43314	27.1576
43324.8	21.495
43335.6	19.6327
43346.3	16.2541
43357.1	19.0458
43367.9	26.2652
43378.6	23.7782
43389.4	25.2979
43400.2	15.0807
43410.9	11.2587
43421.7	20.4566
43432.5	20.4769
43443.2	26.0207
43454	22.7588
43464.8	24.4483
43475.5	13.9806
43486.3	12.9361
43497.1	18.4908
43507.8	17.8721
43518.6	24.9195
43529.4	22.1407
43540.1	25.0522
43550.9	18.7762
43561.7	20.2419
43572.4	1.04939
43583.2	-9.88781
43594	20.934
43604.7	18.6899
43615.5	24.5412
43626.3	21.1178
43637	24.4129
43647.8	18.475
43658.6	21.1424
43669.3	4.20077
43680.1	11.6003
43690.9	15.7051
43701.6	10.6816
43712.4	21.8063
43723.2	18.3589
43733.9	23.8634
43744.7	19.9531
43755.5	23.9158
43766.2	18.7178
43777	22.3946
43787.8	14.2669
43798.5	19.1242
43809.3	-3.96828
43820.1	12.7517
43830.8	12.0694
43841.6	-21.4237
43852.4	18.147
43863.1	11.3722
43873.9	20.9745
43884.7	15.9625
43895.4	22.4331
43906.2	17.8668
43917	23.1072
43927.7	18.5597
43938.5	23.277
43949.3	18.5363
43960	23.1125
43970.8	18.0448
43981.6	22.7358
43992.3	17.2487
44003.1	22.2456
44013.9	16.2848
44024.6	21.7279
44035.4	15.2906
44046.2	21.2591
44056.9	14.4148
44067.7	20.9049
44078.5	13.8081
44089.2	20.7145

