0	13.0847
10.7666	8.43304
21.5332	-5.96366
32.2998	-5.96391
43.0664	-5.9656
53.833	-5.95593
64.5996	-5.8831
75.3662	-5.37344
86.1328	3.4258
96.8994	13.0323
107.666	11.2864
118.433	-6.97161
129.199	-5.39043
139.966	-5.14257
150.732	-5.08371
161.499	-5.08833
172.266	-5.28542
183.032	-4.79213
193.799	12.5492
204.565	12.8967
215.332	0.761422
226.099	-5.01439
236.865	-5.20122
247.632	-5.16439
258.398	-5.1195
269.165	-5.20193
279.932	-6.54709
290.698	10.9925
301.465	14.0029
312.231	7.45427
322.998	-4.57498
333.765	-5.15715
344.531	-5.16671
355.298	-5.07957
366.064	-4.90406
376.831	-4.22129
387.598	7.64787
398.364	15.0236
409.131	11.7778
419.897	-5.22613
430.664	-3.93327
441.431	-3.68982
452.197	-3.5623
462.964	-3.4695
473.73	-3.44341
484.497	1.30605
495.264	15.7743
506.03	14.7925
516.797	-0.130841
527.563	-2.71187
538.33	-2.55355
549.097	-2.38178
559.863	-2.25843
570.63	-2.42915
581.396	-5.75101
592.163	15.7944
602.93	17.3549
613.696	8.57371
624.463	-1.2358
635.229	-1.79684
645.996	-1.66281
656.763	-1.41769
667.529	-1.13549
678.296	-0.742551
689.062	14.6857
699.829	20.0875
710.596	15.2092
721.362	0.222798
732.129	0.653331
742.896	0.990268
753.662	1.33302
764.429	1.71589
775.195	2.36851
785.962	11.9922
796.729	23.3192
807.495	21.0524
818.262	3.86631
829.028	4.50071
839.795	5.14047
850.562	5.68703
861.328	6.16084
872.095	6.20201
882.861	6.70593
893.628	27.9858
904.395	28.3361
915.161	16.7993
925.928	10.1869
936.694	10.6136
947.461	11.3054
958.228	11.2422
968.994	4.65442
979.761	24.4533
990.527	57.337
1001.29	62.8715
1012.06	53.4676
1022.83	17.3541
1033.59	8.66821
1044.36	11.6309
1055.13	11.3527
1065.89	10.5965
1076.66	10.1512
1087.43	21.3455
1098.19	29.7698
1108.96	25.9657
1119.73	5.56682
1130.49	6.2323
1141.26	5.8399
1152.03	5.32104
1162.79	4.76689
1173.56	4.00133
1184.33	7.05132
1195.09	23.1681
1205.86	22.0205
1216.63	7.26274
1227.39	2.03248
1238.16	1.50368
1248.93	1.17951
1259.69	0.849886
1270.46	0.244579
1281.23	-3.96275
1291.99	18.0039
1302.76	19.7738
1313.53	10.9657
1324.29	-0.643229
1335.06	-1.937
1345.83	-2.30456
1356.59	-2.51016
1367.36	-2.656
1378.12	-2.60868
1388.89	12.1915
1399.66	18.0571
1410.42	13.023
1421.19	-3.58629
1431.96	-3.45253
1442.72	-3.55211
1453.49	-3.67691
1464.26	-3.80219
1475.02	-3.85286
1485.79	4.21857
1496.56	16.3254
1507.32	13.934
1518.09	-3.32306
1528.86	-4.32009
1539.62	-4.3045
1550.39	-4.35598
1561.16	-4.48253
1571.92	-5.01202
1582.69	-8.22494
1593.46	14.0128
1604.22	14.1975
1614.99	3.25788
1625.76	-5.11554
1636.52	-5.87986
1647.29	-6.00444
1658.06	-6.04644
1668.82	-6.18215
1679.59	-7.35152
1690.36	10.509
1701.12	14.194
1711.89	7.70753
1722.66	-5.94145
1733.42	-6.61512
1744.19	-6.71718
1754.96	-6.72951
1765.72	-6.68569
1776.49	-6.31794
1787.26	4.95409
1798.02	13.9405
1808.79	10.2475
1819.56	-7.09518
1830.32	-6.37913
1841.09	-6.24777
1851.86	-6.21662
1862.62	-6.26357
1873.39	-6.69006
1884.16	-4.76493
1894.92	13.0574
1905.69	11.7139
1916.46	-1.41427
1927.22	-6.43554
1937.99	-6.72452
1948.75	-6.7111
1959.52	-6.70115
1970.29	-6.98271
1981.05	-10.9778
1991.82	11.0175
2002.59	12.7648
2013.35	4.6592
2024.12	-6.38449
2034.89	-7.31587
2045.65	-7.39025
2056.42	-7.3259
2067.19	-7.21291
2077.95	-6.90765
2088.72	7.1619
2099.49	13.6067
2110.25	8.51313
2121.02	-6.95733
2131.79	-6.60334
2142.55	-6.48562
2153.32	-6.4038
2164.09	-6.37013
2174.85	-6.56922
2185.62	0.0771223
2196.39	13.9012
2207.15	11.0613
2217.92	-3.9368
2228.69	-5.99063
2239.45	-5.96959
2250.22	-5.86537
2260.99	-5.82875
2271.75	-6.29174
2282.52	-14.2334
2293.29	13.1509
2304.05	13.1517
2314.82	3.19546
2325.59	-5.47654
2336.35	-6.266
2347.12	-6.24696
2357.89	-6.11207
2368.65	-6.03846
2379.42	-6.6621
2390.19	10.8528
2400.95	15.1297
2411.72	8.48174
2422.49	-5.00859
2433.25	-5.31443
2444.02	-5.20956
2454.79	-5.05015
2465.55	-4.89076
2476.32	-4.73949
2487.08	6.14668
2497.85	16.7204
2508.62	12.3882
2519.38	-3.61865
2530.15	-3.74639
2540.92	-3.52209
2551.68	-3.31719
2562.45	-3.22163
2573.22	-3.81751
2583.98	-4.42663
2594.75	17.5288
2605.52	15.9333
2616.28	3.8231
2627.05	-2.43532
2637.82	-2.81604
2648.58	-2.60992
2659.35	-2.36559
2670.12	-2.43518
2680.88	-6.29506
2691.65	17.3174
2702.42	19.6879
2713.18	11.2697
2723.95	-0.472318
2734.72	-1.11896
2745.48	-0.871999
2756.25	-0.481144
2767.02	-0.0435252
2777.78	0.52818
2788.55	15.9516
2799.32	23.7888
2810.08	17.9408
2820.85	2.2234
2831.62	2.89586
2842.38	3.46614
2853.15	4.0155
2863.92	4.44282
2874.68	4.05514
2885.45	13.4883
2896.22	29.0922
2906.98	26.0882
2917.75	11.4491
2928.52	8.38823
2939.28	8.97516
2950.05	9.60429
2960.82	9.05646
2971.58	-13.205
2982.35	29.4112
2993.12	50.5311
3003.88	52.5269
3014.65	38.5679
3025.42	6.58751
3036.18	8.62097
3046.95	10.0874
3057.71	9.62266
3068.48	8.75954
3079.25	7.42785
3090.01	25.11
3100.78	30.4286
3111.55	22.856
3122.31	5.13249
3133.08	4.00465
3143.85	3.35387
3154.61	2.79877
3165.38	2.23551
3176.15	1.32909
3186.91	12.5355
3197.68	24.4159
3208.45	19.8207
3219.21	1.81317
3229.98	-0.34579
3240.75	-0.742146
3251.51	-1.01954
3262.28	-1.39177
3273.05	-2.6538
3283.81	-3.93253
3294.58	19.8961
3305.35	18.7234
3316.11	5.73062
3326.88	-3.41753
3337.65	-4.82794
3348.41	-5.15215
3359.18	-5.3263
3369.95	-5.78429
3380.71	-9.67139
3391.48	14.9413
3402.25	18.0331
3413.01	8.9071
3423.78	-5.74768
3434.55	-7.20002
3445.31	-7.4826
3456.08	-7.57667
3466.85	-7.63127
3477.61	-7.62945
3488.38	8.53592
3499.15	17.0663
3509.91	11.0486
3520.68	-7.79364
3531.45	-7.76355
3542.21	-7.74632
3552.98	-7.7639
3563.75	-7.92752
3574.51	-9.05794
3585.28	-1.10965
3596.04	15.395
3606.81	12.5991
3617.58	-2.94048
3628.34	-8.6908
3639.11	-9.22823
3649.88	-9.2444
3660.64	-9.29066
3671.41	-10.0635
3682.18	-28.2332
3692.94	12.6694
3703.71	13.7021
3714.48	2.83287
3725.24	-9.35406
3736.01	-10.9774
3746.78	-11.149
3757.54	-11.0767
3768.31	-11.0052
3779.08	-11.2571
3789.84	8.42736
3800.61	14.2451
3811.38	6.75631
3822.14	-10.3113
3832.91	-10.5165
3843.68	-10.4563
3854.44	-10.3799
3865.21	-10.3929
3875.98	-10.9624
3886.74	1.68635
3897.51	14.0003
3908.28	9.57013
3919.04	-8.01016
3929.81	-10.1348
3940.58	-10.1536
3951.34	-10.0453
3962.11	-10.0737
3972.88	-11.1503
3983.64	-11.6838
3994.41	12.6984
4005.18	11.7811
4015.94	-0.933646
4026.71	-10.1865
4037.48	-11.3341
4048.24	-11.3459
4059.01	-11.2151
4069.78	-11.3443
4080.54	-13.9091
4091.31	9.98641
4102.08	13.4706
4112.84	4.40108
4123.61	-10.0733
4134.38	-10.988
4145.14	-10.9667
4155.91	-10.818
4166.67	-10.6721
4177.44	-10.6469
4188.21	5.22364
4198.97	14.4363
4209.74	8.31923
4220.51	-9.55495
4231.27	-9.64428
4242.04	-9.46537
4252.81	-9.30051
4263.57	-9.31126
4274.34	-10.53
4285.11	-3.40077
4295.87	14.4121
4306.64	11.6196
4317.41	-3.01493
4328.17	-9.18851
4338.94	-9.73783
4349.71	-9.60603
4360.47	-9.47453
4371.24	-10.0067
4382.01	-16.2367
4392.77	13.1265
4403.54	14.5307
4414.31	3.68667
4425.07	-8.4797
4435.84	-9.71489
4446.61	-9.67312
4457.37	-9.42797
4468.14	-9.15282
4478.91	-8.87776
4489.67	10.1997
4500.44	16.8571
4511.21	8.94882
4521.97	-7.78061
4532.74	-7.54359
4543.51	-7.27734
4554.27	-7.03887
4565.04	-6.97175
4575.81	-8.09233
4586.57	4.84042
4597.34	18.3881
4608.11	13.764
4618.87	-2.79394
4629.64	-6.04244
4640.41	-6.07334
4651.17	-5.78419
4661.94	-5.63538
4672.71	-6.74997
4683.47	-4.41607
4694.24	19.0621
4705	18.5676
4715.77	5.63263
4726.54	-4.50149
4737.3	-5.59199
4748.07	-5.33495
4758.84	-4.87398
4769.6	-4.49918
4780.37	-3.87286
4791.14	19.0293
4801.9	23.462
4812.67	13.5785
4823.44	-1.68229
4834.2	-1.53213
4844.97	-0.989497
4855.74	-0.416069
4866.5	0.0498453
4877.27	-0.380342
4888.04	19.2254
4898.8	29.3724
4909.57	22.9549
4920.34	4.72605
4931.1	4.38755
4941.87	5.13645
4952.64	5.64375
4963.4	4.29189
4974.17	1.44286
4984.94	33.1116
4995.7	47.8811
5006.47	46.4461
5017.24	26.478
5028	-10.5491
5038.77	5.70626
5049.54	6.34867
5060.3	5.74182
5071.07	4.41153
5081.84	3.7309
5092.6	28.0965
5103.37	30.3147
5114.14	18.318
5124.9	1.28019
5135.67	-1.38859
5146.44	-2.29424
5157.2	-2.90583
5167.97	-3.38982
5178.74	-3.57517
5189.5	17.3652
5200.27	24.8574
5211.04	16.5935
5221.8	-5.44128
5232.57	-5.49489
5243.33	-5.7197
5254.1	-5.99076
5264.87	-6.52414
5275.63	-9.3827
5286.4	7.40348
5297.17	21.0071
5307.93	16.8742
5318.7	-2.16573
5329.47	-9.38575
5340.23	-10.6341
5351	-10.8601
5361.77	-11.1295
5372.53	-13.0674
5383.3	-3.70455
5394.07	16.9433
5404.83	17.2397
5415.6	2.76902
5426.37	-12.6891
5437.13	-15.8545
5447.9	-16.4127
5458.67	-16.4405
5469.43	-16.2522
5480.2	-13.0829
5490.97	12.0431
5501.73	17.0365
5512.5	6.85776
5523.27	-15.8008
5534.03	-15.8272
5544.8	-15.7586
5555.57	-15.8004
5566.33	-16.1184
5577.1	-18.6681
5587.87	5.82833
5598.63	16.0263
5609.4	10.1313
5620.17	-13.3346
5630.93	-16.755
5641.7	-16.931
5652.47	-16.7914
5663.23	-17.0549
5674	-21.2412
5684.77	-2.39296
5695.53	14.0895
5706.3	12.4592
5717.07	-4.86462
5727.83	-18.6658
5738.6	-21.8161
5749.37	-21.8548
5760.13	-21.5569
5770.9	-22.7021
5781.67	-13.4912
5792.43	11.084
5803.2	13.8089
5813.96	1.61683
5824.73	-19.3679
5835.5	-22.4889
5846.26	-22.5527
5857.03	-22.2632
5867.8	-21.8665
5878.56	-21.2818
5889.33	6.73906
5900.1	14.2015
5910.86	6.463
5921.63	-19.9541
5932.4	-19.4691
5943.16	-19.0782
5953.93	-18.7915
5964.7	-19.0014
5975.46	-23.2498
5986.23	0.500352
5997	13.6279
6007.76	10.0561
6018.53	-10.4202
6029.3	-19.3009
6040.06	-20.1205
6050.83	-19.7755
6061.6	-19.6989
6072.36	-22.7516
6083.13	-8.74775
6093.9	11.9984
6104.66	12.6079
6115.43	-1.78377
6126.2	-19.1806
6136.96	-23.4638
6147.73	-23.6066
6158.5	-22.9634
6169.26	-22.4162
6180.03	-19.1105
6190.8	9.10498
6201.56	14.2203
6212.33	4.47669
6223.1	-19.1028
6233.86	-19.4295
6244.63	-19.0365
6255.4	-18.7084
6266.16	-18.7085
6276.93	-20.9714
6287.7	4.56393
6298.46	14.9041
6309.23	9.33163
6320	-14.0675
6330.76	-17.4163
6341.53	-17.311
6352.29	-16.9425
6363.06	-17.0265
6373.83	-21.1731
6384.59	-2.26254
6395.36	14.6007
6406.13	13.1974
6416.89	-3.72004
6427.66	-17.4438
6438.43	-20.2961
6449.19	-20.1378
6459.96	-19.6511
6470.73	-20.1574
6481.49	-11.2707
6492.26	13.1998
6503.03	16.2197
6513.79	4.18559
6524.56	-16.5607
6535.33	-17.9459
6546.09	-17.6258
6556.86	-17.2296
6567.63	-16.8281
6578.39	-16.5639
6589.16	10.5547
6599.93	18.4618
6610.69	10.7727
6621.46	-14.4324
6632.23	-14.0764
6642.99	-13.6027
6653.76	-13.2229
6664.53	-13.4217
6675.29	-19.1665
6686.06	6.55943
6696.83	20.0294
6707.59	16.6781
6718.36	-3.38894
6729.13	-13.7584
6739.89	-15.2499
6750.66	-14.7895
6761.43	-14.483
6772.19	-16.1047
6782.96	1.58004
6793.73	21.2275
6804.49	22.3324
6815.26	7.46426
6826.03	-12.1648
6836.79	-13.1298
6847.56	-12.5888
6858.33	-11.7986
6869.09	-9.95776
6879.86	-2.95379
6890.62	23.1548
6901.39	28.8657
6912.16	18.8242
6922.92	-7.07674
6933.69	-3.75697
6944.46	-2.79761
6955.22	-2.53249
6965.99	-4.86906
6976.76	1.86564
6987.52	35.8248
6998.29	45.8946
7009.06	40.9486
7019.82	10.7495
7030.59	-6.43646
7041.36	-1.64143
7052.12	-1.42144
7062.89	-2.27007
7073.66	-6.74574
7084.42	13.8353
7095.19	30.32
7105.96	29.3971
7116.72	11.564
7127.49	-9.40434
7138.26	-16.2576
7149.02	-17.4707
7159.79	-18.5322
7170.56	-15.6886
7181.32	-1.61662
7192.09	20.9469
7202.86	24.5051
7213.62	12.143
7224.39	-25.9171
7235.16	-14.733
7245.92	-14.2754
7256.69	-14.8647
7267.46	-15.7486
7278.22	-17.5141
7288.99	13.352
7299.76	21.3905
7310.52	14.1137
7321.29	-18.6641
7332.06	-21.1924
7342.82	-22.1877
7353.59	-22.9193
7364.36	-24.0784
7375.12	-20.6786
7385.89	5.46563
7396.66	18.2523
7407.42	15.5907
7418.19	-7.63006
7428.96	-30.6487
7439.72	-24.0326
7450.49	-24.0612
7461.25	-24.4025
7472.02	-21.1329
7482.79	-4.12205
7493.55	14.6249
7504.32	16.2093
7515.09	0.901749
7525.85	-26.3448
7536.62	-20.1615
7547.39	-19.9076
7558.15	-20.428
7568.92	-21.0633
7579.69	-18.748
7590.45	10.271
7601.22	15.9429
7611.99	6.63066
7622.75	-23.777
7633.52	-25.4427
7644.29	-26.1697
7655.05	-27.0602
7665.82	-27.0199
7676.59	-21.0122
7687.35	4.82385
7698.12	14.8436
7708.89	10.3401
7719.65	-23.6748
7730.42	-25.1048
7741.19	-23.4086
7751.95	-23.3102
7762.72	-23.223
7773.49	-20.7594
7784.25	-2.62274
7795.02	12.9458
7805.79	12.5764
7816.55	-6.17588
7827.32	-22.154
7838.09	-20.0287
7848.85	-19.8597
7859.62	-20.1053
7870.39	-20.901
7881.15	-15.0005
7891.92	10.1747
7902.69	13.6858
7913.45	2.17274
7924.22	-20.8194
7934.99	-23.3743
7945.75	-23.7613
7956.52	-24.0269
7967.29	-24.0118
7978.05	-22.3801
7988.82	6.23816
7999.58	13.8858
8010.35	7.44004
8021.12	-26.1402
8031.88	-23.4414
8042.65	-23.0879
8053.42	-22.9
8064.18	-22.5561
8074.95	-19.8861
8085.72	0.450139
8096.48	13.267
8107.25	10.944
8118.02	-12.0393
8128.78	-20.2842
8139.55	-19.1287
8150.32	-18.917
8161.08	-19.0409
8171.85	-20.1918
8182.62	-9.06741
8193.38	11.7681
8204.15	13.2645
8214.92	-0.751977
8225.68	-19.4195
8236.45	-21.1736
8247.22	-21.2506
8257.98	-21.3165
8268.75	-21.9233
8279.52	-30.7271
8290.28	9.16016
8301.05	14.6962
8311.82	6.13172
8322.58	-19.7463
8333.35	-23.1118
8344.12	-23.3815
8354.88	-23.0404
8365.65	-22.3442
8376.42	-19.0001
8387.18	4.99615
8397.95	15.3499
8408.72	11.0404
8419.48	-17.2547
8430.25	-18.9007
8441.02	-18.0508
8451.78	-17.7449
8462.55	-17.8241
8473.32	-19.179
8484.08	-1.69584
8494.85	15.2095
8505.62	14.7971
8516.38	-2.30406
8527.15	-17.7925
8537.92	-18.3364
8548.68	-18.1272
8559.45	-18.1645
8570.21	-19.8855
8580.98	-14.9091
8591.75	14.1905
8602.51	17.7936
8613.28	6.81433
8624.05	-16.7143
8634.81	-23.2143
8645.58	-24.0412
8656.35	-23.4096
8667.11	-22.1746
8677.88	-18.703
8688.65	12.1843
8699.41	20.2772
8710.18	13.9102
8720.95	-19.4366
8731.71	-17.0906
8742.48	-16.2623
8753.25	-15.7286
8764.01	-15.6775
8774.78	-14.6905
8785.55	9.08106
8796.31	22.5887
8807.08	20.3499
8817.85	-1.20084
8828.61	-12.87
8839.38	-11.6611
8850.15	-11.1034
8860.91	-11.1411
8871.68	-13.2408
8882.45	4.82002
8893.21	25.7406
8903.98	27.5727
8914.75	13.5507
8925.51	-9.69234
8936.28	-10.3315
8947.05	-9.65465
8957.81	-9.69103
8968.58	-12.1681
8979.35	1.52015
8990.11	37.7124
9000.88	43.843
9011.65	35.0901
9022.41	-3.47433
9033.18	-10.331
9043.95	-8.57737
9054.71	-8.70952
9065.48	-9.3404
9076.25	-6.65936
9087.01	20.9501
9097.78	31.8034
9108.54	27.5997
9119.31	0.118342
9130.08	-10.671
9140.84	-9.30621
9151.61	-9.34334
9162.38	-9.86159
9173.14	-11.0447
9183.91	6.41993
9194.68	23.433
9205.44	23.332
9216.21	6.18552
9226.98	-12.5579
9237.74	-12.2839
9248.51	-12.2462
9259.28	-12.6232
9270.04	-13.8033
9280.81	-10.8078
9291.58	17.1624
9302.34	21.0575
9313.11	10.2362
9323.88	-13.7377
9334.64	-17.9435
9345.41	-18.6954
9356.18	-19.025
9366.94	-18.8601
9377.71	-16.1954
9388.48	10.7509
9399.24	18.884
9410.01	12.9332
9420.78	-23.7174
9431.54	-18.1202
9442.31	-17.7028
9453.08	-17.6762
9463.84	-17.5583
9474.61	-15.561
9485.38	2.99389
9496.14	16.3423
9506.91	14.5087
9517.68	-7.57213
9528.44	-16.3765
9539.21	-15.2016
9549.98	-15.0765
9560.74	-15.2414
9571.51	-16.0504
9582.28	-8.49572
9593.04	13.1963
9603.81	15.1339
9614.58	1.79282
9625.34	-15.948
9636.11	-17.24
9646.88	-17.3581
9657.64	-17.4505
9668.41	-17.7596
9679.17	-20.4491
9689.94	9.13186
9700.71	14.954
9711.47	7.12304
9722.24	-16.9647
9733.01	-18.7257
9743.77	-18.9629
9754.54	-18.9039
9765.31	-18.506
9776.07	-16.0793
9786.84	3.52285
9797.61	14.0585
9808.37	10.4285
9819.14	-17.5299
9829.91	-16.5405
9840.67	-15.8362
9851.44	-15.6949
9862.21	-15.7527
9872.97	-16.3028
9883.74	-5.18438
9894.51	12.4107
9905.27	12.4257
9916.04	-3.68853
9926.81	-15.8797
9937.57	-16.1925
9948.34	-16.1268
9959.11	-16.1513
9969.87	-16.8264
9980.64	-24.1006
9991.41	9.78139
10002.2	13.5003
10012.9	3.65136
10023.7	-15.4575
10034.5	-18.126
10045.2	-18.4318
10056	-18.2916
10066.8	-17.8998
10077.5	-16.3079
10088.3	5.68475
10099.1	13.837
10109.8	8.32269
10120.6	-18.0471
10131.4	-16.1238
10142.1	-15.7479
10152.9	-15.5687
10163.7	-15.5257
10174.4	-15.7617
10185.2	-0.918798
10196	13.4182
10206.7	11.5261
10217.5	-7.64943
10228.3	-14.9015
10239	-14.8023
10249.8	-14.6277
10260.6	-14.6322
10271.3	-15.7803
10282.1	-14.1855
10292.9	12.0481
10303.6	13.8134
10314.4	1.70536
10325.2	-14.252
10335.9	-16.7186
10346.7	-16.8714
10357.5	-16.6528
10368.2	-16.5192
10379	-17.6269
10389.8	9.37943
10400.5	15.4123
10411.3	7.87258
10422.1	-14.6355
10432.8	-15.2118
10443.6	-15.0247
10454.4	-14.756
10465.1	-14.5544
10475.9	-14.2833
10486.7	4.79883
10497.4	16.3289
10508.2	12.5232
10519	-9.94913
10529.7	-12.8788
10540.5	-12.5294
10551.3	-12.2408
10562	-12.2376
10572.8	-14.0548
10583.6	-3.31149
10594.3	16.4693
10605.1	16.3902
10615.9	1.59458
10626.6	-11.9166
10637.4	-13.6625
10648.2	-13.5187
10658.9	-13.2346
10669.7	-13.8055
10680.5	-21.7682
10691.2	15.7412
10702	19.8279
10712.8	10.0422
10723.5	-10.4249
10734.3	-12.8734
10745.1	-12.7177
10755.8	-12.1657
10766.6	-11.5593
10777.4	-10.4744
10788.1	14.1377
10798.9	23.1513
10809.7	17.4029
10820.4	-8.08916
10831.2	-7.6799
10842	-6.97711
10852.7	-6.4086
10863.5	-6.31517
10874.3	-8.77171
10885	12.0935
10895.8	27.2643
10906.6	25.4581
10917.3	6.98836
10928.1	-3.76811
10938.9	-3.82742
10949.6	-3.17662
10960.4	-3.6642
10971.2	-21.2321
10981.9	16.5431
10992.7	38.869
11003.5	41.4326
11014.2	28.2441
11025	-4.47111
11035.8	-2.58589
11046.5	-1.07088
11057.3	-1.47062
11068.1	-2.28456
11078.8	-3.73066
11089.6	25.8746
11100.4	32.5598
11111.1	24.7771
11121.9	-5.0495
11132.7	-6.34263
11143.4	-6.81299
11154.2	-7.19245
11165	-7.83612
11175.7	-10.0789
11186.5	12.8119
11197.3	24.975
11208	21.2687
11218.8	-1.63039
11229.6	-10.3477
11240.3	-10.7603
11251.1	-10.8002
11261.9	-11.1701
11272.6	-14.229
11283.4	0.00885756
11294.2	19.669
11304.9	19.9843
11315.7	4.82293
11326.5	-13.2228
11337.2	-17.2826
11348	-17.6316
11358.8	-17.639
11369.5	-18.8491
11380.3	-22.8842
11391.1	14.3225
11401.8	18.8235
11412.6	8.98667
11423.4	-15.6858
11434.1	-21.0699
11444.9	-21.7208
11455.7	-21.4116
11466.4	-20.8857
11477.2	-18.7378
11488	8.03651
11498.7	17.2537
11509.5	11.7955
11520.3	-18.1003
11531	-18.1017
11541.8	-17.5368
11552.6	-17.2849
11563.3	-17.4167
11574.1	-19.0623
11584.9	-0.288237
11595.6	15.041
11606.4	13.5469
11617.2	-5.11069
11627.9	-17.6702
11638.7	-18.0812
11649.5	-17.8867
11660.2	-17.9147
11671	-19.586
11681.8	-14.3259
11692.5	11.9734
11703.3	14.4001
11714.1	2.3723
11724.8	-17.3675
11735.6	-21.7871
11746.4	-22.246
11757.1	-21.9439
11767.9	-21.5964
11778.7	-21.8613
11789.4	7.7035
11800.2	14.4482
11811	7.14946
11821.7	-19.4564
11832.5	-19.5845
11843.3	-19.3114
11854	-19.0265
11864.8	-18.8978
11875.6	-18.8157
11886.3	1.51891
11897.1	13.6976
11907.9	10.3416
11918.6	-12.1413
11929.4	-17.5479
11940.2	-17.2363
11950.9	-16.9822
11961.7	-17.0214
11972.5	-18.8846
11983.2	-8.61544
11994	12.0309
12004.8	12.4525
12015.5	-1.92127
12026.3	-17.0764
12037.1	-19.4351
12047.8	-19.4737
12058.6	-19.2633
12069.4	-19.6976
12080.1	-28.4422
12090.9	9.1749
12101.7	13.7229
12112.4	4.44659
12123.2	-16.9193
12134	-19.3088
12144.7	-19.3166
12155.5	-18.978
12166.3	-18.6178
12177	-17.9312
12187.8	4.61312
12198.6	14.1992
12209.3	8.89786
12220.1	-15.9221
12230.9	-16.4208
12241.6	-16.0326
12252.4	-15.7438
12263.2	-15.7873
12273.9	-17.9489
12284.7	-2.80651
12295.5	13.7792
12306.2	12.2374
12317	-4.70564
12327.8	-15.7694
12338.5	-16.9342
12349.3	-16.7491
12360.1	-16.5932
12370.8	-17.8713
12381.6	-16.8616
12392.4	12.2576
12403.1	14.7935
12413.9	3.31056
12424.7	-14.9884
12435.4	-18.1806
12446.2	-18.2567
12457	-17.7939
12467.7	-17.2638
12478.5	-16.7577
12489.3	9.32026
12500	16.6302
12510.8	9.25408
12521.6	-14.8998
12532.3	-14.4596
12543.1	-14.0302
12553.9	-13.6769
12564.6	-13.7037
12575.4	-16.2516
12586.2	4.43656
12596.9	17.7098
12607.7	14.2205
12618.5	-5.65818
12629.2	-12.982
12640	-13.3546
12650.8	-12.9775
12661.5	-12.8855
12672.3	-15.6072
12683.1	-3.3038
12693.8	18.0197
12704.6	18.6717
12715.4	4.59073
12726.1	-11.9318
12736.9	-15.4042
12747.7	-15.2739
12758.4	-14.5209
12769.2	-13.8629
12780	-10.5956
12790.7	17.6995
12801.5	22.9327
12812.3	13.2762
12823	-9.81809
12833.8	-9.59166
12844.6	-8.90857
12855.3	-8.32058
12866.1	-8.17307
12876.9	-11.1083
12887.6	17.5047
12898.4	27.8745
12909.2	22.4462
12919.9	-1.14953
12930.7	-4.5392
12941.5	-3.98942
12952.2	-3.41361
12963	-4.74715
12973.8	-6.71079
12984.5	23.7683
12995.3	39.3482
13006.1	38.4826
13016.8	19.537
13027.6	-13.5322
13038.4	-1.04147
13049.1	-0.331699
13059.9	-0.864148
13070.7	-2.84122
13081.4	3.89445
13092.2	29.4909
13103	32.5831
13113.7	20.6519
13124.5	-3.93505
13135.3	-9.30563
13146	-9.89772
13156.8	-10.4518
13167.6	-11.0449
13178.3	-12.0853
13189.1	17.7133
13199.9	25.6592
13210.6	18.1923
13221.4	-12.2347
13232.2	-12.946
13242.9	-13.0562
13253.7	-13.1691
13264.5	-13.9438
13275.2	-23.178
13286	7.89317
13296.8	21.1906
13307.5	18.1105
13318.3	-3.20496
13329.1	-18.8731
13339.8	-23.5609
13350.6	-23.4288
13361.4	-23.5253
13372.1	-32.986
13382.9	-2.98543
13393.7	16.7916
13404.4	18.0243
13415.2	3.16475
13426	-23.7848
13436.7	-30.9383
13447.5	-29.8171
13458.3	-31.467
13469	-30.5461
13479.8	-18.1159
13490.6	11.7845
13501.3	17.3804
13512.1	7.82841
13522.9	-30.8459
13533.6	-27.8841
13544.4	-26.7864
13555.2	-26.8624
13565.9	-28.4228
13576.7	-34.5059
13587.5	5.69493
13598.2	16.0048
13609	11.0824
13619.8	-17.0456
13630.5	-29.3626
13641.3	-28.2343
13652.1	-27.0994
13662.8	-27.314
13673.6	-30.5916
13684.4	-2.2721
13695.1	13.8135
13705.9	13.1176
13716.7	-5.01757
13727.4	-27.6303
13738.2	-27.3867
13749	-26.8291
13759.7	-27.1272
13770.5	-29.8809
13781.2	-14.5343
13792	10.6845
13802.8	14.1051
13813.5	2.33565
13824.3	-25.4081
13835.1	-39.3703
13845.8	-40.7004
13856.6	-44.187
13867.4	-42.0761
13878.1	-33.4603
13888.9	6.34596
13899.7	14.1651
13910.4	7.29066
13921.2	-30.431
13932	-28.3004
13942.7	-27.0842
13953.5	-26.2424
13964.3	-26.2427
13975	-26.4839
13985.8	0.198208
13996.6	13.3357
14007.3	10.672
14018.1	-11.2394
14028.9	-24.3663
14039.6	-23.8624
14050.4	-23.3903
14061.2	-23.4786
14071.9	-27.0411
14082.7	-9.28193
14093.5	11.5417
14104.2	12.9009
14115	-1.30518
14125.8	-23.3029
14136.5	-30.0516
14147.3	-30.4672
14158.1	-30.1675
14168.8	-31.1558
14179.6	-29.4092
14190.4	8.56597
14201.1	14.19
14211.9	5.18591
14222.7	-23.9909
14233.4	-26.9229
14244.2	-26.2205
14255	-25.4297
14265.7	-25.2499
14276.5	-25.6465
14287.3	3.99417
14298	14.6019
14308.8	9.89689
14319.6	-16.1132
14330.3	-22.1776
14341.1	-21.7225
14351.9	-21.1856
14362.6	-21.3389
14373.4	-27.1639
14384.2	-2.96594
14394.9	14.0883
14405.7	13.4606
14416.5	-3.56054
14427.2	-22.0224
14438	-26.6594
14448.8	-26.4552
14459.5	-26.0983
14470.3	-29.528
14481.1	-13.9469
14491.8	12.5256
14502.6	16.1469
14513.4	4.72308
14524.1	-21.3573
14534.9	-25.7161
14545.7	-24.9195
14556.4	-24.1779
14567.2	-23.7247
14578	-25.0767
14588.7	9.73889
14599.5	18.0706
14610.3	11.2053
14621	-18.5827
14631.8	-19.4305
14642.6	-18.7809
14653.3	-18.2025
14664.1	-18.6167
14674.9	-33.5204
14685.6	5.53231
14696.4	19.3303
14707.2	16.7603
14717.9	-3.80883
14728.7	-20.1582
14739.5	-24.0514
14750.2	-23.268
14761	-23.1654
14771.8	-26.7201
14782.5	-0.197425
14793.3	20.1677
14804.1	21.9206
14814.8	7.55356
14825.6	-19.8908
14836.4	-18.3813
14847.1	-17.4718
14857.9	-17.1043
14868.7	-15.3882
14879.4	-7.922
14890.2	21.4195
14901	27.6433
14911.7	18.4109
14922.5	-14.4221
14933.3	-9.23902
14944	-8.18005
14954.8	-7.86423
14965.6	-9.60877
14976.3	-2.94199
14987.1	28.4497
14997.9	39.1751
15008.6	34.8274
15019.4	6.57793
15030.2	-7.19118
15040.9	-3.8011
15051.7	-3.4568
15062.5	-4.28653
15073.2	-11.8729
15084	14.9955
15094.8	32.1318
15105.5	31.841
15116.3	14.6267
15127.1	-11.6983
15137.8	-15.079
15148.6	-13.7428
15159.4	-14.5045
15170.1	-13.6657
15180.9	-2.35152
15191.7	21.3862
15202.4	25.5178
15213.2	13.8997
15224	-27.4653
15234.7	-14.2628
15245.5	-13.7975
15256.3	-14.3905
15267	-15.3247
15277.8	-17.0319
15288.6	13.3341
15299.3	21.8685
15310.1	15.324
15320.9	-17.274
15331.6	-22.0907
15342.4	-23.9219
15353.2	-25.3718
15363.9	-25.5771
15374.7	-17.7696
15385.5	5.12315
15396.2	18.3965
15407	16.3995
15417.8	-6.21805
15428.5	-23.9706
15439.3	-19.2989
15450.1	-19.3231
15460.8	-19.7098
15471.6	-18.3234
15482.4	-4.93345
15493.1	14.5216
15503.9	16.7012
15514.7	2.16938
15525.4	-22.3293
15536.2	-18.1861
15547	-18.0225
15557.7	-18.478
15568.5	-19.0821
15579.3	-19.0709
15590	9.95916
15600.8	16.1735
15611.6	7.56931
15622.3	-21.6658
15633.1	-23.1212
15643.9	-23.9166
15654.6	-24.6254
15665.4	-24.379
15676.2	-19.0416
15686.9	4.29165
15697.7	14.8491
15708.5	10.9865
15719.2	-20.9779
15730	-22.8185
15740.8	-21.2244
15751.5	-21.265
15762.3	-21.3277
15773.1	-19.4364
15783.8	-3.47976
15794.6	12.7479
15805.4	12.9743
15816.1	-4.89262
15826.9	-21.2362
15837.7	-19.0638
15848.4	-18.957
15859.2	-19.2509
15870	-19.9176
15880.7	-16.3872
15891.5	9.77848
15902.3	13.8639
15913	3.03111
15923.8	-20.4586
15934.6	-22.6509
15945.3	-23.1122
15956.1	-23.4693
15966.9	-23.4171
15977.6	-20.8419
15988.4	5.62295
15999.2	13.8586
16009.9	8.01725
16020.7	-29.7591
16031.5	-23.0901
16042.2	-22.6381
16053	-22.591
16063.8	-22.365
16074.5	-19.698
16085.3	-0.45374
16096.1	13.0368
16106.8	11.2962
16117.6	-10.5873
16128.4	-20.6525
16139.1	-19.2618
16149.9	-19.1145
16160.7	-19.3081
16171.4	-20.2799
16182.2	-10.4913
16193	11.3253
16203.7	13.4127
16214.5	0.0629554
16225.3	-20.0719
16236	-21.8464
16246.8	-22.0227
16257.6	-22.227
16268.3	-22.7539
16279.1	-27.1732
16289.9	8.48014
16300.6	14.6401
16311.4	6.64122
16322.2	-21.6131
16332.9	-24.363
16343.7	-24.6445
16354.5	-24.4064
16365.2	-23.739
16376	-19.6807
16386.8	4.03176
16397.5	15.0747
16408.3	11.3254
16419.1	-15.7766
16429.8	-20.3123
16440.6	-19.2359
16451.4	-18.9774
16462.1	-19.1313
16472.9	-20.3835
16483.7	-3.04143
16494.4	14.6888
16505.2	14.8699
16516	-1.52697
16526.7	-19.6178
16537.5	-20.1697
16548.3	-20.0396
16559	-20.234
16569.8	-21.964
16580.6	-17.0397
16591.3	13.3848
16602.1	17.6294
16612.9	7.18972
16623.6	-19.1015
16634.4	-27.8819
16645.2	-29.765
16655.9	-29.2003
16666.7	-27.1037
16677.5	-20.1356
16688.2	11.0332
16699	19.8191
16709.8	13.9871
16720.5	-21.7167
16731.3	-20.3027
16742.1	-19.1694
16752.8	-18.641
16763.6	-18.8004
16774.4	-16.8921
16785.1	7.47732
16795.9	21.7219
16806.7	20.0638
16817.4	-0.559445
16828.2	-16.5969
16839	-14.5341
16849.7	-14.0722
16860.5	-14.2781
16871.3	-15.2894
16882	2.40745
16892.8	24.1311
16903.6	26.5904
16914.3	13.159
16925.1	-14.1772
16935.9	-12.1035
16946.6	-11.313
16957.4	-11.2897
16968.2	-11.6332
16978.9	-8.6182
16989.7	31.6337
17000.5	38.351
17011.2	30.2565
17022	-8.36128
17032.8	-10.4651
17043.5	-9.96465
17054.3	-9.72977
17065.1	-11.1375
17075.8	-9.32974
17086.6	22.2817
17097.4	33.9468
17108.1	30.2634
17118.9	4.95833
17129.7	-15.0439
17140.4	-11.1193
17151.2	-10.8708
17162	-11.4227
17172.7	-11.6432
17183.5	6.34574
17194.3	24.017
17205	24.5375
17215.8	8.05777
17226.6	-14.6569
17237.3	-12.5336
17248.1	-12.3814
17258.9	-12.8953
17269.6	-13.8325
17280.4	-10.5607
17291.2	17.1715
17301.9	21.7591
17312.7	11.4223
17323.5	-15.2627
17334.2	-18.1881
17345	-18.7878
17355.8	-19.4007
17366.5	-19.4923
17377.3	-16.0225
17388.1	10.3955
17398.8	19.2362
17409.6	13.7987
17420.4	-36.6778
17431.1	-19.7294
17441.9	-19.0453
17452.7	-19.1612
17463.4	-19.0437
17474.2	-16.0546
17485	2.39233
17495.7	16.3858
17506.5	15.1482
17517.3	-6.06977
17528	-17.8072
17538.8	-15.8958
17549.6	-15.7966
17560.3	-16.0407
17571.1	-16.5964
17581.9	-9.13999
17592.6	12.9537
17603.4	15.5649
17614.2	2.69131
17624.9	-17.2515
17635.7	-18.0413
17646.5	-18.1733
17657.2	-18.4039
17668	-18.7321
17678.8	-19.9001
17689.5	8.63477
17700.3	15.1621
17711.1	7.79367
17721.8	-19.1632
17732.6	-20.2828
17743.4	-20.5712
17754.1	-20.6367
17764.9	-20.1997
17775.7	-16.931
17786.4	2.80742
17797.2	14.0215
17808	10.9427
17818.7	-16.89
17829.5	-18.0591
17840.3	-17.0322
17851	-16.9221
17861.8	-17.0285
17872.6	-17.3703
17883.3	-6.07301
17894.1	12.1188
17904.9	12.7838
17915.6	-2.89271
17926.4	-17.4376
17937.2	-17.5427
17947.9	-17.5107
17958.7	-17.6189
17969.5	-18.2768
17980.2	-23.3147
17991	9.24349
18001.8	13.6697
18012.5	4.21954
18023.3	-17.2181
18034.1	-20.182
18044.8	-20.6329
18055.6	-20.5772
18066.4	-20.0971
18077.1	-17.555
18087.9	4.91654
18098.7	13.7775
18109.4	8.75907
18120.2	-21.6497
18131	-18.0411
18141.7	-17.5029
18152.5	-17.3389
18163.3	-17.3305
18174	-17.4065
18184.8	-1.90173
18195.6	13.1048
18206.3	11.834
18217.1	-7.02314
18227.9	-16.8829
18238.6	-16.6837
18249.4	-16.5328
18260.2	-16.5925
18270.9	-17.7932
18281.7	-15.2155
18292.5	11.4759
18303.2	13.9475
18314	2.16493
18324.8	-16.3077
18335.5	-19.5148
18346.3	-19.841
18357.1	-19.6672
18367.8	-19.4415
18378.6	-19.5672
18389.4	8.55299
18400.1	15.3142
18410.9	8.20857
18421.7	-17.8594
18432.4	-17.8518
18443.2	-17.5824
18454	-17.2995
18464.7	-17.1331
18475.5	-16.6813
18486.3	3.73041
18497	15.9552
18507.8	12.7373
18518.6	-9.90535
18529.3	-15.4948
18540.1	-15.0737
18550.9	-14.7862
18561.6	-14.8404
18572.4	-16.9799
18583.2	-4.53415
18593.9	15.7926
18604.7	16.4114
18615.5	1.86183
18626.2	-14.8022
18637	-17.4931
18647.8	-17.4818
18658.5	-17.2392
18669.3	-17.9751
18680.1	-25.2859
18690.8	14.7333
18701.6	19.5535
18712.4	10.1394
18723.1	-13.9666
18733.9	-17.2356
18744.7	-17.0877
18755.4	-16.4598
18766.2	-15.8594
18777	-14.1355
18787.7	12.7394
18798.5	22.4501
18809.3	17.2531
18820	-10.3537
18830.8	-11.6289
18841.6	-10.8398
18852.3	-10.2774
18863.1	-10.3722
18873.9	-13.4244
18884.6	10.0659
18895.4	25.83
18906.2	24.6925
18916.9	6.40516
18927.7	-8.94456
18938.5	-9.28458
18949.2	-8.67134
18960	-9.07679
18970.8	-17.8225
18981.5	10.0344
18992.3	33.7268
19003.1	36.8541
19013.8	24.4278
19024.6	-8.345
19035.4	-7.75203
19046.1	-6.18297
19056.9	-6.5254
19067.7	-7.17733
19078.4	-7.72686
19089.2	27.5851
19100	35.0069
19110.7	27.7208
19121.5	-9.86837
19132.3	-9.9493
19143	-10.0831
19153.8	-10.2694
19164.6	-11.0308
19175.3	-14.2044
19186.1	12.9555
19196.9	25.7288
19207.6	22.6597
19218.4	0.0829282
19229.2	-13.9943
19239.9	-14.089
19250.7	-13.9395
19261.5	-14.3269
19272.2	-17.5672
19283	-0.068568
19293.8	19.831
19304.5	20.8654
19315.3	6.00086
19326	-16.3626
19336.8	-20.2518
19347.6	-20.2165
19358.3	-20.5326
19369.1	-22.0346
19379.9	-21.559
19390.6	14.1236
19401.4	19.3387
19412.2	9.95223
19422.9	-19.0858
19433.7	-27.9719
19444.5	-29.8856
19455.2	-29.3131
19466	-27.5164
19476.8	-20.3548
19487.5	7.61112
19498.3	17.446
19509.1	12.5913
19519.8	-19.1776
19530.6	-21.5508
19541.4	-20.3098
19552.1	-19.9982
19562.9	-20.0965
19573.7	-20.3843
19584.4	-0.809637
19595.2	14.9433
19606	14.145
19616.7	-4.28759
19627.5	-20.0562
19638.3	-19.5006
19649	-19.2943
19659.8	-19.4516
19670.6	-20.8738
19681.3	-14.5628
19692.1	11.6295
19702.9	14.7653
19713.6	3.12412
19724.4	-19.3043
19735.2	-23.9994
19745.9	-24.6225
19756.7	-24.5987
19767.5	-24.2679
19778.2	-22.9539
19789	7.16621
19799.8	14.5579
19810.5	7.80626
19821.3	-23.562
19832.1	-22.2365
19842.8	-21.8302
19853.6	-21.5305
19864.4	-21.3301
19875.1	-20.0984
19885.9	0.840977
19896.7	13.5511
19907.4	10.8584
19918.2	-11.7354
19929	-19.5958
19939.7	-18.9169
19950.5	-18.6722
19961.3	-18.7612
19972	-20.4416
19982.8	-9.35895
19993.6	11.6493
20004.3	12.7753
20015.1	-1.30193
20025.9	-18.9704
20036.6	-21.5915
20047.4	-21.7167
20058.2	-21.6238
20068.9	-22.1432
20079.7	-34.3526
20090.5	8.58797
20101.2	13.8092
20112	5.00871
20122.8	-19.2849
20133.5	-22.1727
20144.3	-22.2266
20155.1	-21.8369
20165.8	-21.3792
20176.6	-19.8206
20187.4	3.84812
20198.1	14.0326
20208.9	9.35628
20219.7	-17.0468
20230.4	-18.7101
20241.2	-18.1744
20252	-17.8621
20262.7	-17.9341
20273.5	-20.2016
20284.3	-3.72246
20295	13.3663
20305.8	12.5229
20316.6	-4.26648
20327.3	-18.0879
20338.1	-19.6228
20348.9	-19.4757
20359.6	-19.3627
20370.4	-20.914
20381.2	-18.4234
20391.9	11.6129
20402.7	14.8418
20413.5	3.7497
20424.2	-17.4227
20435	-21.9258
20445.8	-22.121
20456.5	-21.5174
20467.3	-20.8119
20478.1	-19.9177
20488.8	8.45632
20499.6	16.405
20510.4	9.61326
20521.1	-17.7969
20531.9	-17.2594
20542.7	-16.7282
20553.4	-16.3133
20564.2	-16.4137
20575	-19.8192
20585.7	3.36852
20596.5	17.1949
20607.3	14.3962
20618	-5.58522
20628.8	-16.0636
20639.6	-16.841
20650.3	-16.4398
20661.1	-16.3836
20671.9	-20.1458
20682.6	-4.59973
20693.4	17.1938
20704.2	18.5487
20714.9	4.76258
20725.7	-15.3078
20736.5	-21.2156
20747.2	-21.2521
20758	-20.1185
20768.8	-18.8866
20779.5	-14.1938
20790.3	16.4991
20801.1	22.3886
20811.8	13.2822
20822.6	-14.016
20833.4	-13.1802
20844.1	-12.3516
20854.9	-11.7663
20865.7	-11.9615
20876.4	-18.4129
20887.2	15.6778
20898	26.6303
20908.7	21.8811
20919.5	-2.40701
20930.3	-9.56869
20941	-9.42881
20951.8	-8.78074
20962.6	-10.1309
20973.3	-10.3741
20984.1	18.5217
20994.9	34.9269
21005.6	34.6338
21016.4	16.6382
21027.2	-13.6051
21037.9	-3.58586
21048.7	-2.80956
21059.5	-3.2556
21070.2	-5.86939
21081	4.88709
21091.8	31.5986
21102.5	35.3372
21113.3	23.9724
21124.1	-4.55078
21134.8	-11.1162
21145.6	-10.3874
21156.4	-10.8027
21167.1	-11.7475
21177.9	-15.8834
21188.7	18.0336
21199.4	26.5915
21210.2	19.7705
21221	-11.4868
21231.7	-15.6906
21242.5	-16.2527
21253.3	-16.3236
21264	-17.27
21274.8	-26.9076
21285.6	7.7599
21296.3	21.5323
21307.1	19.1446
21317.9	-1.92153
21328.6	-25.4891
21339.4	-36.9355
21350.2	-33.5433
21360.9	-34.4864
21371.7	-26.4279
21382.5	-3.38221
21393.2	16.7714
21404	18.6819
21414.8	4.31076
21425.5	-33.9839
21436.3	-22.6552
21447.1	-22.0047
21457.8	-22.8087
21468.6	-23.5106
21479.4	-19.2944
21490.1	11.5119
21500.9	17.723
21511.7	8.80215
21522.4	-33.7189
21533.2	-28.1333
21544	-27.9239
21554.7	-28.7317
21565.5	-30.7009
21576.3	-24.8972
21587	5.24493
21597.8	16.0716
21608.6	11.8282
21619.3	-16.0134
21630.1	-35.5606
21640.9	-29.4284
21651.6	-28.8814
21662.4	-28.941
21673.2	-24.8093
21683.9	-2.8914
21694.7	13.6401
21705.5	13.6169
21716.2	-4.04268
21727	-28.135
21737.8	-23.6743
21748.5	-23.4283
21759.3	-23.9518
21770.1	-24.8742
21780.8	-15.5775
21791.6	10.3083
21802.4	14.3564
21813.1	3.18685
21823.9	-25.718
21834.7	-29.2023
21845.4	-29.5541
21856.2	-30.747
21867	-31.6274
21877.7	-27.1401
21888.5	5.79682
21899.3	14.1763
21910	7.95615
21920.8	-38.8037
21931.6	-30.9363
21942.3	-29.4155
21953.1	-28.7489
21963.9	-28.4749
21974.6	-24.5541
21985.4	-0.53007
21996.2	13.1224
22006.9	11.1233
22017.7	-10.3542
22028.5	-25.6293
22039.2	-23.7818
22050	-23.5036
22060.8	-23.7818
22071.5	-25.6293
22082.3	-10.3542
22093.1	11.1233
22103.8	13.1224
22114.6	-0.53007
22125.4	-24.5541
22136.1	-28.4749
22146.9	-28.7489
22157.7	-29.4155
22168.4	-30.9363
22179.2	-38.8037
22190	7.95615
22200.7	14.1763
22211.5	5.79682
22222.3	-27.1401
22233	-31.6274
22243.8	-30.747
22254.6	-29.5541
22265.3	-29.2023
22276.1	-25.718
22286.9	3.18685
22297.6	14.3564
22308.4	10.3083
22319.2	-15.5775
22329.9	-24.8742
22340.7	-23.9518
22351.5	-23.4283
22362.2	-23.6743
22373	-28.135
22383.8	-4.04268
22394.5	13.6169
22405.3	13.6401
22416.1	-2.8914
22426.8	-24.8093
22437.6	-28.941
22448.4	-28.8814
22459.1	-29.4284
22469.9	-35.5606
22480.7	-16.0134
22491.4	11.8282
22502.2	16.0716
22513	5.24493
22523.7	-24.8972
22534.5	-30.7009
22545.3	-28.7317
22556	-27.9239
22566.8	-28.1333
22577.6	-33.7189
22588.3	8.80215
22599.1	17.723
22609.9	11.5119
22620.6	-19.2944
22631.4	-23.5106
22642.2	-22.8087
22652.9	-22.0047
22663.7	-22.6552
22674.5	-33.9839
22685.2	4.31076
22696	18.6819
22706.8	16.7714
22717.5	-3.38221
22728.3	-26.4279
22739.1	-34.4864
22749.8	-33.5433
22760.6	-36.9355
22771.4	-25.4891
22782.1	-1.92153
22792.9	19.1446
22803.7	21.5323
22814.4	7.7599
22825.2	-26.9076
22836	-17.27
22846.7	-16.3236
22857.5	-16.2527
22868.3	-15.6906
22879	-11.4868
22889.8	19.7705
22900.6	26.5915
22911.3	18.0336
22922.1	-15.8834
22932.9	-11.7475
22943.6	-10.8027
22954.4	-10.3874
22965.2	-11.1162
22975.9	-4.55078
22986.7	23.9724
22997.5	35.3372
23008.2	31.5986
23019	4.88709
23029.8	-5.86939
23040.5	-3.2556
23051.3	-2.80956
23062.1	-3.58586
23072.8	-13.6051
23083.6	16.6382
23094.4	34.6338
23105.1	34.9269
23115.9	18.5217
23126.7	-10.3741
23137.4	-10.1309
23148.2	-8.78074
23159	-9.42881
23169.7	-9.56869
23180.5	-2.40701
23191.3	21.8811
23202	26.6303
23212.8	15.6778
23223.6	-18.4129
23234.3	-11.9615
23245.1	-11.7663
23255.9	-12.3516
23266.6	-13.1802
23277.4	-14.016
23288.2	13.2822
23298.9	22.3886
23309.7	16.4991
23320.5	-14.1938
23331.2	-18.8866
23342	-20.1185
23352.8	-21.2521
23363.5	-21.2156
23374.3	-15.3078
23385.1	4.76258
23395.8	18.5487
23406.6	17.1938
23417.4	-4.59973
23428.1	-20.1458
23438.9	-16.3836
23449.7	-16.4398
23460.4	-16.841
23471.2	-16.0636
23482	-5.58522
23492.7	14.3962
23503.5	17.1949
23514.3	3.36852
23525	-19.8192
23535.8	-16.4137
23546.6	-16.3133
23557.3	-16.7282
23568.1	-17.2594
23578.9	-17.7969
23589.6	9.61326
23600.4	16.405
23611.2	8.45632
23621.9	-19.9177
23632.7	-20.8119
23643.5	-21.5174
23654.2	-22.121
23665	-21.9258
23675.8	-17.4227
23686.5	3.7497
23697.3	14.8418
23708.1	11.6129
23718.8	-18.4234
23729.6	-20.914
23740.4	-19.3627
23751.1	-19.4757
23761.9	-19.6228
23772.7	-18.0879
23783.4	-4.26648
23794.2	12.5229
23805	13.3663
23815.7	-3.72246
23826.5	-20.2016
23837.3	-17.9341
23848	-17.8621
23858.8	-18.1744
23869.6	-18.7101
23880.3	-17.0468
23891.1	9.35628
23901.9	14.0326
23912.6	3.84812
23923.4	-19.8206
23934.2	-21.3792
23944.9	-21.8369
23955.7	-22.2266
23966.5	-22.1727
23977.2	-19.2849
23988	5.00871
23998.8	13.8092
24009.5	8.58797
24020.3	-34.3526
24031.1	-22.1432
24041.8	-21.6238
24052.6	-21.7167
24063.4	-21.5915
24074.1	-18.9704
24084.9	-1.30193
24095.7	12.7753
24106.4	11.6493
24117.2	-9.35895
24128	-20.4416
24138.7	-18.7612
24149.5	-18.6722
24160.3	-18.9169
24171	-19.5958
24181.8	-11.7354
24192.6	10.8584
24203.3	13.5511
24214.1	0.840977
24224.9	-20.0984
24235.6	-21.3301
24246.4	-21.5305
24257.2	-21.8302
24267.9	-22.2365
24278.7	-23.562
24289.5	7.80626
24300.2	14.5579
24311	7.16621
24321.8	-22.9539
24332.5	-24.2679
24343.3	-24.5987
24354.1	-24.6225
24364.8	-23.9994
24375.6	-19.3043
24386.4	3.12412
24397.1	14.7653
24407.9	11.6295
24418.7	-14.5628
24429.4	-20.8738
24440.2	-19.4516
24451	-19.2943
24461.7	-19.5006
24472.5	-20.0562
24483.3	-4.28759
24494	14.145
24504.8	14.9433
24515.6	-0.809637
24526.3	-20.3843
24537.1	-20.0965
24547.9	-19.9982
24558.6	-20.3098
24569.4	-21.5508
24580.2	-19.1776
24590.9	12.5913
24601.7	17.446
24612.5	7.61112
24623.2	-20.3548
24634	-27.5164
24644.8	-29.3131
24655.5	-29.8856
24666.3	-27.9719
24677.1	-19.0858
24687.8	9.95223
24698.6	19.3387
24709.4	14.1236
24720.1	-21.559
24730.9	-22.0346
24741.7	-20.5326
24752.4	-20.2165
24763.2	-20.2518
24774	-16.3626
24784.7	6.00086
24795.5	20.8654
24806.2	19.831
24817	-0.068568
24827.8	-17.5672
24838.5	-14.3269
24849.3	-13.9395
24860.1	-14.089
24870.8	-13.9943
24881.6	0.0829282
24892.4	22.6597
24903.1	25.7288
24913.9	12.9555
24924.7	-14.2044
24935.4	-11.0308
24946.2	-10.2694
24957	-10.0831
24967.7	-9.9493
24978.5	-9.86837
24989.3	27.7208
25000	35.0069
25010.8	27.5851
25021.6	-7.72686
25032.3	-7.17733
25043.1	-6.5254
25053.9	-6.18297
25064.6	-7.75203
25075.4	-8.345
25086.2	24.4278
25096.9	36.8541
25107.7	33.7268
25118.5	10.0344
25129.2	-17.8225
25140	-9.07679
25150.8	-8.67134
25161.5	-9.28458
25172.3	-8.94456
25183.1	6.40516
25193.8	24.6925
25204.6	25.83
25215.4	10.0659
25226.1	-13.4244
25236.9	-10.3722
25247.7	-10.2774
25258.4	-10.8398
25269.2	-11.6289
25280	-10.3537
25290.7	17.2531
25301.5	22.4501
25312.3	12.7394
25323	-14.1355
25333.8	-15.8594
25344.6	-16.4598
25355.3	-17.0877
25366.1	-17.2356
25376.9	-13.9666
25387.6	10.1394
25398.4	19.5535
25409.2	14.7333
25419.9	-25.2859
25430.7	-17.9751
25441.5	-17.2392
25452.2	-17.4818
25463	-17.4931
25473.8	-14.8022
25484.5	1.86183
25495.3	16.4114
25506.1	15.7926
25516.8	-4.53415
25527.6	-16.9799
25538.4	-14.8404
25549.1	-14.7862
25559.9	-15.0737
25570.7	-15.4948
25581.4	-9.90535
25592.2	12.7373
25603	15.9552
25613.7	3.73041
25624.5	-16.6813
25635.3	-17.1331
25646	-17.2995
25656.8	-17.5824
25667.6	-17.8518
25678.3	-17.8594
25689.1	8.20857
25699.9	15.3142
25710.6	8.55299
25721.4	-19.5672
25732.2	-19.4415
25742.9	-19.6672
25753.7	-19.841
25764.5	-19.5148
25775.2	-16.3077
25786	2.16493
25796.8	13.9475
25807.5	11.4759
25818.3	-15.2155
25829.1	-17.7932
25839.8	-16.5925
25850.6	-16.5328
25861.4	-16.6837
25872.1	-16.8829
25882.9	-7.02314
25893.7	11.834
25904.4	13.1048
25915.2	-1.90173
25926	-17.4065
25936.7	-17.3305
25947.5	-17.3389
25958.3	-17.5029
25969	-18.0411
25979.8	-21.6497
25990.6	8.75907
26001.3	13.7775
26012.1	4.91654
26022.9	-17.555
26033.6	-20.0971
26044.4	-20.5772
26055.2	-20.6329
26065.9	-20.182
26076.7	-17.2181
26087.5	4.21954
26098.2	13.6697
26109	9.24349
26119.8	-23.3147
26130.5	-18.2768
26141.3	-17.6189
26152.1	-17.5107
26162.8	-17.5427
26173.6	-17.4376
26184.4	-2.89271
26195.1	12.7838
26205.9	12.1188
26216.7	-6.07301
26227.4	-17.3703
26238.2	-17.0285
26249	-16.9221
26259.7	-17.0322
26270.5	-18.0591
26281.3	-16.89
26292	10.9427
26302.8	14.0215
26313.6	2.80742
26324.3	-16.931
26335.1	-20.1997
26345.9	-20.6367
26356.6	-20.5712
26367.4	-20.2828
26378.2	-19.1632
26388.9	7.79367
26399.7	15.1621
26410.5	8.63477
26421.2	-19.9001
26432	-18.7321
26442.8	-18.4039
26453.5	-18.1733
26464.3	-18.0413
26475.1	-17.2515
26485.8	2.69131
26496.6	15.5649
26507.4	12.9537
26518.1	-9.13999
26528.9	-16.5964
26539.7	-16.0407
26550.4	-15.7966
26561.2	-15.8958
26572	-17.8072
26582.7	-6.06977
26593.5	15.1482
26604.3	16.3858
26615	2.39233
26625.8	-16.0546
26636.6	-19.0437
26647.3	-19.1612
26658.1	-19.0453
26668.9	-19.7294
26679.6	-36.6778
26690.4	13.7987
26701.2	19.2362
26711.9	10.3955
26722.7	-16.0225
26733.5	-19.4923
26744.2	-19.4007
26755	-18.7878
26765.8	-18.1881
26776.5	-15.2627
26787.3	11.4223
26798.1	21.7591
26808.8	17.1715
26819.6	-10.5607
26830.4	-13.8325
26841.1	-12.8953
26851.9	-12.3814
26862.7	-12.5336
26873.4	-14.6569
26884.2	8.05777
26895	24.5375
26905.7	24.017
26916.5	6.34574
26927.3	-11.6432
26938	-11.4227
26948.8	-10.8708
26959.6	-11.1193
26970.3	-15.0439
26981.1	4.95833
26991.9	30.2634
27002.6	33.9468
27013.4	22.2817
27024.2	-9.32974
27034.9	-11.1375
27045.7	-9.72977
27056.5	-9.96465
27067.2	-10.4651
27078	-8.36128
27088.8	30.2565
27099.5	38.351
27110.3	31.6337
27121.1	-8.6182
27131.8	-11.6332
27142.6	-11.2897
27153.4	-11.313
27164.1	-12.1035
27174.9	-14.1772
27185.7	13.159
27196.4	26.5904
27207.2	24.1311
27218	2.40745
27228.7	-15.2894
27239.5	-14.2781
27250.3	-14.0722
27261	-14.5341
27271.8	-16.5969
27282.6	-0.559445
27293.3	20.0638
27304.1	21.7219
27314.9	7.47732
27325.6	-16.8921
27336.4	-18.8004
27347.2	-18.641
27357.9	-19.1694
27368.7	-20.3027
27379.5	-21.7167
27390.2	13.9871
27401	19.8191
27411.8	11.0332
27422.5	-20.1356
27433.3	-27.1037
27444.1	-29.2003
27454.8	-29.765
27465.6	-27.8819
27476.4	-19.1015
27487.1	7.18972
27497.9	17.6294
27508.7	13.3848
27519.4	-17.0397
27530.2	-21.964
27541	-20.234
27551.7	-20.0396
27562.5	-20.1697
27573.3	-19.6178
27584	-1.52697
27594.8	14.8699
27605.6	14.6888
27616.3	-3.04143
27627.1	-20.3835
27637.9	-19.1313
27648.6	-18.9774
27659.4	-19.2359
27670.2	-20.3123
27680.9	-15.7766
27691.7	11.3254
27702.5	15.0747
27713.2	4.03176
27724	-19.6807
27734.8	-23.739
27745.5	-24.4064
27756.3	-24.6445
27767.1	-24.363
27777.8	-21.6131
27788.6	6.64122
27799.4	14.6401
27810.1	8.48014
27820.9	-27.1732
27831.7	-22.7539
27842.4	-22.227
27853.2	-22.0227
27864	-21.8464
27874.7	-20.0719
27885.5	0.0629554
27896.3	13.4127
27907	11.3253
27917.8	-10.4913
27928.6	-20.2799
27939.3	-19.3081
27950.1	-19.1145
27960.9	-19.2618
27971.6	-20.6525
27982.4	-10.5873
27993.2	11.2962
28003.9	13.0368
28014.7	-0.45374
28025.5	-19.698
28036.2	-22.365
28047	-22.591
28057.8	-22.6381
28068.5	-23.0901
28079.3	-29.7591
28090.1	8.01725
28100.8	13.8586
28111.6	5.62295
28122.4	-20.8419
28133.1	-23.4171
28143.9	-23.4693
28154.7	-23.1122
28165.4	-22.6509
28176.2	-20.4586
28187	3.03111
28197.7	13.8639
28208.5	9.77848
28219.3	-16.3872
28230	-19.9176
28240.8	-19.2509
28251.6	-18.957
28262.3	-19.0638
28273.1	-21.2362
28283.9	-4.89262
28294.6	12.9743
28305.4	12.7479
28316.2	-3.47976
28326.9	-19.4364
28337.7	-21.3277
28348.5	-21.265
28359.2	-21.2244
28370	-22.8185
28380.8	-20.9779
28391.5	10.9865
28402.3	14.8491
28413.1	4.29165
28423.8	-19.0416
28434.6	-24.379
28445.4	-24.6254
28456.1	-23.9166
28466.9	-23.1212
28477.7	-21.6658
28488.4	7.56931
28499.2	16.1735
28510	9.95916
28520.7	-19.0709
28531.5	-19.0821
28542.3	-18.478
28553	-18.0225
28563.8	-18.1861
28574.6	-22.3293
28585.3	2.16938
28596.1	16.7012
28606.9	14.5216
28617.6	-4.93345
28628.4	-18.3234
28639.2	-19.7098
28649.9	-19.3231
28660.7	-19.2989
28671.5	-23.9706
28682.2	-6.21805
28693	16.3995
28703.8	18.3965
28714.5	5.12315
28725.3	-17.7696
28736.1	-25.5771
28746.8	-25.3718
28757.6	-23.9219
28768.4	-22.0907
28779.1	-17.274
28789.9	15.324
28800.7	21.8685
28811.4	13.3341
28822.2	-17.0319
28833	-15.3247
28843.7	-14.3905
28854.5	-13.7975
28865.3	-14.2628
28876	-27.4653
28886.8	13.8997
28897.6	25.5178
28908.3	21.3862
28919.1	-2.35152
28929.9	-13.6657
28940.6	-14.5045
28951.4	-13.7428
28962.2	-15.079
28972.9	-11.6983
28983.7	14.6267
28994.5	31.841
29005.2	32.1318
29016	14.9955
29026.8	-11.8729
29037.5	-4.28653
29048.3	-3.4568
29059.1	-3.8011
29069.8	-7.19118
29080.6	6.57793
29091.4	34.8274
29102.1	39.1751
29112.9	28.4497
29123.7	-2.94199
29134.4	-9.60877
29145.2	-7.86423
29156	-8.18005
29166.7	-9.23902
29177.5	-14.4221
29188.3	18.4109
29199	27.6433
29209.8	21.4195
29220.6	-7.922
29231.3	-15.3882
29242.1	-17.1043
29252.9	-17.4718
29263.6	-18.3813
29274.4	-19.8908
29285.2	7.55356
29295.9	21.9206
29306.7	20.1677
29317.5	-0.197425
29328.2	-26.7201
29339	-23.1654
29349.8	-23.268
29360.5	-24.0514
29371.3	-20.1582
29382.1	-3.80883
29392.8	16.7603
29403.6	19.3303
29414.4	5.53231
29425.1	-33.5204
29435.9	-18.6167
29446.7	-18.2025
29457.4	-18.7809
29468.2	-19.4305
29479	-18.5827
29489.7	11.2053
29500.5	18.0706
29511.3	9.73889
29522	-25.0767
29532.8	-23.7247
29543.6	-24.1779
29554.3	-24.9195
29565.1	-25.7161
29575.9	-21.3573
29586.6	4.72308
29597.4	16.1469
29608.2	12.5256
29618.9	-13.9469
29629.7	-29.528
29640.5	-26.0983
29651.2	-26.4552
29662	-26.6594
29672.8	-22.0224
29683.5	-3.56054
29694.3	13.4606
29705.1	14.0883
29715.8	-2.96594
29726.6	-27.1639
29737.4	-21.3389
29748.1	-21.1856
29758.9	-21.7225
29769.7	-22.1776
29780.4	-16.1132
29791.2	9.89689
29802	14.6019
29812.7	3.99417
29823.5	-25.6465
29834.3	-25.2499
29845	-25.4297
29855.8	-26.2205
29866.6	-26.9229
29877.3	-23.9909
29888.1	5.18591
29898.9	14.19
29909.6	8.56597
29920.4	-29.4092
29931.2	-31.1558
29941.9	-30.1675
29952.7	-30.4672
29963.5	-30.0516
29974.2	-23.3029
29985	-1.30518
29995.8	12.9009
30006.5	11.5417
30017.3	-9.28193
30028.1	-27.0411
30038.8	-23.4786
30049.6	-23.3903
30060.4	-23.8624
30071.1	-24.3663
30081.9	-11.2394
30092.7	10.672
30103.4	13.3357
30114.2	0.198208
30125	-26.4839
30135.7	-26.2427
30146.5	-26.2424
30157.3	-27.0842
30168	-28.3004
30178.8	-30.431
30189.6	7.29066
30200.3	14.1651
30211.1	6.34596
30221.9	-33.4603
30232.6	-42.0761
30243.4	-44.187
30254.2	-40.7004
30264.9	-39.3703
30275.7	-25.4081
30286.5	2.33565
30297.2	14.1051
30308	10.6845
30318.8	-14.5343
30329.5	-29.8809
30340.3	-27.1272
30351	-26.8291
30361.8	-27.3867
30372.6	-27.6303
30383.3	-5.01757
30394.1	13.1176
30404.9	13.8135
30415.6	-2.2721
30426.4	-30.5916
30437.2	-27.314
30447.9	-27.0994
30458.7	-28.2343
30469.5	-29.3626
30480.2	-17.0456
30491	11.0824
30501.8	16.0048
30512.5	5.69493
30523.3	-34.5059
30534.1	-28.4228
30544.8	-26.8624
30555.6	-26.7864
30566.4	-27.8841
30577.1	-30.8459
30587.9	7.82841
30598.7	17.3804
30609.4	11.7845
30620.2	-18.1159
30631	-30.5461
30641.7	-31.467
30652.5	-29.8171
30663.3	-30.9383
30674	-23.7848
30684.8	3.16475
30695.6	18.0243
30706.3	16.7916
30717.1	-2.98543
30727.9	-32.986
30738.6	-23.5253
30749.4	-23.4288
30760.2	-23.5609
30770.9	-18.8731
30781.7	-3.20496
30792.5	18.1105
30803.2	21.1906
30814	7.89317
30824.8	-23.178
30835.5	-13.9438
30846.3	-13.1691
30857.1	-13.0562
30867.8	-12.946
30878.6	-12.2347
30889.4	18.1923
30900.1	25.6592
30910.9	17.7133
30921.7	-12.0853
30932.4	-11.0449
30943.2	-10.4518
30954	-9.89772
30964.7	-9.30563
30975.5	-3.93505
30986.3	20.6519
30997	32.5831
31007.8	29.4909
31018.6	3.89445
31029.3	-2.84122
31040.1	-0.864148
31050.9	-0.331699
31061.6	-1.04147
31072.4	-13.5322
31083.2	19.537
31093.9	38.4826
31104.7	39.3482
31115.5	23.7683
31126.2	-6.71079
31137	-4.74715
31147.8	-3.41361
31158.5	-3.98942
31169.3	-4.5392
31180.1	-1.14953
31190.8	22.4462
31201.6	27.8745
31212.4	17.5047
31223.1	-11.1083
31233.9	-8.17307
31244.7	-8.32058
31255.4	-8.90857
31266.2	-9.59166
31277	-9.81809
31287.7	13.2762
31298.5	22.9327
31309.3	17.6995
31320	-10.5956
31330.8	-13.8629
31341.6	-14.5209
31352.3	-15.2739
31363.1	-15.4042
31373.9	-11.9318
31384.6	4.59073
31395.4	18.6717
31406.2	18.0197
31416.9	-3.3038
31427.7	-15.6072
31438.5	-12.8855
31449.2	-12.9775
31460	-13.3546
31470.8	-12.982
31481.5	-5.65818
31492.3	14.2205
31503.1	17.7098
31513.8	4.43656
31524.6	-16.2516
31535.4	-13.7037
31546.1	-13.6769
31556.9	-14.0302
31567.7	-14.4596
31578.4	-14.8998
31589.2	9.25408
31600	16.6302
31610.7	9.32026
31621.5	-16.7577
31632.3	-17.2638
31643	-17.7939
31653.8	-18.2567
31664.6	-18.1806
31675.3	-14.9884
31686.1	3.31056
31696.9	14.7935
31707.6	12.2576
31718.4	-16.8616
31729.2	-17.8713
31739.9	-16.5932
31750.7	-16.7491
31761.5	-16.9342
31772.2	-15.7694
31783	-4.70564
31793.8	12.2374
31804.5	13.7792
31815.3	-2.80651
31826.1	-17.9489
31836.8	-15.7873
31847.6	-15.7438
31858.4	-16.0326
31869.1	-16.4208
31879.9	-15.9221
31890.7	8.89786
31901.4	14.1992
31912.2	4.61312
31923	-17.9312
31933.7	-18.6178
31944.5	-18.978
31955.3	-19.3166
31966	-19.3088
31976.8	-16.9193
31987.6	4.44659
31998.3	13.7229
32009.1	9.1749
32019.9	-28.4422
32030.6	-19.6976
32041.4	-19.2633
32052.2	-19.4737
32062.9	-19.4351
32073.7	-17.0764
32084.5	-1.92127
32095.2	12.4525
32106	12.0309
32116.8	-8.61544
32127.5	-18.8846
32138.3	-17.0214
32149.1	-16.9822
32159.8	-17.2363
32170.6	-17.5479
32181.4	-12.1413
32192.1	10.3416
32202.9	13.6976
32213.7	1.51891
32224.4	-18.8157
32235.2	-18.8978
32246	-19.0265
32256.7	-19.3114
32267.5	-19.5845
32278.3	-19.4564
32289	7.14946
32299.8	14.4482
32310.6	7.7035
32321.3	-21.8613
32332.1	-21.5964
32342.9	-21.9439
32353.6	-22.246
32364.4	-21.7871
32375.2	-17.3675
32385.9	2.3723
32396.7	14.4001
32407.5	11.9734
32418.2	-14.3259
32429	-19.586
32439.8	-17.9147
32450.5	-17.8867
32461.3	-18.0812
32472.1	-17.6702
32482.8	-5.11069
32493.6	13.5469
32504.4	15.041
32515.1	-0.288237
32525.9	-19.0623
32536.7	-17.4167
32547.4	-17.2849
32558.2	-17.5368
32569	-18.1017
32579.7	-18.1003
32590.5	11.7955
32601.3	17.2537
32612	8.03651
32622.8	-18.7378
32633.6	-20.8857
32644.3	-21.4116
32655.1	-21.7208
32665.9	-21.0699
32676.6	-15.6858
32687.4	8.98667
32698.2	18.8235
32708.9	14.3225
32719.7	-22.8842
32730.5	-18.8491
32741.2	-17.639
32752	-17.6316
32762.8	-17.2826
32773.5	-13.2228
32784.3	4.82293
32795.1	19.9843
32805.8	19.669
32816.6	0.00885756
32827.4	-14.229
32838.1	-11.1701
32848.9	-10.8002
32859.7	-10.7603
32870.4	-10.3477
32881.2	-1.63039
32892	21.2687
32902.7	24.975
32913.5	12.8119
32924.3	-10.0789
32935	-7.83612
32945.8	-7.19245
32956.6	-6.81299
32967.3	-6.34263
32978.1	-5.0495
32988.9	24.7771
32999.6	32.5598
33010.4	25.8746
33021.2	-3.73066
33031.9	-2.28456
33042.7	-1.47062
33053.5	-1.07088
33064.2	-2.58589
33075	-4.47111
33085.8	28.2441
33096.5	41.4326
33107.3	38.869
33118.1	16.5431
33128.8	-21.2321
33139.6	-3.6642
33150.4	-3.17662
33161.1	-3.82742
33171.9	-3.76811
33182.7	6.98836
33193.4	25.4581
33204.2	27.2643
33215	12.0935
33225.7	-8.77171
33236.5	-6.31517
33247.3	-6.4086
33258	-6.97711
33268.8	-7.6799
33279.6	-8.08916
33290.3	17.4029
33301.1	23.1513
33311.9	14.1377
33322.6	-10.4744
33333.4	-11.5593
33344.2	-12.1657
33354.9	-12.7177
33365.7	-12.8734
33376.5	-10.4249
33387.2	10.0422
33398	19.8279
33408.8	15.7412
33419.5	-21.7682
33430.3	-13.8055
33441.1	-13.2346
33451.8	-13.5187
33462.6	-13.6625
33473.4	-11.9166
33484.1	1.59458
33494.9	16.3902
33505.7	16.4693
33516.4	-3.31149
33527.2	-14.0548
33538	-12.2376
33548.7	-12.2408
33559.5	-12.5294
33570.3	-12.8788
33581	-9.94913
33591.8	12.5232
33602.6	16.3289
33613.3	4.79883
33624.1	-14.2833
33634.9	-14.5544
33645.6	-14.756
33656.4	-15.0247
33667.2	-15.2118
33677.9	-14.6355
33688.7	7.87258
33699.5	15.4123
33710.2	9.37943
33721	-17.6269
33731.8	-16.5192
33742.5	-16.6528
33753.3	-16.8714
33764.1	-16.7186
33774.8	-14.252
33785.6	1.70536
33796.4	13.8134
33807.1	12.0481
33817.9	-14.1855
33828.7	-15.7803
33839.4	-14.6322
33850.2	-14.6277
33861	-14.8023
33871.7	-14.9015
33882.5	-7.64943
33893.3	11.5261
33904	13.4182
33914.8	-0.918798
33925.6	-15.7617
33936.3	-15.5257
33947.1	-15.5687
33957.9	-15.7479
33968.6	-16.1238
33979.4	-18.0471
33990.2	8.32269
34000.9	13.837
34011.7	5.68475
34022.5	-16.3079
34033.2	-17.8998
34044	-18.2916
34054.8	-18.4318
34065.5	-18.126
34076.3	-15.4575
34087.1	3.65136
34097.8	13.5003
34108.6	9.78139
34119.4	-24.1006
34130.1	-16.8264
34140.9	-16.1513
34151.7	-16.1268
34162.4	-16.1925
34173.2	-15.8797
34184	-3.68853
34194.7	12.4257
34205.5	12.4107
34216.3	-5.18438
34227	-16.3028
34237.8	-15.7527
34248.6	-15.6949
34259.3	-15.8362
34270.1	-16.5405
34280.9	-17.5299
34291.6	10.4285
34302.4	14.0585
34313.2	3.52285
34323.9	-16.0793
34334.7	-18.506
34345.5	-18.9039
34356.2	-18.9629
34367	-18.7257
34377.8	-16.9647
34388.5	7.12304
34399.3	14.954
34410.1	9.13186
34420.8	-20.4491
34431.6	-17.7596
34442.4	-17.4505
34453.1	-17.3581
34463.9	-17.24
34474.7	-15.948
34485.4	1.79282
34496.2	15.1339
34507	13.1963
34517.7	-8.49572
34528.5	-16.0504
34539.3	-15.2414
34550	-15.0765
34560.8	-15.2016
34571.6	-16.3765
34582.3	-7.57213
34593.1	14.5087
34603.9	16.3423
34614.6	2.99389
34625.4	-15.561
34636.2	-17.5583
34646.9	-17.6762
34657.7	-17.7028
34668.5	-18.1202
34679.2	-23.7174
34690	12.9332
34700.8	18.884
34711.5	10.7509
34722.3	-16.1954
34733.1	-18.8601
34743.8	-19.025
34754.6	-18.6954
34765.4	-17.9435
34776.1	-13.7377
34786.9	10.2362
34797.7	21.0575
34808.4	17.1624
34819.2	-10.8078
34830	-13.8033
34840.7	-12.6232
34851.5	-12.2462
34862.3	-12.2839
34873	-12.5579
34883.8	6.18552
34894.6	23.332
34905.3	23.433
34916.1	6.41993
34926.9	-11.0447
34937.6	-9.86159
34948.4	-9.34334
34959.2	-9.30621
34969.9	-10.671
34980.7	0.118342
34991.5	27.5997
35002.2	31.8034
35013	20.9501
35023.8	-6.65936
35034.5	-9.3404
35045.3	-8.70952
35056.1	-8.57737
35066.8	-10.331
35077.6	-3.47433
35088.4	35.0901
35099.1	43.843
35109.9	37.7124
35120.7	1.52015
35131.4	-12.1681
35142.2	-9.69103
35153	-9.65465
35163.7	-10.3315
35174.5	-9.69234
35185.3	13.5507
35196	27.5727
35206.8	25.7406
35217.6	4.82002
35228.3	-13.2408
35239.1	-11.1411
35249.9	-11.1034
35260.6	-11.6611
35271.4	-12.87
35282.2	-1.20084
35292.9	20.3499
35303.7	22.5887
35314.5	9.08106
35325.2	-14.6905
35336	-15.6775
35346.8	-15.7286
35357.5	-16.2623
35368.3	-17.0906
35379.1	-19.4366
35389.8	13.9102
35400.6	20.2772
35411.4	12.1843
35422.1	-18.703
35432.9	-22.1746
35443.7	-23.4096
35454.4	-24.0412
35465.2	-23.2143
35476	-16.7143
35486.7	6.81433
35497.5	17.7936
35508.3	14.1905
35519	-14.9091
35529.8	-19.8855
35540.6	-18.1645
35551.3	-18.1272
35562.1	-18.3364
35572.9	-17.7925
35583.6	-2.30406
35594.4	14.7971
35605.2	15.2095
35615.9	-1.69584
35626.7	-19.179
35637.5	-17.8241
35648.2	-17.7449
35659	-18.0508
35669.8	-18.9007
35680.5	-17.2547
35691.3	11.0404
35702.1	15.3499
35712.8	4.99615
35723.6	-19.0001
35734.4	-22.3442
35745.1	-23.0404
35755.9	-23.3815
35766.7	-23.1118
35777.4	-19.7463
35788.2	6.13172
35799	14.6962
35809.7	9.16016
35820.5	-30.7271
35831.2	-21.9233
35842	-21.3165
35852.8	-21.2506
35863.5	-21.1736
35874.3	-19.4195
35885.1	-0.751977
35895.8	13.2645
35906.6	11.7681
35917.4	-9.06741
35928.1	-20.1918
35938.9	-19.0409
35949.7	-18.917
35960.4	-19.1287
35971.2	-20.2842
35982	-12.0393
35992.7	10.944
36003.5	13.267
36014.3	0.450139
36025	-19.8861
36035.8	-22.5561
36046.6	-22.9
36057.3	-23.0879
36068.1	-23.4414
36078.9	-26.1402
36089.6	7.44004
36100.4	13.8858
36111.2	6.23816
36121.9	-22.3801
36132.7	-24.0118
36143.5	-24.0269
36154.2	-23.7613
36165	-23.3743
36175.8	-20.8194
36186.5	2.17274
36197.3	13.6858
36208.1	10.1747
36218.8	-15.0005
36229.6	-20.901
36240.4	-20.1053
36251.1	-19.8597
36261.9	-20.0287
36272.7	-22.154
36283.4	-6.17588
36294.2	12.5764
36305	12.9458
36315.7	-2.62274
36326.5	-20.7594
36337.3	-23.223
36348	-23.3102
36358.8	-23.4086
36369.6	-25.1048
36380.3	-23.6748
36391.1	10.3401
36401.9	14.8436
36412.6	4.82385
36423.4	-21.0122
36434.2	-27.0199
36444.9	-27.0602
36455.7	-26.1697
36466.5	-25.4427
36477.2	-23.777
36488	6.63066
36498.8	15.9429
36509.5	10.271
36520.3	-18.748
36531.1	-21.0633
36541.8	-20.428
36552.6	-19.9076
36563.4	-20.1615
36574.1	-26.3448
36584.9	0.901749
36595.7	16.2093
36606.4	14.6249
36617.2	-4.12205
36628	-21.1329
36638.7	-24.4025
36649.5	-24.0612
36660.3	-24.0326
36671	-30.6487
36681.8	-7.63006
36692.6	15.5907
36703.3	18.2523
36714.1	5.46563
36724.9	-20.6786
36735.6	-24.0784
36746.4	-22.9193
36757.2	-22.1877
36767.9	-21.1924
36778.7	-18.6641
36789.5	14.1137
36800.2	21.3905
36811	13.352
36821.8	-17.5141
36832.5	-15.7486
36843.3	-14.8647
36854.1	-14.2754
36864.8	-14.733
36875.6	-25.9171
36886.4	12.143
36897.1	24.5051
36907.9	20.9469
36918.7	-1.61662
36929.4	-15.6886
36940.2	-18.5322
36951	-17.4707
36961.7	-16.2576
36972.5	-9.40434
36983.3	11.564
36994	29.3971
37004.8	30.32
37015.6	13.8353
37026.3	-6.74574
37037.1	-2.27007
37047.9	-1.42144
37058.6	-1.64143
37069.4	-6.43646
37080.2	10.7495
37090.9	40.9486
37101.7	45.8946
37112.5	35.8248
37123.2	1.86564
37134	-4.86906
37144.8	-2.53249
37155.5	-2.79761
37166.3	-3.75697
37177.1	-7.07674
37187.8	18.8242
37198.6	28.8657
37209.4	23.1548
37220.1	-2.95379
37230.9	-9.95776
37241.7	-11.7986
37252.4	-12.5888
37263.2	-13.1298
37274	-12.1648
37284.7	7.46426
37295.5	22.3324
37306.3	21.2275
37317	1.58004
37327.8	-16.1047
37338.6	-14.483
37349.3	-14.7895
37360.1	-15.2499
37370.9	-13.7584
37381.6	-3.38894
37392.4	16.6781
37403.2	20.0294
37413.9	6.55943
37424.7	-19.1665
37435.5	-13.4217
37446.2	-13.2229
37457	-13.6027
37467.8	-14.0764
37478.5	-14.4324
37489.3	10.7727
37500.1	18.4618
37510.8	10.5547
37521.6	-16.5639
37532.4	-16.8281
37543.1	-17.2296
37553.9	-17.6258
37564.7	-17.9459
37575.4	-16.5607
37586.2	4.18559
37597	16.2197
37607.7	13.1998
37618.5	-11.2707
37629.3	-20.1574
37640	-19.6511
37650.8	-20.1378
37661.6	-20.2961
37672.3	-17.4438
37683.1	-3.72004
37693.9	13.1974
37704.6	14.6007
37715.4	-2.26254
37726.2	-21.1731
37736.9	-17.0265
37747.7	-16.9425
37758.5	-17.311
37769.2	-17.4163
37780	-14.0675
37790.8	9.33163
37801.5	14.9041
37812.3	4.56393
37823.1	-20.9714
37833.8	-18.7085
37844.6	-18.7084
37855.4	-19.0365
37866.1	-19.4295
37876.9	-19.1028
37887.7	4.47669
37898.4	14.2203
37909.2	9.10498
37920	-19.1105
37930.7	-22.4162
37941.5	-22.9634
37952.3	-23.6066
37963	-23.4638
37973.8	-19.1806
37984.6	-1.78377
37995.3	12.6079
38006.1	11.9984
38016.9	-8.74775
38027.6	-22.7516
38038.4	-19.6989
38049.2	-19.7755
38059.9	-20.1205
38070.7	-19.3009
38081.5	-10.4202
38092.2	10.0561
38103	13.6279
38113.8	0.500352
38124.5	-23.2498
38135.3	-19.0014
38146.1	-18.7915
38156.8	-19.0782
38167.6	-19.4691
38178.4	-19.9541
38189.1	6.463
38199.9	14.2015
38210.7	6.73906
38221.4	-21.2818
38232.2	-21.8665
38243	-22.2632
38253.7	-22.5527
38264.5	-22.4889
38275.3	-19.3679
38286	1.61683
38296.8	13.8089
38307.6	11.084
38318.3	-13.4912
38329.1	-22.7021
38339.9	-21.5569
38350.6	-21.8548
38361.4	-21.8161
38372.2	-18.6658
38382.9	-4.86462
38393.7	12.4592
38404.5	14.0895
38415.2	-2.39296
38426	-21.2412
38436.8	-17.0549
38447.5	-16.7914
38458.3	-16.931
38469.1	-16.755
38479.8	-13.3346
38490.6	10.1313
38501.4	16.0263
38512.1	5.82833
38522.9	-18.6681
38533.7	-16.1184
38544.4	-15.8004
38555.2	-15.7586
38566	-15.8272
38576.7	-15.8008
38587.5	6.85776
38598.3	17.0365
38609	12.0431
38619.8	-13.0829
38630.6	-16.2522
38641.3	-16.4405
38652.1	-16.4127
38662.9	-15.8545
38673.6	-12.6891
38684.4	2.76902
38695.2	17.2397
38705.9	16.9433
38716.7	-3.70455
38727.5	-13.0674
38738.2	-11.1295
38749	-10.8601
38759.8	-10.6341
38770.5	-9.38575
38781.3	-2.16573
38792.1	16.8742
38802.8	21.0071
38813.6	7.40348
38824.4	-9.3827
38835.1	-6.52414
38845.9	-5.99076
38856.7	-5.7197
38867.4	-5.49489
38878.2	-5.44128
38889	16.5935
38899.7	24.8574
38910.5	17.3652
38921.3	-3.57517
38932	-3.38982
38942.8	-2.90583
38953.6	-2.29424
38964.3	-1.38859
38975.1	1.28019
38985.9	18.318
38996.6	30.3147
39007.4	28.0965
39018.2	3.7309
39028.9	4.41153
39039.7	5.74182
39050.5	6.34867
39061.2	5.70626
39072	-10.5491
39082.8	26.478
39093.5	46.4461
39104.3	47.8811
39115.1	33.1116
39125.8	1.44286
39136.6	4.29189
39147.4	5.64375
39158.1	5.13645
39168.9	4.38755
39179.7	4.72605
39190.4	22.9549
39201.2	29.3724
39212	19.2254
39222.7	-0.380342
39233.5	0.0498453
39244.3	-0.416069
39255	-0.989497
39265.8	-1.53213
39276.6	-1.68229
39287.3	13.5785
39298.1	23.462
39308.9	19.0293
39319.6	-3.87286
39330.4	-4.49918
39341.2	-4.87398
39351.9	-5.33495
39362.7	-5.59199
39373.5	-4.50149
39384.2	5.63263
39395	18.5676
39405.8	19.0621
39416.5	-4.41607
39427.3	-6.74997
39438.1	-5.63538
39448.8	-5.78419
39459.6	-6.07334
39470.4	-6.04244
39481.1	-2.79394
39491.9	13.764
39502.7	18.3881
39513.4	4.84042
39524.2	-8.09233
39535	-6.97175
39545.7	-7.03887
39556.5	-7.27734
39567.3	-7.54359
39578	-7.78061
39588.8	8.94882
39599.6	16.8571
39610.3	10.1997
39621.1	-8.87776
39631.9	-9.15282
39642.6	-9.42797
39653.4	-9.67312
39664.2	-9.71489
39674.9	-8.4797
39685.7	3.68667
39696.5	14.5307
39707.2	13.1265
39718	-16.2367
39728.8	-10.0067
39739.5	-9.47453
39750.3	-9.60603
39761.1	-9.73783
39771.8	-9.18851
39782.6	-3.01493
39793.4	11.6196
39804.1	14.4121
39814.9	-3.40077
39825.7	-10.53
39836.4	-9.31126
39847.2	-9.30051
39858	-9.46537
39868.7	-9.64428
39879.5	-9.55495
39890.3	8.31923
39901	14.4363
39911.8	5.22364
39922.6	-10.6469
39933.3	-10.6721
39944.1	-10.818
39954.9	-10.9667
39965.6	-10.988
39976.4	-10.0733
39987.2	4.40108
39997.9	13.4706
40008.7	9.98641
40019.5	-13.9091
40030.2	-11.3443
40041	-11.2151
40051.8	-11.3459
40062.5	-11.3341
40073.3	-10.1865
40084.1	-0.933646
40094.8	11.7811
40105.6	12.6984
40116.4	-11.6838
40127.1	-11.1503
40137.9	-10.0737
40148.7	-10.0453
40159.4	-10.1536
40170.2	-10.1348
40181	-8.01016
40191.7	9.57013
40202.5	14.0003
40213.3	1.68635
40224	-10.9624
40234.8	-10.3929
40245.6	-10.3799
40256.3	-10.4563
40267.1	-10.5165
40277.9	-10.3113
40288.6	6.75631
40299.4	14.2451
40310.2	8.42736
40320.9	-11.2571
40331.7	-11.0052
40342.5	-11.0767
40353.2	-11.149
40364	-10.9774
40374.8	-9.35406
40385.5	2.83287
40396.3	13.7021
40407.1	12.6694
40417.8	-28.2332
40428.6	-10.0635
40439.4	-9.29066
40450.1	-9.2444
40460.9	-9.22823
40471.7	-8.6908
40482.4	-2.94048
40493.2	12.5991
40504	15.395
40514.7	-1.10965
40525.5	-9.05794
40536.3	-7.92752
40547	-7.7639
40557.8	-7.74632
40568.6	-7.76355
40579.3	-7.79364
40590.1	11.0486
40600.9	17.0663
40611.6	8.53592
40622.4	-7.62945
40633.2	-7.63127
40643.9	-7.57667
40654.7	-7.4826
40665.5	-7.20002
40676.2	-5.74768
40687	8.9071
40697.8	18.0331
40708.5	14.9413
40719.3	-9.67139
40730.1	-5.78429
40740.8	-5.3263
40751.6	-5.15215
40762.4	-4.82794
40773.1	-3.41753
40783.9	5.73062
40794.7	18.7234
40805.4	19.8961
40816.2	-3.93253
40827	-2.6538
40837.7	-1.39177
40848.5	-1.01954
40859.3	-0.742146
40870	-0.34579
40880.8	1.81317
40891.6	19.8207
40902.3	24.4159
40913.1	12.5355
40923.9	1.32909
40934.6	2.23551
40945.4	2.79877
40956.2	3.35387
40966.9	4.00465
40977.7	5.13249
40988.5	22.856
40999.2	30.4286
41010	25.11
41020.8	7.42785
41031.5	8.75954
41042.3	9.62266
41053.1	10.0874
41063.8	8.62097
41074.6	6.58751
41085.4	38.5679
41096.1	52.5269
41106.9	50.5311
41117.7	29.4112
41128.4	-13.205
41139.2	9.05646
41150	9.60429
41160.7	8.97516
41171.5	8.38823
41182.3	11.4491
41193	26.0882
41203.8	29.0922
41214.6	13.4883
41225.3	4.05514
41236.1	4.44282
41246.9	4.0155
41257.6	3.46614
41268.4	2.89586
41279.2	2.2234
41289.9	17.9408
41300.7	23.7888
41311.5	15.9516
41322.2	0.52818
41333	-0.0435252
41343.8	-0.481144
41354.5	-0.871999
41365.3	-1.11896
41376	-0.472318
41386.8	11.2697
41397.6	19.6879
41408.3	17.3174
41419.1	-6.29506
41429.9	-2.43518
41440.6	-2.36559
41451.4	-2.60992
41462.2	-2.81604
41472.9	-2.43532
41483.7	3.8231
41494.5	15.9333
41505.2	17.5288
41516	-4.42663
41526.8	-3.81751
41537.5	-3.22163
41548.3	-3.31719
41559.1	-3.52209
41569.8	-3.74639
41580.6	-3.61865
41591.4	12.3882
41602.1	16.7204
41612.9	6.14668
41623.7	-4.73949
41634.4	-4.89076
41645.2	-5.05015
41656	-5.20956
41666.7	-5.31443
41677.5	-5.00859
41688.3	8.48174
41699	15.1297
41709.8	10.8528
41720.6	-6.6621
41731.3	-6.03846
41742.1	-6.11207
41752.9	-6.24696
41763.6	-6.266
41774.4	-5.47654
41785.2	3.19546
41795.9	13.1517
41806.7	13.1509
41817.5	-14.2334
41828.2	-6.29174
41839	-5.82875
41849.8	-5.86537
41860.5	-5.96959
41871.3	-5.99063
41882.1	-3.9368
41892.8	11.0613
41903.6	13.9012
41914.4	0.0771223
41925.1	-6.56922
41935.9	-6.37013
41946.7	-6.4038
41957.4	-6.48562
41968.2	-6.60334
41979	-6.95733
41989.7	8.51313
42000.5	13.6067
42011.3	7.1619
42022	-6.90765
42032.8	-7.21291
42043.6	-7.3259
42054.3	-7.39025
42065.1	-7.31587
42075.9	-6.38449
42086.6	4.6592
42097.4	12.7648
42108.2	11.0175
42118.9	-10.9778
42129.7	-6.98271
42140.5	-6.70115
42151.2	-6.7111
42162	-6.72452
42172.8	-6.43554
42183.5	-1.41427
42194.3	11.7139
42205.1	13.0574
42215.8	-4.76493
42226.6	-6.69006
42237.4	-6.26357
42248.1	-6.21662
42258.9	-6.24777
42269.7	-6.37913
42280.4	-7.09518
42291.2	10.2475
42302	13.9405
42312.7	4.95409
42323.5	-6.31794
42334.3	-6.68569
42345	-6.72951
42355.8	-6.71718
42366.6	-6.61512
42377.3	-5.94145
42388.1	7.70753
42398.9	14.194
42409.6	10.509
42420.4	-7.35152
42431.2	-6.18215
42441.9	-6.04644
42452.7	-6.00444
42463.5	-5.87986
42474.2	-5.11554
42485	3.25788
42495.8	14.1975
42506.5	14.0128
42517.3	-8.22494
42528.1	-5.01202
42538.8	-4.48253
42549.6	-4.35598
42560.4	-4.3045
42571.1	-4.32009
42581.9	-3.32306
42592.7	13.934
42603.4	16.3254
42614.2	4.21857
42625	-3.85286
42635.7	-3.80219
42646.5	-3.67691
42657.3	-3.55211
42668	-3.45253
42678.8	-3.58629
42689.6	13.023
42700.3	18.0571
42711.1	12.1915
42721.9	-2.60868
42732.6	-2.656
42743.4	-2.51016
42754.2	-2.30456
42764.9	-1.937
42775.7	-0.643229
42786.5	10.9657
42797.2	19.7738
42808	18.0039
42818.8	-3.96275
42829.5	0.244579
42840.3	0.849886
42851.1	1.17951
42861.8	1.50368
42872.6	2.03248
42883.4	7.26274
42894.1	22.0205
42904.9	23.1681
42915.7	7.05132
42926.4	4.00133
42937.2	4.76689
42948	5.32104
42958.7	5.8399
42969.5	6.2323
42980.3	5.56682
42991	25.9657
43001.8	29.7698
43012.6	21.3455
43023.3	10.1512
43034.1	10.5965
43044.9	11.3527
43055.6	11.6309
43066.4	8.66821
43077.2	17.3541
43087.9	53.4676
43098.7	62.8715
43109.5	57.337
43120.2	24.4533
43131	4.65442
43141.8	11.2422
43152.5	11.3054
43163.3	10.6136
43174.1	10.1869
43184.8	16.7993
43195.6	28.3361
43206.4	27.9858
43217.1	6.70593
43227.9	6.20201
43238.7	6.16084
43249.4	5.68703
43260.2	5.14047
43271	4.50071
43281.7	3.86631
43292.5	21.0524
43303.3	23.3192
43314	11.9922
43324.8	2.36851
43335.6	1.71589
43346.3	1.33302
43357.1	0.990268
43367.9	0.653331
43378.6	0.222798
43389.4	15.2092
43400.2	20.0875
43410.9	14.6857
43421.7	-0.742551
43432.5	-1.13549
43443.2	-1.41769
43454	-1.66281
43464.8	-1.79684
43475.5	-1.2358
43486.3	8.57371
43497.1	17.3549
43507.8	15.7944
43518.6	-5.75101
43529.4	-2.42915
43540.1	-2.25843
43550.9	-2.38178
43561.7	-2.55355
43572.4	-2.71187
43583.2	-0.130841
43594	14.7925
43604.7	15.7743
43615.5	1.30605
43626.3	-3.44341
43637	-3.4695
43647.8	-3.5623
43658.6	-3.68982
43669.3	-3.93327
43680.1	-5.22613
43690.9	11.7778
43701.6	15.0236
43712.4	7.64787
43723.2	-4.22129
43733.9	-4.90406
43744.7	-5.07957
43755.5	-5.16671
43766.2	-5.15715
43777	-4.57498
43787.8	7.45427
43798.5	14.0029
43809.3	10.9925
43820.1	-6.54709
43830.8	-5.20193
43841.6	-5.1195
43852.4	-5.16439
43863.1	-5.20122
43873.9	-5.01439
43884.7	0.761422
43895.4	12.8967
43906.2	12.5492
43917	-4.79213
43927.7	-5.28542
43938.5	-5.08833
43949.3	-5.08371
43960	-5.14257
43970.8	-5.39043
43981.6	-6.97161
43992.3	11.2864
44003.1	13.0323
44013.9	3.4258
44024.6	-5.37344
44035.4	-5.8831
44046.2	-5.95593
44056.9	-5.9656
44067.7	-5.96391
44078.5	-5.96366
44089.2	8.43304

