0	14.5317
10.7666	5.21747
21.5332	-10.0873
32.2998	-10.1246
43.0664	-10.1552
53.833	-10.1434
64.5996	-9.91228
75.3662	-7.64862
86.1328	11.6411
96.8994	23.5471
107.666	20.752
118.433	-4.24389
129.199	-8.92352
139.966	-8.11903
150.732	-8.13197
161.499	-8.10366
172.266	-7.03296
183.032	1.10801
193.799	15.7509
204.565	17.8398
215.332	-0.994188
226.099	-7.89248
236.865	-6.45324
247.632	-6.33837
258.398	-6.37741
269.165	-6.26278
279.932	-4.75862
290.698	9.05917
301.465	16.3984
312.231	3.6302
322.998	-6.83014
333.765	-5.92561
344.531	-5.79574
355.298	-5.77135
366.064	-5.83459
376.831	-6.48125
387.598	1.84664
398.364	15.0075
409.131	7.81717
419.897	-4.61283
430.664	-5.89342
441.431	-5.9651
452.197	-5.89216
462.964	-5.84853
473.73	-6.17237
484.497	-4.16707
495.264	13.2235
506.03	11.2099
516.797	-1.33699
527.563	-5.51076
538.33	-5.7375
549.097	-5.65118
559.863	-5.50977
570.63	-5.36047
581.396	-4.63974
592.163	10.7847
602.93	13.9376
613.696	2.80002
624.463	-4.5229
635.229	-4.41294
645.996	-4.24117
656.763	-4.05765
667.529	-3.86839
678.296	-3.70765
689.062	7.3715
699.829	16.2571
710.596	7.96388
721.362	-2.68323
732.129	-2.44963
742.896	-2.1675
753.662	-1.88608
764.429	-1.68846
775.195	-2.10914
785.962	2.20248
796.729	18.6338
807.495	14.0657
818.262	2.20917
829.028	0.149632
839.795	0.406296
850.562	0.885932
861.328	1.3114
872.095	1.10705
882.861	-7.50123
893.628	22.4229
904.395	22.0092
915.161	11.9775
925.928	4.96624
936.694	5.09092
947.461	5.73408
958.228	5.70791
968.994	-0.146614
979.761	18.3246
990.527	51.3192
1001.29	56.8494
1012.06	47.4518
1022.83	11.6718
1033.59	1.83626
1044.36	4.96461
1055.13	4.63316
1065.89	3.82333
1076.66	3.637
1087.43	15.8695
1098.19	23.6267
1108.96	20.2857
1119.73	-3.73063
1130.49	-1.06171
1141.26	-1.44338
1152.03	-2.08999
1162.79	-2.67199
1173.56	-2.54871
1184.33	4.83543
1195.09	16.6301
1205.86	17.2831
1216.63	-7.09886
1227.39	-5.31689
1238.16	-4.80216
1248.93	-5.06056
1259.69	-5.40262
1270.46	-5.52474
1281.23	-3.26822
1291.99	11.1792
1302.76	15.9657
1313.53	1.56193
1324.29	-7.28828
1335.06	-6.51147
1345.83	-6.54743
1356.59	-6.69325
1367.36	-6.85822
1378.12	-7.11586
1388.89	5.70916
1399.66	14.8669
1410.42	6.70619
1421.19	-7.21241
1431.96	-7.43941
1442.72	-7.48122
1453.49	-7.48691
1464.26	-7.50282
1475.02	-7.67344
1485.79	0.178404
1496.56	13.5153
1507.32	10.4835
1518.09	-5.07025
1528.86	-7.44538
1539.62	-7.54219
1550.39	-7.48031
1561.16	-7.35686
1571.92	-7.09044
1582.69	-3.74889
1593.46	11.6695
1604.22	13.5115
1614.99	-0.649511
1625.76	-6.44293
1636.52	-6.19496
1647.29	-6.02327
1658.06	-5.84039
1668.82	-5.57337
1679.59	-4.72253
1690.36	9.12209
1701.12	16.1469
1711.89	5.55169
1722.66	-4.51345
1733.42	-3.95268
1744.19	-3.62543
1754.96	-3.33202
1765.72	-3.12551
1776.49	-3.5886
1787.26	5.53432
1798.02	18.8708
1808.79	12.5181
1819.56	-0.0834744
1830.32	-1.05054
1841.09	-0.669576
1851.86	-0.154227
1862.62	0.247894
1873.39	-0.318359
1884.16	-0.11554
1894.92	23.0074
1905.69	21.0189
1916.46	9.349
1927.22	3.87922
1937.99	4.12444
1948.75	4.77682
1959.52	4.5478
1970.29	-4.9141
1981.05	21.0694
1991.82	46.7933
2002.59	50.53
2013.35	38.9727
2024.12	6.97456
2034.89	2.69084
2045.65	4.79523
2056.42	4.37367
2067.19	3.53827
2077.95	2.92902
2088.72	17.8049
2099.49	24.0572
2110.25	18.9322
2121.02	-1.39958
2131.79	-1.45464
2142.55	-2.08443
2153.32	-2.74849
2164.09	-3.29237
2174.85	-3.01257
2185.62	6.92449
2196.39	17.5163
2207.15	16.3096
2217.92	-9.9543
2228.69	-5.74766
2239.45	-5.51733
2250.22	-5.83382
2260.99	-6.19021
2271.75	-6.1982
2282.52	-1.88895
2293.29	12.6671
2304.05	15.4148
2314.82	-1.38989
2325.59	-8.03759
2336.35	-7.31314
2347.12	-7.39685
2357.89	-7.59654
2368.65	-7.76664
2379.42	-7.49741
2390.19	7.89291
2400.95	14.7564
2411.72	4.78302
2422.49	-8.7582
2433.25	-8.46665
2444.02	-8.48373
2454.79	-8.53536
2465.55	-8.60285
2476.32	-8.77145
2487.08	2.84194
2497.85	13.8835
2508.62	9.19941
2519.38	-7.66734
2530.15	-8.81809
2540.92	-8.88884
2551.68	-8.85376
2562.45	-8.75104
2573.22	-8.39912
2583.98	-1.89508
2594.75	12.5981
2605.52	12.7209
2616.28	-3.8371
2627.05	-7.9965
2637.82	-7.76105
2648.58	-7.6222
2659.35	-7.44514
2670.12	-7.03678
2680.88	-4.64957
2691.65	10.7883
2702.42	15.7881
2713.18	2.94888
2723.95	-6.1481
2734.72	-5.37005
2745.48	-5.04032
2756.25	-4.7646
2767.02	-4.52803
2777.78	-4.65414
2788.55	8.40068
2799.32	18.9131
2810.08	10.7149
2820.85	-2.30154
2831.62	-2.27677
2842.38	-1.80688
2853.15	-1.29925
2863.92	-0.954146
2874.68	-1.91198
2885.45	5.80166
2896.22	23.406
2906.98	19.8071
2917.75	6.48403
2928.52	2.56619
2939.28	2.94966
2950.05	3.57468
2960.82	3.06564
2971.58	-12.5043
2982.35	23.3916
2993.12	44.5113
3003.88	46.5063
3014.65	32.5511
3025.42	0.892525
3036.18	2.55641
3046.95	3.99169
3057.71	3.49727
3068.48	2.56668
3079.25	0.794016
3090.01	19.4951
3100.78	24.3166
3111.55	17.2477
3122.31	-1.18544
3133.08	-2.79177
3143.85	-3.63399
3154.61	-4.31321
3165.38	-4.82617
3176.15	-4.4395
3186.91	8.86223
3197.68	18.1987
3208.45	15.0539
3219.21	-10.3162
3229.98	-7.20544
3240.75	-7.20704
3251.51	-7.56591
3262.28	-7.91771
3273.05	-7.73663
3283.81	-0.217922
3294.58	13.8699
3305.35	14.636
3316.11	-4.73764
3326.88	-9.59704
3337.65	-8.94975
3348.41	-9.07324
3359.18	-9.30912
3369.95	-9.44127
3380.71	-7.84667
3391.48	9.66751
3402.25	14.4586
3413.01	2.49764
3423.78	-10.7446
3434.55	-10.1415
3445.31	-10.1396
3456.08	-10.2307
3466.85	-10.3418
3477.61	-10.5249
3488.38	5.12028
3499.15	14.0837
3509.91	7.60904
3520.68	-10.3609
3531.45	-10.7648
3542.21	-10.8144
3552.98	-10.7987
3563.75	-10.7177
3574.51	-10.282
3585.28	0.296734
3596.04	13.348
3606.81	11.6679
3617.58	-7.29174
3628.34	-10.1656
3639.11	-9.99476
3649.88	-9.89332
3660.64	-9.7033
3671.41	-9.03274
3682.18	-3.81881
3692.94	12.2076
3703.71	15.1984
3714.48	0.0211053
3725.24	-8.3255
3736.01	-7.41164
3746.78	-7.10101
3757.54	-6.84325
3768.31	-6.49233
3779.08	-5.53831
3789.84	10.7708
3800.61	18.744
3811.38	8.66656
3822.14	-4.86221
3832.91	-4.0117
3843.68	-3.47967
3854.44	-2.9977
3865.21	-2.7059
3875.98	-3.96365
3886.74	9.87078
3897.51	23.6036
3908.28	18.3895
3919.04	3.20502
3929.81	0.794616
3940.58	1.31767
3951.34	1.88991
3962.11	1.01432
3972.88	-8.80348
3983.64	25.3858
3994.41	43.0164
4005.18	43.2965
4015.94	26.5946
4026.71	-7.85116
4037.48	1.67102
4048.24	2.63376
4059.01	2.08003
4069.78	0.942022
4080.54	-4.07547
4091.31	20.9906
4102.08	24.3892
4112.84	15.1986
4123.61	-2.211
4134.38	-4.97895
4145.14	-6.02236
4155.91	-6.70586
4166.67	-7.2049
4177.44	-6.98179
4188.21	10.6958
4198.97	18.6709
4209.74	13.4995
4220.51	-10.8031
4231.27	-9.65257
4242.04	-9.88041
4252.81	-10.2698
4263.57	-10.606
4274.34	-10.1781
4285.11	1.79862
4295.87	14.8227
4306.64	13.613
4317.41	-8.42663
4328.17	-12.0915
4338.94	-11.5669
4349.71	-11.7339
4360.47	-12.0028
4371.24	-12.0587
4382.01	-7.23087
4392.77	11.1409
4403.54	13.9521
4414.31	-0.132584
4425.07	-13.556
4435.84	-12.726
4446.61	-12.7164
4457.37	-12.8581
4468.14	-13.0112
4478.91	-13.0175
4489.67	7.10862
4500.44	14.0904
4511.21	5.72225
4521.97	-13.7214
4532.74	-13.6018
4543.51	-13.6113
4554.27	-13.6192
4565.04	-13.585
4575.81	-13.1186
4586.57	2.56504
4597.34	13.8948
4608.11	10.355
4618.87	-11.34
4629.64	-13.378
4640.41	-13.3166
4651.17	-13.2568
4661.94	-13.027
4672.71	-11.8787
4683.47	-2.17282
4694.24	13.3705
4705	14.3763
4715.77	-3.29375
4726.54	-11.5059
4737.3	-10.4988
4748.07	-10.2313
4758.84	-9.97847
4769.6	-9.30896
4780.37	-5.78021
4791.14	12.7174
4801.9	18.3619
4812.67	6.37422
4823.44	-8.16095
4834.2	-6.54139
4844.97	-5.9706
4855.74	-5.52902
4866.5	-5.24648
4877.27	-6.32373
4888.04	12.9276
4898.8	23.6024
4909.57	16.7635
4920.34	-0.736866
4931.1	-1.60357
4941.87	-0.94839
4952.64	-0.459315
4963.4	-1.81187
4974.17	-4.06046
4984.94	27.1007
4995.7	41.8603
5006.47	40.4289
5017.24	20.4389
5028	-13.9683
5038.77	0.0052784
5049.54	0.631138
5060.3	0.0225944
5071.07	-1.54737
5081.84	-8.66637
5092.6	22.3049
5103.37	24.2681
5114.14	12.7144
5124.9	-4.35689
5135.67	-8.25749
5146.44	-9.52283
5157.2	-10.1945
5167.97	-10.7384
5178.74	-11.5536
5189.5	12.4057
5200.27	18.9312
5211.04	11.6149
5221.8	-12.5986
5232.57	-13.4162
5243.33	-13.8661
5254.1	-14.255
5264.87	-14.5815
5275.63	-13.9838
5286.4	3.98025
5297.17	15.5385
5307.93	12.3314
5318.7	-12.4763
5329.47	-15.9054
5340.23	-15.5856
5351	-15.7882
5361.77	-16.1031
5372.53	-16.1325
5383.3	-5.14726
5394.07	12.3468
5404.83	13.2281
5415.6	-3.11817
5426.37	-17.7739
5437.13	-16.7897
5447.9	-16.7889
5458.67	-17.0142
5469.43	-17.2141
5480.2	-15.0391
5490.97	8.82563
5501.73	13.8966
5512.5	3.52508
5523.27	-18.6311
5534.03	-17.8892
5544.8	-17.7948
5555.57	-17.8556
5566.33	-17.9474
5577.1	-17.7464
5587.87	4.7294
5598.63	14.2338
5609.4	8.77175
5620.17	-16.7409
5630.93	-18.435
5641.7	-18.5472
5652.47	-18.5289
5663.23	-18.2415
5674	-16.1889
5684.77	0.0193611
5695.53	14.2835
5706.3	13.3163
5717.07	-7.04419
5727.83	-16.6661
5738.6	-15.5732
5749.37	-15.3981
5760.13	-15.0974
5770.9	-13.4931
5781.67	-4.82122
5792.43	14.2996
5803.2	17.7659
5813.96	3.84604
5824.73	-13.0101
5835.5	-10.3925
5846.26	-9.80401
5857.03	-9.42026
5867.8	-8.9809
5878.56	-8.24667
5889.33	15.3224
5900.1	23.4054
5910.86	14.9221
5921.63	-5.91469
5932.4	-4.93254
5943.16	-4.15133
5953.93	-3.7892
5964.7	-5.75543
5975.46	-2.52953
5986.23	28.5688
5997	40.8471
6007.76	37.6846
6018.53	13.4722
6029.3	-10.9579
6040.06	-2.64944
6050.83	-2.2528
6061.6	-2.92804
6072.36	-5.45675
6083.13	1.55566
6093.9	23.444
6104.66	23.9463
6115.43	9.67697
6126.2	-7.86405
6136.96	-13.3572
6147.73	-14.9574
6158.5	-15.5886
6169.26	-16.3418
6180.03	-16.0453
6190.8	13.9686
6201.56	18.9777
6212.33	9.35513
6223.1	-16.3408
6233.86	-18.976
6244.63	-19.3697
6255.4	-19.6318
6266.16	-20.0558
6276.93	-20.6317
6287.7	6.1417
6298.46	16.0244
6309.23	10.7744
6320	-16.9606
6330.76	-21.2563
6341.53	-21.3347
6352.29	-21.4177
6363.06	-21.9011
6373.83	-23.4758
6384.59	-2.28145
6395.36	13.3028
6406.13	12.2791
6416.89	-6.44818
6427.66	-24.4361
6438.43	-24.2137
6449.19	-24.2516
6459.96	-24.6957
6470.73	-25.1595
6481.49	-12.772
6492.26	10.2828
6503.03	13.4975
6513.79	0.998879
6524.56	-27.7689
6535.33	-25.1496
6546.09	-24.6085
6556.86	-24.8582
6567.63	-25.2623
6578.39	-25.8395
6589.16	6.6992
6599.93	14.3634
6610.69	6.90195
6621.46	-26.1489
6632.23	-26.4802
6642.99	-26.3368
6653.76	-26.136
6664.53	-26.51
6675.29	-24.3359
6686.06	2.38577
6696.83	14.9548
6707.59	12.0094
6718.36	-11.1294
6729.13	-27.9053
6739.89	-27.509
6750.66	-27.7669
6761.43	-26.9206
6772.19	-20.662
6782.96	-2.68288
6793.73	15.561
6804.49	16.9535
6815.26	1.10934
6826.03	-22.6952
6836.79	-17.2019
6847.56	-16.6175
6858.33	-16.3403
6869.09	-14.9708
6879.86	-8.23025
6890.62	17.2294
6901.39	23.0145
6912.16	12.8551
6922.92	-14.369
6933.69	-9.94148
6944.46	-9.01539
6955.22	-8.86394
6965.99	-11.5387
6976.76	-3.96325
6987.52	29.8136
6998.29	39.8741
7009.06	34.9363
7019.82	4.50102
7030.59	-11.82
7041.36	-6.89248
7052.12	-6.61271
7062.89	-7.40764
7073.66	-12.6842
7084.42	7.60982
7095.19	24.4106
7105.96	23.4149
7116.72	5.87401
7127.49	-13.6982
7138.26	-23.3323
7149.02	-25.8678
7159.79	-26.3074
7170.56	-25.2621
7181.32	-8.36916
7192.09	15.3669
7202.86	18.8064
7213.62	6.65708
7224.39	-24.1249
7235.16	-22.0045
7245.92	-21.1923
7256.69	-21.3681
7267.46	-21.7969
7278.22	-23.3341
7288.99	8.1681
7299.76	16.2844
7310.52	8.92165
7321.29	-21.2297
7332.06	-22.3195
7342.82	-22.1982
7353.59	-22.0286
7364.36	-22.6466
7375.12	-34.308
7385.89	0.624608
7396.66	14.0208
7407.42	11.0964
7418.19	-10.0113
7428.96	-25.8797
7439.72	-30.833
7450.49	-30.5726
7461.25	-30.4085
7472.02	-34.9991
7482.79	-8.3449
7493.55	11.4914
7504.32	12.8882
7515.09	-1.86998
7525.85	-28.5411
7536.62	-29.5338
7547.39	-28.7718
7558.15	-28.7544
7568.92	-27.4488
7579.69	-19.8148
7590.45	8.43984
7601.22	14.2819
7611.99	4.72525
7622.75	-27.8354
7633.52	-23.6005
7644.29	-22.7949
7655.05	-22.5261
7665.82	-23.0535
7676.59	-32.0608
7687.35	4.68257
7698.12	15.3916
7708.89	10.4444
7719.65	-14.7039
7730.42	-23.0634
7741.19	-23.4882
7751.95	-22.8515
7762.72	-23.2459
7773.49	-35.1747
7784.25	0.0584718
7795.02	16.5333
7805.79	15.9209
7816.55	-1.77201
7827.32	-24.8258
7838.09	-29.8236
7848.85	-29.1004
7859.62	-29.599
7870.39	-27.5683
7881.15	-5.65331
7891.92	18.7476
7902.69	22.4301
7913.45	10.548
7924.22	-27.8747
7934.99	-19.3886
7945.75	-18.1124
7956.52	-18.4655
7967.29	-20.6969
7978.05	-13.2134
7988.82	30.8529
7999.58	38.8799
8010.35	32.0943
8021.12	-12.8768
8031.88	-17.3079
8042.65	-14.9747
8053.42	-14.5502
8064.18	-15.744
8074.95	-26.3493
8085.72	11.8115
8096.48	25.2062
8107.25	22.6622
8118.02	0.856876
8128.78	-28.0065
8139.55	-25.1371
8150.32	-24.5041
8161.08	-25.1556
8171.85	-20.1559
8182.62	-2.54023
8193.38	16.5892
8204.15	18.4114
8214.92	3.43036
8225.68	-30.6731
8236.45	-18.5017
8247.22	-18.0553
8257.98	-18.4217
8268.75	-18.4577
8279.52	-15.1086
8290.28	10.0032
8301.05	16.3198
8311.82	6.74878
8322.58	-22.1432
8333.35	-18.6618
8344.12	-18.3376
8354.88	-18.3825
8365.65	-18.838
8376.42	-22.3045
8387.18	3.28831
8397.95	14.5088
8408.72	9.66922
8419.48	-13.4502
8430.25	-20.7144
8441.02	-21.7284
8451.78	-21.6463
8462.55	-21.6675
8473.32	-22.8561
8484.08	-4.37446
8494.85	12.4624
8505.62	12.062
8516.38	-5.07596
8527.15	-21.7202
8537.92	-22.872
8548.68	-22.8692
8559.45	-22.6429
8570.21	-21.5426
8580.98	-13.0619
8591.75	9.94349
8602.51	13.9866
8613.28	2.21732
8624.05	-20.8839
8634.81	-19.1462
8645.58	-18.7077
8656.35	-18.5508
8667.11	-18.5655
8677.88	-19.8038
8688.65	6.79547
8699.41	15.5989
8710.18	8.60677
8720.95	-16.1144
8731.71	-17.0465
8742.48	-16.7092
8753.25	-16.3261
8764.01	-16.5021
8774.78	-21.5185
8785.55	2.89498
8796.31	17.2395
8807.08	14.6625
8817.85	-4.68365
8828.61	-16.0877
8839.38	-17.1603
8850.15	-16.5653
8860.91	-16.3952
8871.68	-21.1156
8882.45	-1.78067
8893.21	19.9389
8903.98	21.6509
8914.75	7.97957
8925.51	-13.9775
8936.28	-19.7842
8947.05	-19.2576
8957.81	-18.7432
8968.58	-23.9927
8979.35	-4.75303
8990.11	31.6998
9000.88	37.8243
9011.65	29.0829
9022.41	-8.97577
9033.18	-23.1366
9043.95	-19.8366
9054.71	-20.6493
9065.48	-21.0226
9076.25	-12.4026
9087.01	15.0743
9097.78	25.8308
9108.54	21.6724
9119.31	-6.65857
9130.08	-21.3564
9140.84	-18.0303
9151.61	-18.5204
9162.38	-19.1063
9173.14	-15.8721
9183.91	1.62119
9194.68	17.6281
9205.44	17.7843
9216.21	-0.457376
9226.98	-21.4567
9237.74	-16.4542
9248.51	-16.3928
9259.28	-16.8251
9270.04	-16.5094
9280.81	-10.0241
9291.58	11.6238
9302.34	16.1297
9313.11	4.22801
9323.88	-20.6081
9334.64	-16.631
9345.41	-16.361
9356.18	-16.5315
9366.94	-16.8842
9377.71	-18.2333
9388.48	5.64937
9399.24	14.7726
9410.01	7.98436
9420.78	-16.2062
9431.54	-18.1567
9442.31	-18.3747
9453.08	-18.3567
9463.84	-18.4977
9474.61	-19.511
9485.38	-1.02156
9496.14	13.2051
9506.91	11.0098
9517.68	-8.57688
9528.44	-19.2015
9539.21	-20.0116
9549.98	-20.0479
9560.74	-19.8487
9571.51	-18.9316
9582.28	-8.48746
9593.04	11.2131
9603.81	13.4731
9614.58	-0.651388
9625.34	-18.4698
9636.11	-17.4587
9646.88	-17.2027
9657.64	-17.0749
9668.41	-16.7425
9679.17	-14.9563
9689.94	8.6801
9700.71	15.5798
9711.47	6.47886
9722.24	-16.0066
9733.01	-14.7675
9743.77	-14.3245
9754.54	-14.0339
9765.31	-14.1369
9776.07	-17.4117
9786.84	5.56898
9797.61	17.6963
9808.37	13.171
9819.14	-7.49057
9829.91	-13.0181
9840.67	-13.0884
9851.44	-12.5409
9862.21	-12.4449
9872.97	-16.6445
9883.74	2.18003
9894.51	20.8439
9905.27	20.6742
9916.04	5.11517
9926.81	-10.5372
9937.57	-12.9644
9948.34	-12.3162
9959.11	-12.2931
9969.87	-23.4955
9980.64	4.92602
9991.41	32.3646
10002.2	36.6782
10012.9	25.8264
10023.7	-7.09279
10034.5	-13.0158
10045.2	-10.7676
10056	-11.3051
10066.8	-11.9604
10077.5	-9.70584
10088.3	17.7483
10099.1	26.2835
10109.8	20.4246
10120.6	-21.418
10131.4	-16.2061
10142.1	-16.115
10152.9	-16.876
10163.7	-17.3889
10174.4	-14.3448
10185.2	4.92926
10196	18.4791
10206.7	16.9135
10217.5	-5.1986
10228.3	-18.9026
10239	-16.2366
10249.8	-16.4032
10260.6	-16.845
10271.3	-16.1046
10282.1	-6.13496
10292.9	13.0223
10303.6	15.7107
10314.4	1.32989
10325.2	-19.8111
10335.9	-16.24
10346.7	-16.0596
10357.5	-16.3124
10368.2	-16.5346
10379	-15.8505
10389.8	7.71055
10400.5	14.8156
10411.3	6.02602
10422.1	-18.2357
10432.8	-17.35
10443.6	-17.2769
10454.4	-17.3152
10465.1	-17.5384
10475.9	-18.5864
10486.7	1.84682
10497.4	13.7273
10508.2	9.72032
10519	-12.3041
10529.7	-18.5678
10540.5	-19.1328
10551.3	-19.1485
10562	-19.0007
10572.8	-18.2063
10583.6	-4.79971
10594.3	12.255
10605.1	12.735
10615.9	-3.921
10626.6	-18.0721
10637.4	-17.4899
10648.2	-17.3579
10658.9	-17.216
10669.7	-16.464
10680.5	-11.412
10691.2	10.323
10702	15.3355
10712.8	4.03932
10723.5	-16.1709
10734.3	-14.2813
10745.1	-13.8373
10755.8	-13.6105
10766.6	-13.6091
10777.4	-15.3616
10788.1	7.97803
10798.9	17.9158
10809.7	11.4379
10820.4	-10.1607
10831.2	-11.9144
10842	-11.5818
10852.7	-11.0867
10863.5	-11.0831
10874.3	-15.5835
10885	5.75896
10895.8	21.4909
10906.6	19.4953
10917.3	1.89322
10928.1	-9.35812
10938.9	-10.4163
10949.6	-9.75189
10960.4	-10.1311
10971.2	-30.5007
10981.9	10.542
10992.7	32.8549
11003.5	35.4182
11014.2	22.2347
11025	-10.13
11035.8	-8.86836
11046.5	-7.38377
11057.3	-7.88019
11068.1	-8.90032
11078.8	-11.5412
11089.6	20.0011
11100.4	26.5624
11111.1	18.8903
11121.9	-12.3191
11132.7	-15.1818
11143.4	-16.3716
11154.2	-17.2286
11165	-17.6841
11175.7	-14.6814
11186.5	7.7111
11197.3	19.1389
11208	15.7832
11218.8	-11.0189
11229.6	-18.9452
11240.3	-17.5839
11251.1	-17.8908
11261.9	-18.3147
11272.6	-17.0319
11283.4	-2.75708
11294.2	14.1979
11304.9	15.0575
11315.7	-1.97124
11326.5	-20.4418
11337.2	-17.3256
11348	-17.2418
11358.8	-17.5616
11369.5	-17.553
11380.3	-13.4242
11391.1	9.48763
11401.8	14.6392
11412.6	3.77584
11423.4	-20.3438
11434.1	-17.9001
11444.9	-17.6828
11455.7	-17.789
11466.4	-18.0704
11477.2	-19.1383
11488	4.32309
11498.7	14.0347
11509.5	8.17896
11520.3	-16.294
11531	-19.2308
11541.8	-19.5509
11552.6	-19.5409
11563.3	-19.4958
11574.1	-18.9108
11584.9	-1.61254
11595.6	13.0758
11606.4	11.7638
11617.2	-7.66032
11627.9	-19.2054
11638.7	-19.0257
11649.5	-18.9985
11660.2	-18.7947
11671	-17.4091
11681.8	-8.138
11692.5	11.7234
11703.3	14.8647
11714.1	1.26274
11724.8	-17.3728
11735.6	-15.2134
11746.4	-14.811
11757.1	-14.6344
11767.9	-14.3962
11778.7	-13.6824
11789.4	10.0912
11800.2	17.9061
11811	9.45357
11821.7	-12.9261
11832.5	-12.104
11843.3	-11.5682
11854	-11.138
11864.8	-11.2181
11875.6	-16.0967
11886.3	8.85817
11897.1	21.8995
11907.9	18.1078
11918.6	-1.80729
11929.4	-9.41756
11940.2	-9.69255
11950.9	-9.07452
11961.7	-9.90537
11972.5	-18.2028
11983.2	14.6038
11994	33.1765
12004.8	34.0239
12015.5	18.185
12026.3	-17.5533
12037.1	-7.01882
12047.8	-6.0115
12058.6	-6.52116
12069.4	-8.072
12080.1	-15.2355
12090.9	21.9242
12101.7	26.6642
12112.4	17.0299
12123.2	-9.37571
12134	-16.2825
12144.7	-18.241
12155.5	-19.0839
12166.3	-19.5306
12177	-17.2737
12187.8	10.1151
12198.6	19.6046
12209.3	14.373
12220.1	-17.6903
12230.9	-20.8086
12241.6	-20.425
12252.4	-20.7413
12263.2	-21.1851
12273.9	-19.5083
12284.7	0.302716
12295.5	15.1524
12306.2	14.1618
12317	-5.68372
12327.8	-22.7842
12338.5	-20.1831
12349.3	-20.1976
12360.1	-20.5846
12370.8	-20.1388
12381.6	-10.2855
12392.4	10.9968
12403.1	14.2428
12413.9	1.21412
12424.7	-23.6223
12435.4	-19.9098
12446.2	-19.5994
12457	-19.8026
12467.7	-20.0811
12478.5	-20.3
12489.3	6.46195
12500	14.131
12510.8	6.36808
12521.6	-21.0601
12532.3	-21.0575
12543.1	-21.0468
12553.9	-21.0279
12564.6	-21.1956
12575.4	-21.2224
12586.2	1.1969
12596.9	13.6808
12607.7	10.5484
12618.5	-12.0179
12629.2	-21.9783
12640	-22.3602
12650.8	-22.4225
12661.5	-22.097
12672.3	-19.6779
12683.1	-4.93824
12693.8	12.8854
12704.6	14.164
12715.4	-1.87877
12726.1	-20.1897
12736.9	-17.793
12747.7	-17.4697
12758.4	-17.3255
12769.2	-16.487
12780	-11.4742
12790.7	11.9075
12801.5	17.6721
12812.3	7.20807
12823	-16.3878
12833.8	-13.5094
12844.6	-12.8618
12855.3	-12.516
12866.1	-12.6269
12876.9	-17.0619
12887.6	11.4985
12898.4	22.0837
12909.2	16.5031
12919.9	-6.25316
12930.7	-10.4717
12941.5	-10.2223
12952.2	-9.70412
12963	-11.0916
12973.8	-11.9381
12984.5	17.7775
12995.3	33.3333
13006.1	32.4757
13016.8	13.4825
13027.6	-19.0043
13038.4	-6.55537
13049.1	-5.86062
13059.9	-6.4122
13070.7	-8.87485
13081.4	-3.63036
13092.2	23.5725
13103	26.5844
13113.7	14.7863
13124.5	-9.55978
13135.3	-19.274
13146	-21.4226
13156.8	-22.0825
13167.6	-22.4858
13178.3	-22.8908
13189.1	12.2157
13199.9	19.873
13210.6	12.6557
13221.4	-22.891
13232.2	-23.1314
13242.9	-23.073
13253.7	-23.0836
13264.5	-23.8571
13275.2	-24.8241
13286	3.0879
13296.8	15.888
13307.5	13.0129
13318.3	-9.76509
13329.1	-26.5719
13339.8	-25.7411
13350.6	-25.7693
13361.4	-26.2809
13372.1	-25.4322
13382.9	-6.74775
13393.7	12.2519
13404.4	13.6238
13415.2	-1.67623
13426	-29.7177
13436.7	-24.2273
13447.5	-23.8064
13458.3	-24.1942
13469	-24.1504
13479.8	-18.8401
13490.6	8.29823
13501.3	14.0179
13512.1	4.26669
13522.9	-28.8068
13533.6	-23.9429
13544.4	-23.4079
13555.2	-23.4328
13565.9	-23.98
13576.7	-26.3187
13587.5	3.67483
13598.2	14.0741
13609	9.0749
13619.8	-17.3221
13630.5	-26.3386
13641.3	-27.5415
13652.1	-27.4526
13662.8	-27.3233
13673.6	-24.0242
13684.4	-1.87629
13695.1	13.8144
13705.9	13.2281
13716.7	-5.40459
13727.4	-26.2022
13738.2	-23.3998
13749	-23.2538
13759.7	-23.0778
13770.5	-20.3263
13781.2	-8.50725
13792	13.4377
13802.8	17.2163
13813.5	4.69339
13824.3	-21.9788
13835.1	-16.468
13845.8	-15.752
13856.6	-15.5288
13867.4	-15.4764
13878.1	-16.6823
13888.9	13.7278
13899.7	22.0531
13910.4	14.6695
13921.2	-12.1576
13932	-12.5805
13942.7	-11.9408
13953.5	-11.588
13964.3	-13.6576
13975	-9.06167
13985.8	20.3459
13996.6	33.3277
14007.3	30.7526
14018.1	7.76192
14028.9	-14.0875
14039.6	-7.23683
14050.4	-6.73776
14061.2	-7.37049
14071.9	-11.6061
14082.7	3.71409
14093.5	24.9808
14104.2	26.3167
14115	12.0726
14125.8	-11.7414
14136.5	-23.697
14147.3	-23.6111
14158.1	-24.0213
14168.8	-23.3409
14179.6	-15.4977
14190.4	14.0539
14201.1	19.9401
14211.9	10.5959
14222.7	-26.6157
14233.4	-21.8412
14244.2	-21.1271
14255	-21.1573
14265.7	-22.0524
14276.5	-34.5512
14287.3	5.60509
14298	16.4067
14308.8	11.5968
14319.6	-14.0317
14330.3	-25.5027
14341.1	-27.3743
14351.9	-27.0127
14362.6	-27.6205
14373.4	-44.202
14384.2	-3.29009
14394.9	13.2645
14405.7	12.7775
14416.5	-4.89831
14427.2	-32.0035
14438	-36.0432
14448.8	-35.1158
14459.5	-36.3697
14470.3	-31.3047
14481.1	-14.1482
14491.8	9.85656
14502.6	13.695
14513.4	1.85096
14524.1	-41.17
14534.9	-26.5209
14545.7	-25.5271
14556.4	-25.6535
14567.2	-26.2292
14578	-30.1002
14588.7	5.84696
14599.5	14.2578
14610.3	7.32608
14621	-23.6637
14631.8	-26.5602
14642.6	-26.3795
14653.3	-25.9548
14664.1	-26.8334
14674.9	-35.0702
14685.6	0.962752
14696.4	14.5158
14707.2	12.0488
14717.9	-9.27238
14728.7	-32.1496
14739.5	-55.0451
14750.2	-49.608
14761	-58.115
14771.8	-27.6465
14782.5	-5.13058
14793.3	14.6956
14804.1	16.5387
14814.8	1.90727
14825.6	-39.2084
14836.4	-22.2197
14847.1	-21.4256
14857.9	-21.4621
14868.7	-20.4437
14879.4	-13.6459
14890.2	15.593
14901	21.814
14911.7	12.5915
14922.5	-22.607
14933.3	-16.1071
14944	-15.1281
14954.8	-15.0439
14965.6	-17.7332
14976.3	-8.77557
14987.1	22.4581
14997.9	33.1608
15008.6	28.8313
15019.4	0.132572
15030.2	-13.1119
15040.9	-9.15529
15051.7	-8.74992
15062.5	-9.53868
15073.2	-18.1904
15084	8.90324
15094.8	26.172
15105.5	25.8529
15116.3	8.74571
15127.1	-16.1914
15137.8	-23.8523
15148.6	-21.9661
15159.4	-22.5424
15170.1	-20.4383
15180.9	-8.02267
15191.7	15.6535
15202.4	19.8007
15213.2	8.14598
15224	-32.0857
15234.7	-18.872
15245.5	-18.2157
15256.3	-18.4731
15267	-19.0971
15277.8	-22.0818
15288.6	7.85732
15299.3	16.7092
15310.1	9.8964
15320.9	-17.9298
15331.6	-21.1164
15342.4	-21.4204
15353.2	-21.3445
15363.9	-21.8631
15374.7	-27.985
15385.5	-0.128114
15396.2	14.0434
15407	11.6972
15417.8	-8.41336
15428.5	-24.8956
15439.3	-29.4641
15450.1	-29.6955
15460.8	-29.2948
15471.6	-28.4286
15482.4	-9.44649
15493.1	11.1557
15503.9	13.1598
15514.7	-0.904448
15525.4	-26.7048
15536.2	-25.6814
15547	-25.2165
15557.7	-25.2794
15568.5	-24.8017
15579.3	-20.742
15590	7.73352
15600.8	14.2321
15611.6	5.28075
15622.3	-25.3076
15633.1	-22.545
15643.9	-21.9565
15654.6	-21.735
15665.4	-22.2756
15676.2	-30.6395
15686.9	3.53353
15697.7	14.9938
15708.5	10.6158
15719.2	-13.1855
15730	-22.9764
15740.8	-23.7485
15751.5	-23.1846
15762.3	-23.4949
15773.1	-32.9718
15783.8	-1.74707
15794.6	15.6949
15805.4	15.6372
15816.1	-1.13937
15826.9	-24.701
15837.7	-28.6801
15848.4	-27.9371
15859.2	-28.1488
15870	-27.8869
15880.7	-9.01235
15891.5	17.1338
15902.3	21.3701
15913	10.2481
15923.8	-25.7418
15934.6	-21.7703
15945.3	-20.4274
15956.1	-20.7193
15966.9	-22.3412
15977.6	-12.7189
15988.4	24.2032
15999.2	32.8322
16009.9	26.683
16020.7	-13.155
16031.5	-14.9852
16042.2	-12.8742
16053	-12.4305
16063.8	-13.5528
16074.5	-24.7294
16085.3	12.9734
16096.1	27.1616
16106.8	25.1822
16117.6	4.54098
16128.4	-25.6116
16139.1	-20.8391
16149.9	-20.1208
16160.7	-20.7987
16171.4	-17.8312
16182.2	-2.84055
16193	17.0295
16203.7	19.4478
16214.5	5.24283
16225.3	-27.9574
16236	-17.0565
16246.8	-16.6586
16257.6	-17.0552
16268.3	-17.342
16279.1	-15.7147
16289.9	9.85036
16300.6	16.795
16311.4	7.89134
16322.2	-20.465
16332.9	-18.3785
16343.7	-18.2072
16354.5	-18.2858
16365.2	-18.7823
16376	-22.3351
16386.8	2.68949
16397.5	14.5956
16408.3	10.3739
16419.1	-12.0904
16429.8	-21.1727
16440.6	-22.644
16451.4	-22.669
16462.1	-22.6762
16472.9	-23.4138
16483.7	-5.41758
16494.4	12.2103
16505.2	12.4076
16516	-4.02399
16526.7	-22.6471
16537.5	-23.4753
16548.3	-23.4832
16559	-23.393
16569.8	-22.3466
16580.6	-14.6803
16591.3	9.35231
16602.1	13.9956
16612.9	2.91272
16623.6	-22.3199
16634.4	-20.085
16645.2	-19.624
16655.9	-19.5108
16666.7	-19.7151
16677.5	-22.335
16688.2	5.82276
16699	15.2516
16709.8	8.91544
16720.5	-16.2935
16731.3	-18.8646
16742.1	-18.6881
16752.8	-18.306
16763.6	-18.567
16774.4	-24.8488
16785.1	1.41892
16795.9	16.4479
16806.7	14.5076
16817.4	-4.4123
16828.2	-18.8673
16839	-20.783
16849.7	-20.2068
16860.5	-20.0588
16871.3	-25.2298
16882	-4.22847
16892.8	18.382
16903.6	20.7226
16914.3	7.60831
16925.1	-17.6678
16935.9	-24.4801
16946.6	-23.6727
16957.4	-23.1372
16968.2	-23.7503
16978.9	-17.5451
16989.7	25.6387
17000.5	32.3402
17011.2	24.2714
17022	-14.6243
17032.8	-20.7211
17043.5	-20.2769
17054.3	-19.5177
17065.1	-21.5691
17075.8	-14.7347
17086.6	16.3327
17097.4	27.9599
17108.1	24.2902
17118.9	-1.14045
17129.7	-30.025
17140.4	-19.4862
17151.2	-19.6423
17162	-20.2921
17172.7	-16.4513
17183.5	1.2241
17194.3	18.1916
17205	18.8723
17215.8	1.80177
17226.6	-23.7393
17237.3	-16.6382
17248.1	-16.4823
17258.9	-16.958
17269.6	-16.7917
17280.4	-11.1643
17291.2	11.592
17301.9	16.6618
17312.7	5.55862
17323.5	-21.5019
17334.2	-17.1814
17345	-16.9035
17355.8	-17.0874
17366.5	-17.5378
17377.3	-19.6512
17388.1	5.17065
17398.8	14.926
17409.6	8.79631
17420.4	-15.69
17431.1	-19.3629
17441.9	-19.8384
17452.7	-19.8468
17463.4	-20.024
17474.2	-21.2189
17485	-1.96546
17495.7	13.0321
17506.5	11.4314
17517.3	-7.53138
17528	-21.0085
17538.8	-22.1056
17549.6	-22.226
17560.3	-22.0599
17571.1	-20.9092
17581.9	-10.1023
17592.6	10.7188
17603.4	13.5449
17614.2	0.188568
17624.9	-20.7456
17635.7	-19.2243
17646.5	-18.9179
17657.2	-18.8524
17668	-18.6876
17678.8	-17.755
17689.5	7.83349
17700.3	15.2907
17711.1	6.93121
17721.8	-17.9423
17732.6	-17.0415
17743.4	-16.6262
17754.1	-16.3458
17764.9	-16.59
17775.7	-21.439
17786.4	4.27796
17797.2	16.9644
17808	13.1438
17818.7	-7.85205
17829.5	-16.2597
17840.3	-16.8048
17851	-16.2616
17861.8	-16.2483
17872.6	-21.9518
17883.3	0.100657
17894.1	19.3626
17904.9	19.8707
17915.6	4.62454
17926.4	-15.0246
17937.2	-19.6832
17947.9	-19.074
17958.7	-18.6904
17969.5	-25.5194
17980.2	-2.94146
17991	26.8042
18001.8	31.6815
18012.5	21.5471
18023.3	-11.359
18034.1	-22.8629
18044.8	-20.1734
18055.6	-20.9784
18066.4	-21.2397
18077.1	-12.3124
18087.9	19.183
18098.7	28.5735
18109.4	23.1583
18120.2	-10.3077
18131	-22.1534
18141.7	-19.8755
18152.5	-20.5335
18163.3	-21.1172
18174	-16.3157
18184.8	4.61806
18195.6	19.1461
18206.3	18.0626
18217.1	-2.28683
18227.9	-22.5829
18238.6	-17.6694
18249.4	-17.7229
18260.2	-18.2358
18270.9	-17.375
18281.7	-7.26904
18292.5	13.0905
18303.2	16.3059
18314	2.87463
18324.8	-22.3521
18335.5	-17.3294
18346.3	-17.0603
18357.1	-17.3352
18367.8	-17.6641
18378.6	-17.7298
18389.4	7.33655
18400.1	15.0376
18410.9	6.95081
18421.7	-19.0864
18432.4	-18.8657
18443.2	-18.8683
18454	-18.9093
18464.7	-19.2138
18475.5	-20.775
18486.3	1.02194
18497	13.6301
18507.8	10.2216
18518.6	-11.4691
18529.3	-20.768
18540.1	-21.7649
18550.9	-21.8563
18561.6	-21.7062
18572.4	-20.6739
18583.2	-6.24099
18593.9	11.8461
18604.7	12.8746
18615.5	-2.93751
18626.2	-20.7399
18637	-19.7745
18647.8	-19.618
18658.5	-19.5529
18669.3	-18.8521
18680.1	-13.9608
18690.8	9.57522
18701.6	15.1112
18712.4	4.6428
18723.1	-19.0139
18733.9	-16.6986
18744.7	-16.2209
18755.4	-16.0246
18766.2	-16.2046
18777	-19.5275
18787.7	6.80683
18798.5	17.2523
18809.3	11.538
18820	-11.4195
18830.8	-15.2218
18841.6	-15.1238
18852.3	-14.6364
18863.1	-14.7739
18873.9	-21.5097
18884.6	3.85348
18895.4	20.0951
18906.2	18.8112
18916.9	1.21584
18927.7	-14.1766
18938.5	-16.8754
18949.2	-16.2029
18960	-16.368
18970.8	-42.7926
18981.5	4.03094
18992.3	27.7275
19003.1	30.8513
19013.8	18.4398
19024.6	-13.84
19035.4	-14.862
19046.1	-13.2245
19056.9	-13.7845
19067.7	-14.7295
19078.4	-15.4044
19089.2	21.6391
19100	29.0061
19110.7	21.7613
19121.5	-20.5449
19132.3	-20.7753
19143	-21.5413
19153.8	-22.2666
19164.6	-22.9528
19175.3	-17.7597
19186.1	7.5416
19196.9	19.8968
19207.6	17.0034
19218.4	-7.1451
19229.2	-23.7965
19239.9	-20.518
19250.7	-20.7399
19261.5	-21.2538
19272.2	-19.2672
19283	-3.72637
19293.8	14.3537
19304.5	15.7215
19315.3	-0.179356
19326	-24.3374
19336.8	-18.9754
19347.6	-18.756
19358.3	-19.1243
19369.1	-19.1505
19379.9	-15.2617
19390.6	9.20868
19401.4	14.9317
19412.2	4.82191
19422.9	-22.757
19433.7	-19.5708
19444.5	-19.2964
19455.2	-19.4037
19466	-19.812
19476.8	-21.7322
19487.5	3.61695
19498.3	14.011
19509.1	8.76573
19519.8	-15.9963
19530.6	-21.6266
19541.4	-22.3222
19552.1	-22.3374
19562.9	-22.3328
19573.7	-21.7379
19584.4	-2.85996
19595.2	12.7447
19606	11.9769
19616.7	-6.53604
19627.5	-22.272
19638.3	-21.9318
19649	-21.9394
19659.8	-21.806
19670.6	-20.1782
19681.3	-10.3036
19692.1	11.0591
19702.9	14.7112
19713.6	2.02634
19724.4	-20.7809
19735.2	-17.7193
19745.9	-17.2505
19756.7	-17.1355
19767.5	-17.108
19778.2	-17.6283
19789	9.01043
19799.8	17.3171
19810.5	9.68044
19821.3	-15.2536
19832.1	-15.3676
19842.8	-14.9181
19853.6	-14.5109
19864.4	-14.7987
19875.1	-22.9565
19885.9	7.06276
19896.7	20.5944
19907.4	17.5389
19918.2	-2.77068
19929	-14.4308
19939.7	-15.8351
19950.5	-15.1807
19961.3	-15.958
19972	-22.676
19982.8	8.85575
19993.6	28.4289
20004.3	29.8425
20015.1	14.8414
20025.9	-21.9542
20036.6	-10.9198
20047.4	-9.85735
20058.2	-10.3311
20068.9	-12.1958
20079.7	-13.8305
20090.5	23.7726
20101.2	29.2593
20112	20.0653
20122.8	-11.7169
20133.5	-21.6074
20144.3	-22.3194
20155.1	-22.4731
20165.8	-23.585
20176.6	-22.4083
20187.4	10.0977
20198.1	20.4457
20208.9	15.6754
20219.7	-12.8137
20230.4	-26.0016
20241.2	-25.287
20252	-25.3602
20262.7	-25.9963
20273.5	-23.2777
20284.3	-0.474338
20295	15.3881
20305.8	14.9006
20316.6	-3.60358
20327.3	-28.7048
20338.1	-22.977
20348.9	-22.8131
20359.6	-23.3095
20370.4	-22.4861
20381.2	-11.8119
20391.9	10.8057
20402.7	14.6078
20413.5	2.39349
20424.2	-28.3645
20435	-21.7134
20445.8	-21.2283
20456.5	-21.4482
20467.3	-21.8846
20478.1	-23.248
20488.8	5.86675
20499.6	14.1792
20510.4	7.04836
20521.1	-21.752
20531.9	-23.3876
20542.7	-23.525
20553.4	-23.4706
20564.2	-23.8204
20575	-24.631
20585.7	0.123818
20596.5	13.4225
20607.3	10.8418
20618	-10.727
20628.8	-25.6543
20639.6	-26.5959
20650.3	-26.8219
20661.1	-26.4696
20671.9	-22.9823
20682.6	-6.74783
20693.4	12.2959
20704.2	14.0872
20714.9	-0.943824
20725.7	-24.4465
20736.5	-20.4851
20747.2	-20.0694
20758	-20.0441
20768.8	-19.3948
20779.5	-14.8517
20790.3	10.9041
20801.1	17.1623
20811.8	7.56043
20822.6	-20.0275
20833.4	-16.6961
20844.1	-16.0313
20854.9	-15.7381
20865.7	-16.1447
20876.4	-24.8901
20887.2	9.7932
20898	20.8719
20908.7	16.0456
20919.5	-7.66845
20930.3	-15.6246
20941	-16.0959
20951.8	-15.5461
20962.6	-17.0637
20973.3	-15.2403
20984.1	12.5692
20994.9	28.9235
21005.6	28.6455
21016.4	10.5708
21027.2	-19.8238
21037.9	-8.96118
21048.7	-8.21048
21059.5	-8.69804
21070.2	-11.9138
21081	-1.87037
21091.8	25.6311
21102.5	29.3322
21113.3	18.0219
21124.1	-10.2847
21134.8	-21.8031
21145.6	-19.9192
21156.4	-19.991
21167.1	-20.8869
21177.9	-26.2383
21188.7	12.345
21199.4	20.7927
21210.2	14.0537
21221	-18.8775
21231.7	-23.3137
21242.5	-23.5451
21253.3	-23.3466
21264	-24.3091
21274.8	-34.5351
21285.6	2.49034
21296.3	16.1989
21307.1	13.833
21317.9	-7.34722
21328.6	-30.2947
21339.4	-33.3746
21350.2	-32.9678
21360.9	-33.8565
21371.7	-29.7836
21382.5	-7.9715
21393.2	12.1433
21404	14.0635
21414.8	-0.347707
21425.5	-40.4203
21436.3	-26.133
21447.1	-25.3981
21457.8	-25.8365
21468.6	-25.7957
21479.4	-21.0739
21490.1	7.80477
21500.9	14.1372
21511.7	5.05075
21522.4	-31.546
21533.2	-25.2986
21544	-24.6705
21554.7	-24.6264
21565.5	-25.4437
21576.3	-31.7325
21587	2.75095
21597.8	13.8855
21608.6	9.45642
21619.3	-15.6831
21630.1	-29.3013
21640.9	-32.5357
21651.6	-32.1504
21662.4	-32.4803
21673.2	-28.5393
21683.9	-3.4036
21694.7	13.2948
21705.5	13.2338
21716.2	-4.28554
21727	-33.3506
21737.8	-26.7056
21748.5	-26.4003
21759.3	-26.5336
21770.1	-23.6015
21780.8	-11.2348
21791.6	12.5059
21802.4	16.7896
21813.1	5.16688
21823.9	-28.5021
21834.7	-19.5124
21845.4	-18.6892
21856.2	-18.5752
21867	-18.9459
21877.7	-23.761
21888.5	12.1065
21899.3	20.9361
21910	14.3197
21920.8	-14.3894
21931.6	-17.7875
21942.3	-17.5173
21953.1	-17.1703
21963.9	-19.4409
21974.6	-11.6011
21985.4	15.5604
21996.2	29.222
22006.9	27.2475
22017.7	5.27969
22028.5	-13.884
22039.2	-8.28211
22050	-7.70716
22060.8	-8.28211
22071.5	-13.884
22082.3	5.27969
22093.1	27.2475
22103.8	29.222
22114.6	15.5604
22125.4	-11.6011
22136.1	-19.4409
22146.9	-17.1703
22157.7	-17.5173
22168.4	-17.7875
22179.2	-14.3894
22190	14.3197
22200.7	20.9361
22211.5	12.1065
22222.3	-23.761
22233	-18.9459
22243.8	-18.5752
22254.6	-18.6892
22265.3	-19.5124
22276.1	-28.5021
22286.9	5.16688
22297.6	16.7896
22308.4	12.5059
22319.2	-11.2348
22329.9	-23.6015
22340.7	-26.5336
22351.5	-26.4003
22362.2	-26.7056
22373	-33.3506
22383.8	-4.28554
22394.5	13.2338
22405.3	13.2948
22416.1	-3.4036
22426.8	-28.5393
22437.6	-32.4803
22448.4	-32.1504
22459.1	-32.5357
22469.9	-29.3013
22480.7	-15.6831
22491.4	9.45642
22502.2	13.8855
22513	2.75095
22523.7	-31.7325
22534.5	-25.4437
22545.3	-24.6264
22556	-24.6705
22566.8	-25.2986
22577.6	-31.546
22588.3	5.05075
22599.1	14.1372
22609.9	7.80477
22620.6	-21.0739
22631.4	-25.7957
22642.2	-25.8365
22652.9	-25.3981
22663.7	-26.133
22674.5	-40.4203
22685.2	-0.347707
22696	14.0635
22706.8	12.1433
22717.5	-7.9715
22728.3	-29.7836
22739.1	-33.8565
22749.8	-32.9678
22760.6	-33.3746
22771.4	-30.2947
22782.1	-7.34722
22792.9	13.833
22803.7	16.1989
22814.4	2.49034
22825.2	-34.5351
22836	-24.3091
22846.7	-23.3466
22857.5	-23.5451
22868.3	-23.3137
22879	-18.8775
22889.8	14.0537
22900.6	20.7927
22911.3	12.345
22922.1	-26.2383
22932.9	-20.8869
22943.6	-19.991
22954.4	-19.9192
22965.2	-21.8031
22975.9	-10.2847
22986.7	18.0219
22997.5	29.3322
23008.2	25.6311
23019	-1.87037
23029.8	-11.9138
23040.5	-8.69804
23051.3	-8.21048
23062.1	-8.96118
23072.8	-19.8238
23083.6	10.5708
23094.4	28.6455
23105.1	28.9235
23115.9	12.5692
23126.7	-15.2403
23137.4	-17.0637
23148.2	-15.5461
23159	-16.0959
23169.7	-15.6246
23180.5	-7.66845
23191.3	16.0456
23202	20.8719
23212.8	9.7932
23223.6	-24.8901
23234.3	-16.1447
23245.1	-15.7381
23255.9	-16.0313
23266.6	-16.6961
23277.4	-20.0275
23288.2	7.56043
23298.9	17.1623
23309.7	10.9041
23320.5	-14.8517
23331.2	-19.3948
23342	-20.0441
23352.8	-20.0694
23363.5	-20.4851
23374.3	-24.4465
23385.1	-0.943824
23395.8	14.0872
23406.6	12.2959
23417.4	-6.74783
23428.1	-22.9823
23438.9	-26.4696
23449.7	-26.8219
23460.4	-26.5959
23471.2	-25.6543
23482	-10.727
23492.7	10.8418
23503.5	13.4225
23514.3	0.123818
23525	-24.631
23535.8	-23.8204
23546.6	-23.4706
23557.3	-23.525
23568.1	-23.3876
23578.9	-21.752
23589.6	7.04836
23600.4	14.1792
23611.2	5.86675
23621.9	-23.248
23632.7	-21.8846
23643.5	-21.4482
23654.2	-21.2283
23665	-21.7134
23675.8	-28.3645
23686.5	2.39349
23697.3	14.6078
23708.1	10.8057
23718.8	-11.8119
23729.6	-22.4861
23740.4	-23.3095
23751.1	-22.8131
23761.9	-22.977
23772.7	-28.7048
23783.4	-3.60358
23794.2	14.9006
23805	15.3881
23815.7	-0.474338
23826.5	-23.2777
23837.3	-25.9963
23848	-25.3602
23858.8	-25.287
23869.6	-26.0016
23880.3	-12.8137
23891.1	15.6754
23901.9	20.4457
23912.6	10.0977
23923.4	-22.4083
23934.2	-23.585
23944.9	-22.4731
23955.7	-22.3194
23966.5	-21.6074
23977.2	-11.7169
23988	20.0653
23998.8	29.2593
24009.5	23.7726
24020.3	-13.8305
24031.1	-12.1958
24041.8	-10.3311
24052.6	-9.85735
24063.4	-10.9198
24074.1	-21.9542
24084.9	14.8414
24095.7	29.8425
24106.4	28.4289
24117.2	8.85575
24128	-22.676
24138.7	-15.958
24149.5	-15.1807
24160.3	-15.8351
24171	-14.4308
24181.8	-2.77068
24192.6	17.5389
24203.3	20.5944
24214.1	7.06276
24224.9	-22.9565
24235.6	-14.7987
24246.4	-14.5109
24257.2	-14.9181
24267.9	-15.3676
24278.7	-15.2536
24289.5	9.68044
24300.2	17.3171
24311	9.01043
24321.8	-17.6283
24332.5	-17.108
24343.3	-17.1355
24354.1	-17.2505
24364.8	-17.7193
24375.6	-20.7809
24386.4	2.02634
24397.1	14.7112
24407.9	11.0591
24418.7	-10.3036
24429.4	-20.1782
24440.2	-21.806
24451	-21.9394
24461.7	-21.9318
24472.5	-22.272
24483.3	-6.53604
24494	11.9769
24504.8	12.7447
24515.6	-2.85996
24526.3	-21.7379
24537.1	-22.3328
24547.9	-22.3374
24558.6	-22.3222
24569.4	-21.6266
24580.2	-15.9963
24590.9	8.76573
24601.7	14.011
24612.5	3.61695
24623.2	-21.7322
24634	-19.812
24644.8	-19.4037
24655.5	-19.2964
24666.3	-19.5708
24677.1	-22.757
24687.8	4.82191
24698.6	14.9317
24709.4	9.20868
24720.1	-15.2617
24730.9	-19.1505
24741.7	-19.1243
24752.4	-18.756
24763.2	-18.9754
24774	-24.3374
24784.7	-0.179356
24795.5	15.7215
24806.2	14.3537
24817	-3.72637
24827.8	-19.2672
24838.5	-21.2538
24849.3	-20.7399
24860.1	-20.518
24870.8	-23.7965
24881.6	-7.1451
24892.4	17.0034
24903.1	19.8968
24913.9	7.5416
24924.7	-17.7597
24935.4	-22.9528
24946.2	-22.2666
24957	-21.5413
24967.7	-20.7753
24978.5	-20.5449
24989.3	21.7613
25000	29.0061
25010.8	21.6391
25021.6	-15.4044
25032.3	-14.7295
25043.1	-13.7845
25053.9	-13.2245
25064.6	-14.862
25075.4	-13.84
25086.2	18.4398
25096.9	30.8513
25107.7	27.7275
25118.5	4.03094
25129.2	-42.7926
25140	-16.368
25150.8	-16.2029
25161.5	-16.8754
25172.3	-14.1766
25183.1	1.21584
25193.8	18.8112
25204.6	20.0951
25215.4	3.85348
25226.1	-21.5097
25236.9	-14.7739
25247.7	-14.6364
25258.4	-15.1238
25269.2	-15.2218
25280	-11.4195
25290.7	11.538
25301.5	17.2523
25312.3	6.80683
25323	-19.5275
25333.8	-16.2046
25344.6	-16.0246
25355.3	-16.2209
25366.1	-16.6986
25376.9	-19.0139
25387.6	4.6428
25398.4	15.1112
25409.2	9.57522
25419.9	-13.9608
25430.7	-18.8521
25441.5	-19.5529
25452.2	-19.618
25463	-19.7745
25473.8	-20.7399
25484.5	-2.93751
25495.3	12.8746
25506.1	11.8461
25516.8	-6.24099
25527.6	-20.6739
25538.4	-21.7062
25549.1	-21.8563
25559.9	-21.7649
25570.7	-20.768
25581.4	-11.4691
25592.2	10.2216
25603	13.6301
25613.7	1.02194
25624.5	-20.775
25635.3	-19.2138
25646	-18.9093
25656.8	-18.8683
25667.6	-18.8657
25678.3	-19.0864
25689.1	6.95081
25699.9	15.0376
25710.6	7.33655
25721.4	-17.7298
25732.2	-17.6641
25742.9	-17.3352
25753.7	-17.0603
25764.5	-17.3294
25775.2	-22.3521
25786	2.87463
25796.8	16.3059
25807.5	13.0905
25818.3	-7.26904
25829.1	-17.375
25839.8	-18.2358
25850.6	-17.7229
25861.4	-17.6694
25872.1	-22.5829
25882.9	-2.28683
25893.7	18.0626
25904.4	19.1461
25915.2	4.61806
25926	-16.3157
25936.7	-21.1172
25947.5	-20.5335
25958.3	-19.8755
25969	-22.1534
25979.8	-10.3077
25990.6	23.1583
26001.3	28.5735
26012.1	19.183
26022.9	-12.3124
26033.6	-21.2397
26044.4	-20.9784
26055.2	-20.1734
26065.9	-22.8629
26076.7	-11.359
26087.5	21.5471
26098.2	31.6815
26109	26.8042
26119.8	-2.94146
26130.5	-25.5194
26141.3	-18.6904
26152.1	-19.074
26162.8	-19.6832
26173.6	-15.0246
26184.4	4.62454
26195.1	19.8707
26205.9	19.3626
26216.7	0.100657
26227.4	-21.9518
26238.2	-16.2483
26249	-16.2616
26259.7	-16.8048
26270.5	-16.2597
26281.3	-7.85205
26292	13.1438
26302.8	16.9644
26313.6	4.27796
26324.3	-21.439
26335.1	-16.59
26345.9	-16.3458
26356.6	-16.6262
26367.4	-17.0415
26378.2	-17.9423
26388.9	6.93121
26399.7	15.2907
26410.5	7.83349
26421.2	-17.755
26432	-18.6876
26442.8	-18.8524
26453.5	-18.9179
26464.3	-19.2243
26475.1	-20.7456
26485.8	0.188568
26496.6	13.5449
26507.4	10.7188
26518.1	-10.1023
26528.9	-20.9092
26539.7	-22.0599
26550.4	-22.226
26561.2	-22.1056
26572	-21.0085
26582.7	-7.53138
26593.5	11.4314
26604.3	13.0321
26615	-1.96546
26625.8	-21.2189
26636.6	-20.024
26647.3	-19.8468
26658.1	-19.8384
26668.9	-19.3629
26679.6	-15.69
26690.4	8.79631
26701.2	14.926
26711.9	5.17065
26722.7	-19.6512
26733.5	-17.5378
26744.2	-17.0874
26755	-16.9035
26765.8	-17.1814
26776.5	-21.5019
26787.3	5.55862
26798.1	16.6618
26808.8	11.592
26819.6	-11.1643
26830.4	-16.7917
26841.1	-16.958
26851.9	-16.4823
26862.7	-16.6382
26873.4	-23.7393
26884.2	1.80177
26895	18.8723
26905.7	18.1916
26916.5	1.2241
26927.3	-16.4513
26938	-20.2921
26948.8	-19.6423
26959.6	-19.4862
26970.3	-30.025
26981.1	-1.14045
26991.9	24.2902
27002.6	27.9599
27013.4	16.3327
27024.2	-14.7347
27034.9	-21.5691
27045.7	-19.5177
27056.5	-20.2769
27067.2	-20.7211
27078	-14.6243
27088.8	24.2714
27099.5	32.3402
27110.3	25.6387
27121.1	-17.5451
27131.8	-23.7503
27142.6	-23.1372
27153.4	-23.6727
27164.1	-24.4801
27174.9	-17.6678
27185.7	7.60831
27196.4	20.7226
27207.2	18.382
27218	-4.22847
27228.7	-25.2298
27239.5	-20.0588
27250.3	-20.2068
27261	-20.783
27271.8	-18.8673
27282.6	-4.4123
27293.3	14.5076
27304.1	16.4479
27314.9	1.41892
27325.6	-24.8488
27336.4	-18.567
27347.2	-18.306
27357.9	-18.6881
27368.7	-18.8646
27379.5	-16.2935
27390.2	8.91544
27401	15.2516
27411.8	5.82276
27422.5	-22.335
27433.3	-19.7151
27444.1	-19.5108
27454.8	-19.624
27465.6	-20.085
27476.4	-22.3199
27487.1	2.91272
27497.9	13.9956
27508.7	9.35231
27519.4	-14.6803
27530.2	-22.3466
27541	-23.393
27551.7	-23.4832
27562.5	-23.4753
27573.3	-22.6471
27584	-4.02399
27594.8	12.4076
27605.6	12.2103
27616.3	-5.41758
27627.1	-23.4138
27637.9	-22.6762
27648.6	-22.669
27659.4	-22.644
27670.2	-21.1727
27680.9	-12.0904
27691.7	10.3739
27702.5	14.5956
27713.2	2.68949
27724	-22.3351
27734.8	-18.7823
27745.5	-18.2858
27756.3	-18.2072
27767.1	-18.3785
27777.8	-20.465
27788.6	7.89134
27799.4	16.795
27810.1	9.85036
27820.9	-15.7147
27831.7	-17.342
27842.4	-17.0552
27853.2	-16.6586
27864	-17.0565
27874.7	-27.9574
27885.5	5.24283
27896.3	19.4478
27907	17.0295
27917.8	-2.84055
27928.6	-17.8312
27939.3	-20.7987
27950.1	-20.1208
27960.9	-20.8391
27971.6	-25.6116
27982.4	4.54098
27993.2	25.1822
28003.9	27.1616
28014.7	12.9734
28025.5	-24.7294
28036.2	-13.5528
28047	-12.4305
28057.8	-12.8742
28068.5	-14.9852
28079.3	-13.155
28090.1	26.683
28100.8	32.8322
28111.6	24.2032
28122.4	-12.7189
28133.1	-22.3412
28143.9	-20.7193
28154.7	-20.4274
28165.4	-21.7703
28176.2	-25.7418
28187	10.2481
28197.7	21.3701
28208.5	17.1338
28219.3	-9.01235
28230	-27.8869
28240.8	-28.1488
28251.6	-27.9371
28262.3	-28.6801
28273.1	-24.701
28283.9	-1.13937
28294.6	15.6372
28305.4	15.6949
28316.2	-1.74707
28326.9	-32.9718
28337.7	-23.4949
28348.5	-23.1846
28359.2	-23.7485
28370	-22.9764
28380.8	-13.1855
28391.5	10.6158
28402.3	14.9938
28413.1	3.53353
28423.8	-30.6395
28434.6	-22.2756
28445.4	-21.735
28456.1	-21.9565
28466.9	-22.545
28477.7	-25.3076
28488.4	5.28075
28499.2	14.2321
28510	7.73352
28520.7	-20.742
28531.5	-24.8017
28542.3	-25.2794
28553	-25.2165
28563.8	-25.6814
28574.6	-26.7048
28585.3	-0.904448
28596.1	13.1598
28606.9	11.1557
28617.6	-9.44649
28628.4	-28.4286
28639.2	-29.2948
28649.9	-29.6955
28660.7	-29.4641
28671.5	-24.8956
28682.2	-8.41336
28693	11.6972
28703.8	14.0434
28714.5	-0.128114
28725.3	-27.985
28736.1	-21.8631
28746.8	-21.3445
28757.6	-21.4204
28768.4	-21.1164
28779.1	-17.9298
28789.9	9.8964
28800.7	16.7092
28811.4	7.85732
28822.2	-22.0818
28833	-19.0971
28843.7	-18.4731
28854.5	-18.2157
28865.3	-18.872
28876	-32.0857
28886.8	8.14598
28897.6	19.8007
28908.3	15.6535
28919.1	-8.02267
28929.9	-20.4383
28940.6	-22.5424
28951.4	-21.9661
28962.2	-23.8523
28972.9	-16.1914
28983.7	8.74571
28994.5	25.8529
29005.2	26.172
29016	8.90324
29026.8	-18.1904
29037.5	-9.53868
29048.3	-8.74992
29059.1	-9.15529
29069.8	-13.1119
29080.6	0.132572
29091.4	28.8313
29102.1	33.1608
29112.9	22.4581
29123.7	-8.77557
29134.4	-17.7332
29145.2	-15.0439
29156	-15.1281
29166.7	-16.1071
29177.5	-22.607
29188.3	12.5915
29199	21.814
29209.8	15.593
29220.6	-13.6459
29231.3	-20.4437
29242.1	-21.4621
29252.9	-21.4256
29263.6	-22.2197
29274.4	-39.2084
29285.2	1.90727
29295.9	16.5387
29306.7	14.6956
29317.5	-5.13058
29328.2	-27.6465
29339	-58.115
29349.8	-49.608
29360.5	-55.0451
29371.3	-32.1496
29382.1	-9.27238
29392.8	12.0488
29403.6	14.5158
29414.4	0.962752
29425.1	-35.0702
29435.9	-26.8334
29446.7	-25.9548
29457.4	-26.3795
29468.2	-26.5602
29479	-23.6637
29489.7	7.32608
29500.5	14.2578
29511.3	5.84696
29522	-30.1002
29532.8	-26.2292
29543.6	-25.6535
29554.3	-25.5271
29565.1	-26.5209
29575.9	-41.17
29586.6	1.85096
29597.4	13.695
29608.2	9.85656
29618.9	-14.1482
29629.7	-31.3047
29640.5	-36.3697
29651.2	-35.1158
29662	-36.0432
29672.8	-32.0035
29683.5	-4.89831
29694.3	12.7775
29705.1	13.2645
29715.8	-3.29009
29726.6	-44.202
29737.4	-27.6205
29748.1	-27.0127
29758.9	-27.3743
29769.7	-25.5027
29780.4	-14.0317
29791.2	11.5968
29802	16.4067
29812.7	5.60509
29823.5	-34.5512
29834.3	-22.0524
29845	-21.1573
29855.8	-21.1271
29866.6	-21.8412
29877.3	-26.6157
29888.1	10.5959
29898.9	19.9401
29909.6	14.0539
29920.4	-15.4977
29931.2	-23.3409
29941.9	-24.0213
29952.7	-23.6111
29963.5	-23.697
29974.2	-11.7414
29985	12.0726
29995.8	26.3167
30006.5	24.9808
30017.3	3.71409
30028.1	-11.6061
30038.8	-7.37049
30049.6	-6.73776
30060.4	-7.23683
30071.1	-14.0875
30081.9	7.76192
30092.7	30.7526
30103.4	33.3277
30114.2	20.3459
30125	-9.06167
30135.7	-13.6576
30146.5	-11.588
30157.3	-11.9408
30168	-12.5805
30178.8	-12.1576
30189.6	14.6695
30200.3	22.0531
30211.1	13.7278
30221.9	-16.6823
30232.6	-15.4764
30243.4	-15.5288
30254.2	-15.752
30264.9	-16.468
30275.7	-21.9788
30286.5	4.69339
30297.2	17.2163
30308	13.4377
30318.8	-8.50725
30329.5	-20.3263
30340.3	-23.0778
30351	-23.2538
30361.8	-23.3998
30372.6	-26.2022
30383.3	-5.40459
30394.1	13.2281
30404.9	13.8144
30415.6	-1.87629
30426.4	-24.0242
30437.2	-27.3233
30447.9	-27.4526
30458.7	-27.5415
30469.5	-26.3386
30480.2	-17.3221
30491	9.0749
30501.8	14.0741
30512.5	3.67483
30523.3	-26.3187
30534.1	-23.98
30544.8	-23.4328
30555.6	-23.4079
30566.4	-23.9429
30577.1	-28.8068
30587.9	4.26669
30598.7	14.0179
30609.4	8.29823
30620.2	-18.8401
30631	-24.1504
30641.7	-24.1942
30652.5	-23.8064
30663.3	-24.2273
30674	-29.7177
30684.8	-1.67623
30695.6	13.6238
30706.3	12.2519
30717.1	-6.74775
30727.9	-25.4322
30738.6	-26.2809
30749.4	-25.7693
30760.2	-25.7411
30770.9	-26.5719
30781.7	-9.76509
30792.5	13.0129
30803.2	15.888
30814	3.0879
30824.8	-24.8241
30835.5	-23.8571
30846.3	-23.0836
30857.1	-23.073
30867.8	-23.1314
30878.6	-22.891
30889.4	12.6557
30900.1	19.873
30910.9	12.2157
30921.7	-22.8908
30932.4	-22.4858
30943.2	-22.0825
30954	-21.4226
30964.7	-19.274
30975.5	-9.55978
30986.3	14.7863
30997	26.5844
31007.8	23.5725
31018.6	-3.63036
31029.3	-8.87485
31040.1	-6.4122
31050.9	-5.86062
31061.6	-6.55537
31072.4	-19.0043
31083.2	13.4825
31093.9	32.4757
31104.7	33.3333
31115.5	17.7775
31126.2	-11.9381
31137	-11.0916
31147.8	-9.70412
31158.5	-10.2223
31169.3	-10.4717
31180.1	-6.25316
31190.8	16.5031
31201.6	22.0837
31212.4	11.4985
31223.1	-17.0619
31233.9	-12.6269
31244.7	-12.516
31255.4	-12.8618
31266.2	-13.5094
31277	-16.3878
31287.7	7.20807
31298.5	17.6721
31309.3	11.9075
31320	-11.4742
31330.8	-16.487
31341.6	-17.3255
31352.3	-17.4697
31363.1	-17.793
31373.9	-20.1897
31384.6	-1.87877
31395.4	14.164
31406.2	12.8854
31416.9	-4.93824
31427.7	-19.6779
31438.5	-22.097
31449.2	-22.4225
31460	-22.3602
31470.8	-21.9783
31481.5	-12.0179
31492.3	10.5484
31503.1	13.6808
31513.8	1.1969
31524.6	-21.2224
31535.4	-21.1956
31546.1	-21.0279
31556.9	-21.0468
31567.7	-21.0575
31578.4	-21.0601
31589.2	6.36808
31600	14.131
31610.7	6.46195
31621.5	-20.3
31632.3	-20.0811
31643	-19.8026
31653.8	-19.5994
31664.6	-19.9098
31675.3	-23.6223
31686.1	1.21412
31696.9	14.2428
31707.6	10.9968
31718.4	-10.2855
31729.2	-20.1388
31739.9	-20.5846
31750.7	-20.1976
31761.5	-20.1831
31772.2	-22.7842
31783	-5.68372
31793.8	14.1618
31804.5	15.1524
31815.3	0.302716
31826.1	-19.5083
31836.8	-21.1851
31847.6	-20.7413
31858.4	-20.425
31869.1	-20.8086
31879.9	-17.6903
31890.7	14.373
31901.4	19.6046
31912.2	10.1151
31923	-17.2737
31933.7	-19.5306
31944.5	-19.0839
31955.3	-18.241
31966	-16.2825
31976.8	-9.37571
31987.6	17.0299
31998.3	26.6642
32009.1	21.9242
32019.9	-15.2355
32030.6	-8.072
32041.4	-6.52116
32052.2	-6.0115
32062.9	-7.01882
32073.7	-17.5533
32084.5	18.185
32095.2	34.0239
32106	33.1765
32116.8	14.6038
32127.5	-18.2028
32138.3	-9.90537
32149.1	-9.07452
32159.8	-9.69255
32170.6	-9.41756
32181.4	-1.80729
32192.1	18.1078
32202.9	21.8995
32213.7	8.85817
32224.4	-16.0967
32235.2	-11.2181
32246	-11.138
32256.7	-11.5682
32267.5	-12.104
32278.3	-12.9261
32289	9.45357
32299.8	17.9061
32310.6	10.0912
32321.3	-13.6824
32332.1	-14.3962
32342.9	-14.6344
32353.6	-14.811
32364.4	-15.2134
32375.2	-17.3728
32385.9	1.26274
32396.7	14.8647
32407.5	11.7234
32418.2	-8.138
32429	-17.4091
32439.8	-18.7947
32450.5	-18.9985
32461.3	-19.0257
32472.1	-19.2054
32482.8	-7.66032
32493.6	11.7638
32504.4	13.0758
32515.1	-1.61254
32525.9	-18.9108
32536.7	-19.4958
32547.4	-19.5409
32558.2	-19.5509
32569	-19.2308
32579.7	-16.294
32590.5	8.17896
32601.3	14.0347
32612	4.32309
32622.8	-19.1383
32633.6	-18.0704
32644.3	-17.789
32655.1	-17.6828
32665.9	-17.9001
32676.6	-20.3438
32687.4	3.77584
32698.2	14.6392
32708.9	9.48763
32719.7	-13.4242
32730.5	-17.553
32741.2	-17.5616
32752	-17.2418
32762.8	-17.3256
32773.5	-20.4418
32784.3	-1.97124
32795.1	15.0575
32805.8	14.1979
32816.6	-2.75708
32827.4	-17.0319
32838.1	-18.3147
32848.9	-17.8908
32859.7	-17.5839
32870.4	-18.9452
32881.2	-11.0189
32892	15.7832
32902.7	19.1389
32913.5	7.7111
32924.3	-14.6814
32935	-17.6841
32945.8	-17.2286
32956.6	-16.3716
32967.3	-15.1818
32978.1	-12.3191
32988.9	18.8903
32999.6	26.5624
33010.4	20.0011
33021.2	-11.5412
33031.9	-8.90032
33042.7	-7.88019
33053.5	-7.38377
33064.2	-8.86836
33075	-10.13
33085.8	22.2347
33096.5	35.4182
33107.3	32.8549
33118.1	10.542
33128.8	-30.5007
33139.6	-10.1311
33150.4	-9.75189
33161.1	-10.4163
33171.9	-9.35812
33182.7	1.89322
33193.4	19.4953
33204.2	21.4909
33215	5.75896
33225.7	-15.5835
33236.5	-11.0831
33247.3	-11.0867
33258	-11.5818
33268.8	-11.9144
33279.6	-10.1607
33290.3	11.4379
33301.1	17.9158
33311.9	7.97803
33322.6	-15.3616
33333.4	-13.6091
33344.2	-13.6105
33354.9	-13.8373
33365.7	-14.2813
33376.5	-16.1709
33387.2	4.03932
33398	15.3355
33408.8	10.323
33419.5	-11.412
33430.3	-16.464
33441.1	-17.216
33451.8	-17.3579
33462.6	-17.4899
33473.4	-18.0721
33484.1	-3.921
33494.9	12.735
33505.7	12.255
33516.4	-4.79971
33527.2	-18.2063
33538	-19.0007
33548.7	-19.1485
33559.5	-19.1328
33570.3	-18.5678
33581	-12.3041
33591.8	9.72032
33602.6	13.7273
33613.3	1.84682
33624.1	-18.5864
33634.9	-17.5384
33645.6	-17.3152
33656.4	-17.2769
33667.2	-17.35
33677.9	-18.2357
33688.7	6.02602
33699.5	14.8156
33710.2	7.71055
33721	-15.8505
33731.8	-16.5346
33742.5	-16.3124
33753.3	-16.0596
33764.1	-16.24
33774.8	-19.8111
33785.6	1.32989
33796.4	15.7107
33807.1	13.0223
33817.9	-6.13496
33828.7	-16.1046
33839.4	-16.845
33850.2	-16.4032
33861	-16.2366
33871.7	-18.9026
33882.5	-5.1986
33893.3	16.9135
33904	18.4791
33914.8	4.92926
33925.6	-14.3448
33936.3	-17.3889
33947.1	-16.876
33957.9	-16.115
33968.6	-16.2061
33979.4	-21.418
33990.2	20.4246
34000.9	26.2835
34011.7	17.7483
34022.5	-9.70584
34033.2	-11.9604
34044	-11.3051
34054.8	-10.7676
34065.5	-13.0158
34076.3	-7.09279
34087.1	25.8264
34097.8	36.6782
34108.6	32.3646
34119.4	4.92602
34130.1	-23.4955
34140.9	-12.2931
34151.7	-12.3162
34162.4	-12.9644
34173.2	-10.5372
34184	5.11517
34194.7	20.6742
34205.5	20.8439
34216.3	2.18003
34227	-16.6445
34237.8	-12.4449
34248.6	-12.5409
34259.3	-13.0884
34270.1	-13.0181
34280.9	-7.49057
34291.6	13.171
34302.4	17.6963
34313.2	5.56898
34323.9	-17.4117
34334.7	-14.1369
34345.5	-14.0339
34356.2	-14.3245
34367	-14.7675
34377.8	-16.0066
34388.5	6.47886
34399.3	15.5798
34410.1	8.6801
34420.8	-14.9563
34431.6	-16.7425
34442.4	-17.0749
34453.1	-17.2027
34463.9	-17.4587
34474.7	-18.4698
34485.4	-0.651388
34496.2	13.4731
34507	11.2131
34517.7	-8.48746
34528.5	-18.9316
34539.3	-19.8487
34550	-20.0479
34560.8	-20.0116
34571.6	-19.2015
34582.3	-8.57688
34593.1	11.0098
34603.9	13.2051
34614.6	-1.02156
34625.4	-19.511
34636.2	-18.4977
34646.9	-18.3567
34657.7	-18.3747
34668.5	-18.1567
34679.2	-16.2062
34690	7.98436
34700.8	14.7726
34711.5	5.64937
34722.3	-18.2333
34733.1	-16.8842
34743.8	-16.5315
34754.6	-16.361
34765.4	-16.631
34776.1	-20.6081
34786.9	4.22801
34797.7	16.1297
34808.4	11.6238
34819.2	-10.0241
34830	-16.5094
34840.7	-16.8251
34851.5	-16.3928
34862.3	-16.4542
34873	-21.4567
34883.8	-0.457376
34894.6	17.7843
34905.3	17.6281
34916.1	1.62119
34926.9	-15.8721
34937.6	-19.1063
34948.4	-18.5204
34959.2	-18.0303
34969.9	-21.3564
34980.7	-6.65857
34991.5	21.6724
35002.2	25.8308
35013	15.0743
35023.8	-12.4026
35034.5	-21.0226
35045.3	-20.6493
35056.1	-19.8366
35066.8	-23.1366
35077.6	-8.97577
35088.4	29.0829
35099.1	37.8243
35109.9	31.6998
35120.7	-4.75303
35131.4	-23.9927
35142.2	-18.7432
35153	-19.2576
35163.7	-19.7842
35174.5	-13.9775
35185.3	7.97957
35196	21.6509
35206.8	19.9389
35217.6	-1.78067
35228.3	-21.1156
35239.1	-16.3952
35249.9	-16.5653
35260.6	-17.1603
35271.4	-16.0877
35282.2	-4.68365
35292.9	14.6625
35303.7	17.2395
35314.5	2.89498
35325.2	-21.5185
35336	-16.5021
35346.8	-16.3261
35357.5	-16.7092
35368.3	-17.0465
35379.1	-16.1144
35389.8	8.60677
35400.6	15.5989
35411.4	6.79547
35422.1	-19.8038
35432.9	-18.5655
35443.7	-18.5508
35454.4	-18.7077
35465.2	-19.1462
35476	-20.8839
35486.7	2.21732
35497.5	13.9866
35508.3	9.94349
35519	-13.0619
35529.8	-21.5426
35540.6	-22.6429
35551.3	-22.8692
35562.1	-22.872
35572.9	-21.7202
35583.6	-5.07596
35594.4	12.062
35605.2	12.4624
35615.9	-4.37446
35626.7	-22.8561
35637.5	-21.6675
35648.2	-21.6463
35659	-21.7284
35669.8	-20.7144
35680.5	-13.4502
35691.3	9.66922
35702.1	14.5088
35712.8	3.28831
35723.6	-22.3045
35734.4	-18.838
35745.1	-18.3825
35755.9	-18.3376
35766.7	-18.6618
35777.4	-22.1432
35788.2	6.74878
35799	16.3198
35809.7	10.0032
35820.5	-15.1086
35831.2	-18.4577
35842	-18.4217
35852.8	-18.0553
35863.5	-18.5017
35874.3	-30.6731
35885.1	3.43036
35895.8	18.4114
35906.6	16.5892
35917.4	-2.54023
35928.1	-20.1559
35938.9	-25.1556
35949.7	-24.5041
35960.4	-25.1371
35971.2	-28.0065
35982	0.856876
35992.7	22.6622
36003.5	25.2062
36014.3	11.8115
36025	-26.3493
36035.8	-15.744
36046.6	-14.5502
36057.3	-14.9747
36068.1	-17.3079
36078.9	-12.8768
36089.6	32.0943
36100.4	38.8799
36111.2	30.8529
36121.9	-13.2134
36132.7	-20.6969
36143.5	-18.4655
36154.2	-18.1124
36165	-19.3886
36175.8	-27.8747
36186.5	10.548
36197.3	22.4301
36208.1	18.7476
36218.8	-5.65331
36229.6	-27.5683
36240.4	-29.599
36251.1	-29.1004
36261.9	-29.8236
36272.7	-24.8258
36283.4	-1.77201
36294.2	15.9209
36305	16.5333
36315.7	0.0584718
36326.5	-35.1747
36337.3	-23.2459
36348	-22.8515
36358.8	-23.4882
36369.6	-23.0634
36380.3	-14.7039
36391.1	10.4444
36401.9	15.3916
36412.6	4.68257
36423.4	-32.0608
36434.2	-23.0535
36444.9	-22.5261
36455.7	-22.7949
36466.5	-23.6005
36477.2	-27.8354
36488	4.72525
36498.8	14.2819
36509.5	8.43984
36520.3	-19.8148
36531.1	-27.4488
36541.8	-28.7544
36552.6	-28.7718
36563.4	-29.5338
36574.1	-28.5411
36584.9	-1.86998
36595.7	12.8882
36606.4	11.4914
36617.2	-8.3449
36628	-34.9991
36638.7	-30.4085
36649.5	-30.5726
36660.3	-30.833
36671	-25.8797
36681.8	-10.0113
36692.6	11.0964
36703.3	14.0208
36714.1	0.624608
36724.9	-34.308
36735.6	-22.6466
36746.4	-22.0286
36757.2	-22.1982
36767.9	-22.3195
36778.7	-21.2297
36789.5	8.92165
36800.2	16.2844
36811	8.1681
36821.8	-23.3341
36832.5	-21.7969
36843.3	-21.3681
36854.1	-21.1923
36864.8	-22.0045
36875.6	-24.1249
36886.4	6.65708
36897.1	18.8064
36907.9	15.3669
36918.7	-8.36916
36929.4	-25.2621
36940.2	-26.3074
36951	-25.8678
36961.7	-23.3323
36972.5	-13.6982
36983.3	5.87401
36994	23.4149
37004.8	24.4106
37015.6	7.60982
37026.3	-12.6842
37037.1	-7.40764
37047.9	-6.61271
37058.6	-6.89248
37069.4	-11.82
37080.2	4.50102
37090.9	34.9363
37101.7	39.8741
37112.5	29.8136
37123.2	-3.96325
37134	-11.5387
37144.8	-8.86394
37155.5	-9.01539
37166.3	-9.94148
37177.1	-14.369
37187.8	12.8551
37198.6	23.0145
37209.4	17.2294
37220.1	-8.23025
37230.9	-14.9708
37241.7	-16.3403
37252.4	-16.6175
37263.2	-17.2019
37274	-22.6952
37284.7	1.10934
37295.5	16.9535
37306.3	15.561
37317	-2.68288
37327.8	-20.662
37338.6	-26.9206
37349.3	-27.7669
37360.1	-27.509
37370.9	-27.9053
37381.6	-11.1294
37392.4	12.0094
37403.2	14.9548
37413.9	2.38577
37424.7	-24.3359
37435.5	-26.51
37446.2	-26.136
37457	-26.3368
37467.8	-26.4802
37478.5	-26.1489
37489.3	6.90195
37500.1	14.3634
37510.8	6.6992
37521.6	-25.8395
37532.4	-25.2623
37543.1	-24.8582
37553.9	-24.6085
37564.7	-25.1496
37575.4	-27.7689
37586.2	0.998879
37597	13.4975
37607.7	10.2828
37618.5	-12.772
37629.3	-25.1595
37640	-24.6957
37650.8	-24.2516
37661.6	-24.2137
37672.3	-24.4361
37683.1	-6.44818
37693.9	12.2791
37704.6	13.3028
37715.4	-2.28145
37726.2	-23.4758
37736.9	-21.9011
37747.7	-21.4177
37758.5	-21.3347
37769.2	-21.2563
37780	-16.9606
37790.8	10.7744
37801.5	16.0244
37812.3	6.1417
37823.1	-20.6317
37833.8	-20.0558
37844.6	-19.6318
37855.4	-19.3697
37866.1	-18.976
37876.9	-16.3408
37887.7	9.35513
37898.4	18.9777
37909.2	13.9686
37920	-16.0453
37930.7	-16.3418
37941.5	-15.5886
37952.3	-14.9574
37963	-13.3572
37973.8	-7.86405
37984.6	9.67697
37995.3	23.9463
38006.1	23.444
38016.9	1.55566
38027.6	-5.45675
38038.4	-2.92804
38049.2	-2.2528
38059.9	-2.64944
38070.7	-10.9579
38081.5	13.4722
38092.2	37.6846
38103	40.8471
38113.8	28.5688
38124.5	-2.52953
38135.3	-5.75543
38146.1	-3.7892
38156.8	-4.15133
38167.6	-4.93254
38178.4	-5.91469
38189.1	14.9221
38199.9	23.4054
38210.7	15.3224
38221.4	-8.24667
38232.2	-8.9809
38243	-9.42026
38253.7	-9.80401
38264.5	-10.3925
38275.3	-13.0101
38286	3.84604
38296.8	17.7659
38307.6	14.2996
38318.3	-4.82122
38329.1	-13.4931
38339.9	-15.0974
38350.6	-15.3981
38361.4	-15.5732
38372.2	-16.6661
38382.9	-7.04419
38393.7	13.3163
38404.5	14.2835
38415.2	0.0193611
38426	-16.1889
38436.8	-18.2415
38447.5	-18.5289
38458.3	-18.5472
38469.1	-18.435
38479.8	-16.7409
38490.6	8.77175
38501.4	14.2338
38512.1	4.7294
38522.9	-17.7464
38533.7	-17.9474
38544.4	-17.8556
38555.2	-17.7948
38566	-17.8892
38576.7	-18.6311
38587.5	3.52508
38598.3	13.8966
38609	8.82563
38619.8	-15.0391
38630.6	-17.2141
38641.3	-17.0142
38652.1	-16.7889
38662.9	-16.7897
38673.6	-17.7739
38684.4	-3.11817
38695.2	13.2281
38705.9	12.3468
38716.7	-5.14726
38727.5	-16.1325
38738.2	-16.1031
38749	-15.7882
38759.8	-15.5856
38770.5	-15.9054
38781.3	-12.4763
38792.1	12.3314
38802.8	15.5385
38813.6	3.98025
38824.4	-13.9838
38835.1	-14.5815
38845.9	-14.255
38856.7	-13.8661
38867.4	-13.4162
38878.2	-12.5986
38889	11.6149
38899.7	18.9312
38910.5	12.4057
38921.3	-11.5536
38932	-10.7384
38942.8	-10.1945
38953.6	-9.52283
38964.3	-8.25749
38975.1	-4.35689
38985.9	12.7144
38996.6	24.2681
39007.4	22.3049
39018.2	-8.66637
39028.9	-1.54737
39039.7	0.0225944
39050.5	0.631138
39061.2	0.0052784
39072	-13.9683
39082.8	20.4389
39093.5	40.4289
39104.3	41.8603
39115.1	27.1007
39125.8	-4.06046
39136.6	-1.81187
39147.4	-0.459315
39158.1	-0.94839
39168.9	-1.60357
39179.7	-0.736866
39190.4	16.7635
39201.2	23.6024
39212	12.9276
39222.7	-6.32373
39233.5	-5.24648
39244.3	-5.52902
39255	-5.9706
39265.8	-6.54139
39276.6	-8.16095
39287.3	6.37422
39298.1	18.3619
39308.9	12.7174
39319.6	-5.78021
39330.4	-9.30896
39341.2	-9.97847
39351.9	-10.2313
39362.7	-10.4988
39373.5	-11.5059
39384.2	-3.29375
39395	14.3763
39405.8	13.3705
39416.5	-2.17282
39427.3	-11.8787
39438.1	-13.027
39448.8	-13.2568
39459.6	-13.3166
39470.4	-13.378
39481.1	-11.34
39491.9	10.355
39502.7	13.8948
39513.4	2.56504
39524.2	-13.1186
39535	-13.585
39545.7	-13.6192
39556.5	-13.6113
39567.3	-13.6018
39578	-13.7214
39588.8	5.72225
39599.6	14.0904
39610.3	7.10862
39621.1	-13.0175
39631.9	-13.0112
39642.6	-12.8581
39653.4	-12.7164
39664.2	-12.726
39674.9	-13.556
39685.7	-0.132584
39696.5	13.9521
39707.2	11.1409
39718	-7.23087
39728.8	-12.0587
39739.5	-12.0028
39750.3	-11.7339
39761.1	-11.5669
39771.8	-12.0915
39782.6	-8.42663
39793.4	13.613
39804.1	14.8227
39814.9	1.79862
39825.7	-10.1781
39836.4	-10.606
39847.2	-10.2698
39858	-9.88041
39868.7	-9.65257
39879.5	-10.8031
39890.3	13.4995
39901	18.6709
39911.8	10.6958
39922.6	-6.98179
39933.3	-7.2049
39944.1	-6.70586
39954.9	-6.02236
39965.6	-4.97895
39976.4	-2.211
39987.2	15.1986
39997.9	24.3892
40008.7	20.9906
40019.5	-4.07547
40030.2	0.942022
40041	2.08003
40051.8	2.63376
40062.5	1.67102
40073.3	-7.85116
40084.1	26.5946
40094.8	43.2965
40105.6	43.0164
40116.4	25.3858
40127.1	-8.80348
40137.9	1.01432
40148.7	1.88991
40159.4	1.31767
40170.2	0.794616
40181	3.20502
40191.7	18.3895
40202.5	23.6036
40213.3	9.87078
40224	-3.96365
40234.8	-2.7059
40245.6	-2.9977
40256.3	-3.47967
40267.1	-4.0117
40277.9	-4.86221
40288.6	8.66656
40299.4	18.744
40310.2	10.7708
40320.9	-5.53831
40331.7	-6.49233
40342.5	-6.84325
40353.2	-7.10101
40364	-7.41164
40374.8	-8.3255
40385.5	0.0211053
40396.3	15.1984
40407.1	12.2076
40417.8	-3.81881
40428.6	-9.03274
40439.4	-9.7033
40450.1	-9.89332
40460.9	-9.99476
40471.7	-10.1656
40482.4	-7.29174
40493.2	11.6679
40504	13.348
40514.7	0.296734
40525.5	-10.282
40536.3	-10.7177
40547	-10.7987
40557.8	-10.8144
40568.6	-10.7648
40579.3	-10.3609
40590.1	7.60904
40600.9	14.0837
40611.6	5.12028
40622.4	-10.5249
40633.2	-10.3418
40643.9	-10.2307
40654.7	-10.1396
40665.5	-10.1415
40676.2	-10.7446
40687	2.49764
40697.8	14.4586
40708.5	9.66751
40719.3	-7.84667
40730.1	-9.44127
40740.8	-9.30912
40751.6	-9.07324
40762.4	-8.94975
40773.1	-9.59704
40783.9	-4.73764
40794.7	14.636
40805.4	13.8699
40816.2	-0.217922
40827	-7.73663
40837.7	-7.91771
40848.5	-7.56591
40859.3	-7.20704
40870	-7.20544
40880.8	-10.3162
40891.6	15.0539
40902.3	18.1987
40913.1	8.86223
40923.9	-4.4395
40934.6	-4.82617
40945.4	-4.31321
40956.2	-3.63399
40966.9	-2.79177
40977.7	-1.18544
40988.5	17.2477
40999.2	24.3166
41010	19.4951
41020.8	0.794016
41031.5	2.56668
41042.3	3.49727
41053.1	3.99169
41063.8	2.55641
41074.6	0.892525
41085.4	32.5511
41096.1	46.5063
41106.9	44.5113
41117.7	23.3916
41128.4	-12.5043
41139.2	3.06564
41150	3.57468
41160.7	2.94966
41171.5	2.56619
41182.3	6.48403
41193	19.8071
41203.8	23.406
41214.6	5.80166
41225.3	-1.91198
41236.1	-0.954146
41246.9	-1.29925
41257.6	-1.80688
41268.4	-2.27677
41279.2	-2.30154
41289.9	10.7149
41300.7	18.9131
41311.5	8.40068
41322.2	-4.65414
41333	-4.52803
41343.8	-4.7646
41354.5	-5.04032
41365.3	-5.37005
41376	-6.1481
41386.8	2.94888
41397.6	15.7881
41408.3	10.7883
41419.1	-4.64957
41429.9	-7.03678
41440.6	-7.44514
41451.4	-7.6222
41462.2	-7.76105
41472.9	-7.9965
41483.7	-3.8371
41494.5	12.7209
41505.2	12.5981
41516	-1.89508
41526.8	-8.39912
41537.5	-8.75104
41548.3	-8.85376
41559.1	-8.88884
41569.8	-8.81809
41580.6	-7.66734
41591.4	9.19941
41602.1	13.8835
41612.9	2.84194
41623.7	-8.77145
41634.4	-8.60285
41645.2	-8.53536
41656	-8.48373
41666.7	-8.46665
41677.5	-8.7582
41688.3	4.78302
41699	14.7564
41709.8	7.89291
41720.6	-7.49741
41731.3	-7.76664
41742.1	-7.59654
41752.9	-7.39685
41763.6	-7.31314
41774.4	-8.03759
41785.2	-1.38989
41795.9	15.4148
41806.7	12.6671
41817.5	-1.88895
41828.2	-6.1982
41839	-6.19021
41849.8	-5.83382
41860.5	-5.51733
41871.3	-5.74766
41882.1	-9.9543
41892.8	16.3096
41903.6	17.5163
41914.4	6.92449
41925.1	-3.01257
41935.9	-3.29237
41946.7	-2.74849
41957.4	-2.08443
41968.2	-1.45464
41979	-1.39958
41989.7	18.9322
42000.5	24.0572
42011.3	17.8049
42022	2.92902
42032.8	3.53827
42043.6	4.37367
42054.3	4.79523
42065.1	2.69084
42075.9	6.97456
42086.6	38.9727
42097.4	50.53
42108.2	46.7933
42118.9	21.0694
42129.7	-4.9141
42140.5	4.5478
42151.2	4.77682
42162	4.12444
42172.8	3.87922
42183.5	9.349
42194.3	21.0189
42205.1	23.0074
42215.8	-0.11554
42226.6	-0.318359
42237.4	0.247894
42248.1	-0.154227
42258.9	-0.669576
42269.7	-1.05054
42280.4	-0.0834744
42291.2	12.5181
42302	18.8708
42312.7	5.53432
42323.5	-3.5886
42334.3	-3.12551
42345	-3.33202
42355.8	-3.62543
42366.6	-3.95268
42377.3	-4.51345
42388.1	5.55169
42398.9	16.1469
42409.6	9.12209
42420.4	-4.72253
42431.2	-5.57337
42441.9	-5.84039
42452.7	-6.02327
42463.5	-6.19496
42474.2	-6.44293
42485	-0.649511
42495.8	13.5115
42506.5	11.6695
42517.3	-3.74889
42528.1	-7.09044
42538.8	-7.35686
42549.6	-7.48031
42560.4	-7.54219
42571.1	-7.44538
42581.9	-5.07025
42592.7	10.4835
42603.4	13.5153
42614.2	0.178404
42625	-7.67344
42635.7	-7.50282
42646.5	-7.48691
42657.3	-7.48122
42668	-7.43941
42678.8	-7.21241
42689.6	6.70619
42700.3	14.8669
42711.1	5.70916
42721.9	-7.11586
42732.6	-6.85822
42743.4	-6.69325
42754.2	-6.54743
42764.9	-6.51147
42775.7	-7.28828
42786.5	1.56193
42797.2	15.9657
42808	11.1792
42818.8	-3.26822
42829.5	-5.52474
42840.3	-5.40262
42851.1	-5.06056
42861.8	-4.80216
42872.6	-5.31689
42883.4	-7.09886
42894.1	17.2831
42904.9	16.6301
42915.7	4.83543
42926.4	-2.54871
42937.2	-2.67199
42948	-2.08999
42958.7	-1.44338
42969.5	-1.06171
42980.3	-3.73063
42991	20.2857
43001.8	23.6267
43012.6	15.8695
43023.3	3.637
43034.1	3.82333
43044.9	4.63316
43055.6	4.96461
43066.4	1.83626
43077.2	11.6718
43087.9	47.4518
43098.7	56.8494
43109.5	51.3192
43120.2	18.3246
43131	-0.146614
43141.8	5.70791
43152.5	5.73408
43163.3	5.09092
43174.1	4.96624
43184.8	11.9775
43195.6	22.0092
43206.4	22.4229
43217.1	-7.50123
43227.9	1.10705
43238.7	1.3114
43249.4	0.885932
43260.2	0.406296
43271	0.149632
43281.7	2.20917
43292.5	14.0657
43303.3	18.6338
43314	2.20248
43324.8	-2.10914
43335.6	-1.68846
43346.3	-1.88608
43357.1	-2.1675
43367.9	-2.44963
43378.6	-2.68323
43389.4	7.96388
43400.2	16.2571
43410.9	7.3715
43421.7	-3.70765
43432.5	-3.86839
43443.2	-4.05765
43454	-4.24117
43464.8	-4.41294
43475.5	-4.5229
43486.3	2.80002
43497.1	13.9376
43507.8	10.7847
43518.6	-4.63974
43529.4	-5.36047
43540.1	-5.50977
43550.9	-5.65118
43561.7	-5.7375
43572.4	-5.51076
43583.2	-1.33699
43594	11.2099
43604.7	13.2235
43615.5	-4.16707
43626.3	-6.17237
43637	-5.84853
43647.8	-5.89216
43658.6	-5.9651
43669.3	-5.89342
43680.1	-4.61283
43690.9	7.81717
43701.6	15.0075
43712.4	1.84664
43723.2	-6.48125
43733.9	-5.83459
43744.7	-5.77135
43755.5	-5.79574
43766.2	-5.92561
43777	-6.83014
43787.8	3.6302
43798.5	16.3984
43809.3	9.05917
43820.1	-4.75862
43830.8	-6.26278
43841.6	-6.37741
43852.4	-6.33837
43863.1	-6.45324
43873.9	-7.89248
43884.7	-0.994188
43895.4	17.8398
43906.2	15.7509
43917	1.10801
43927.7	-7.03296
43938.5	-8.10366
43949.3	-8.13197
43960	-8.11903
43970.8	-8.92352
43981.6	-4.24389
43992.3	20.752
44003.1	23.5471
44013.9	11.6411
44024.6	-7.64862
44035.4	-9.91228
44046.2	-10.1434
44056.9	-10.1552
44067.7	-10.1246
44078.5	-10.0873
44089.2	5.21747

