0	6.63073
10.7666	6.6348
21.5332	6.64705
32.2998	6.66749
43.0664	6.69618
53.833	6.7332
64.5996	6.77864
75.3662	6.83264
86.1328	6.89533
96.8994	6.96688
107.666	7.04751
118.433	7.13745
129.199	7.23694
139.966	7.3463
150.732	7.46587
161.499	7.59601
172.266	7.73715
183.032	7.88977
193.799	8.0544
204.565	8.23163
215.332	8.42214
226.099	8.62666
236.865	8.84606
247.632	9.08126
258.398	9.33334
269.165	9.6035
279.932	9.89311
290.698	10.2037
301.465	10.5371
312.231	10.8954
322.998	11.2807
333.765	11.6958
344.531	12.1438
355.298	12.6282
366.064	13.1528
376.831	13.7222
387.598	14.3409
398.364	15.0134
409.131	15.7423
419.897	16.5247
430.664	17.3414
441.431	18.1217
452.197	18.6072
462.964	17.5096
473.73	9.19753
484.497	43.7865
495.264	59.5272
506.03	58.6609
516.797	39.9533
527.563	1.80859
538.33	16.6751
549.097	17.4967
559.863	16.8703
570.63	15.9573
581.396	15.0033
592.163	14.0777
602.93	13.2007
613.696	12.3759
624.463	11.6016
635.229	10.8738
645.996	10.1882
656.763	9.54087
667.529	8.92795
678.296	8.34613
689.062	7.79246
699.829	7.26435
710.596	6.75954
721.362	6.27602
732.129	5.81204
742.896	5.36604
753.662	4.93664
764.429	4.52261
775.195	4.12285
785.962	3.73638
796.729	3.36231
807.495	2.99984
818.262	2.64825
829.028	2.30689
839.795	1.97515
850.562	1.6525
861.328	1.33843
872.095	1.03249
882.861	0.734248
893.628	0.443324
904.395	0.159355
915.161	-0.117986
925.928	-0.389011
936.694	-0.654004
947.461	-0.913232
958.228	-1.16694
968.994	-1.41537
979.761	-1.65873
990.527	-1.89722
1001.29	-2.13105
1012.06	-2.36037
1022.83	-2.58537
1033.59	-2.80621
1044.36	-3.02303
1055.13	-3.23597
1065.89	-3.44517
1076.66	-3.65076
1087.43	-3.85285
1098.19	-4.05157
1108.96	-4.24701
1119.73	-4.43928
1130.49	-4.62848
1141.26	-4.8147
1152.03	-4.99803
1162.79	-5.17856
1173.56	-5.35636
1184.33	-5.53151
1195.09	-5.7041
1205.86	-5.87417
1216.63	-6.04182
1227.39	-6.2071
1238.16	-6.37006
1248.93	-6.53078
1259.69	-6.68931
1270.46	-6.8457
1281.23	-7.00001
1291.99	-7.15229
1302.76	-7.30259
1313.53	-7.45094
1324.29	-7.59741
1335.06	-7.74203
1345.83	-7.88485
1356.59	-8.0259
1367.36	-8.16523
1378.12	-8.30288
1388.89	-8.43887
1399.66	-8.57325
1410.42	-8.70605
1421.19	-8.8373
1431.96	-8.96704
1442.72	-9.0953
1453.49	-9.2221
1464.26	-9.34748
1475.02	-9.47146
1485.79	-9.59408
1496.56	-9.71534
1507.32	-9.83532
1518.09	-9.95398
1528.86	-10.0714
1539.62	-10.1875
1550.39	-10.3025
1561.16	-10.4162
1571.92	-10.5288
1582.69	-10.6402
1593.46	-10.7505
1604.22	-10.8597
1614.99	-10.9678
1625.76	-11.0748
1636.52	-11.1807
1647.29	-11.2856
1658.06	-11.3895
1668.82	-11.4924
1679.59	-11.5943
1690.36	-11.6953
1701.12	-11.7952
1711.89	-11.8943
1722.66	-11.9924
1733.42	-12.0896
1744.19	-12.1859
1754.96	-12.2814
1765.72	-12.376
1776.49	-12.4697
1787.26	-12.5626
1798.02	-12.6546
1808.79	-12.7459
1819.56	-12.8363
1830.32	-12.926
1841.09	-13.0149
1851.86	-13.103
1862.62	-13.1903
1873.39	-13.277
1884.16	-13.3628
1894.92	-13.448
1905.69	-13.5325
1916.46	-13.6162
1927.22	-13.6993
1937.99	-13.7816
1948.75	-13.8633
1959.52	-13.9444
1970.29	-14.0248
1981.05	-14.1045
1991.82	-14.1836
2002.59	-14.2621
2013.35	-14.34
2024.12	-14.4172
2034.89	-14.4939
2045.65	-14.5699
2056.42	-14.6454
2067.19	-14.7203
2077.95	-14.7946
2088.72	-14.8684
2099.49	-14.9416
2110.25	-15.0143
2121.02	-15.0864
2131.79	-15.1579
2142.55	-15.229
2153.32	-15.2995
2164.09	-15.3695
2174.85	-15.439
2185.62	-15.508
2196.39	-15.5766
2207.15	-15.6445
2217.92	-15.7121
2228.69	-15.7792
2239.45	-15.8457
2250.22	-15.9119
2260.99	-15.9775
2271.75	-16.0427
2282.52	-16.1075
2293.29	-16.1718
2304.05	-16.2356
2314.82	-16.2991
2325.59	-16.3621
2336.35	-16.4246
2347.12	-16.4868
2357.89	-16.5485
2368.65	-16.6099
2379.42	-16.6708
2390.19	-16.7313
2400.95	-16.7914
2411.72	-16.8512
2422.49	-16.9105
2433.25	-16.9695
2444.02	-17.0281
2454.79	-17.0863
2465.55	-17.1441
2476.32	-17.2016
2487.08	-17.2587
2497.85	-17.3155
2508.62	-17.3719
2519.38	-17.4279
2530.15	-17.4837
2540.92	-17.539
2551.68	-17.594
2562.45	-17.6487
2573.22	-17.7031
2583.98	-17.7571
2594.75	-17.8108
2605.52	-17.8642
2616.28	-17.9172
2627.05	-17.97
2637.82	-18.0224
2648.58	-18.0745
2659.35	-18.1263
2670.12	-18.1778
2680.88	-18.2291
2691.65	-18.28
2702.42	-18.3306
2713.18	-18.3809
2723.95	-18.431
2734.72	-18.4807
2745.48	-18.5302
2756.25	-18.5794
2767.02	-18.6283
2777.78	-18.677
2788.55	-18.7253
2799.32	-18.7734
2810.08	-18.8213
2820.85	-18.8689
2831.62	-18.9162
2842.38	-18.9632
2853.15	-19.01
2863.92	-19.0566
2874.68	-19.1029
2885.45	-19.1489
2896.22	-19.1947
2906.98	-19.2402
2917.75	-19.2856
2928.52	-19.3307
2939.28	-19.3755
2950.05	-19.4201
2960.82	-19.4645
2971.58	-19.5086
2982.35	-19.5525
2993.12	-19.5962
3003.88	-19.6397
3014.65	-19.6829
3025.42	-19.7259
3036.18	-19.7687
3046.95	-19.8113
3057.71	-19.8536
3068.48	-19.8958
3079.25	-19.9377
3090.01	-19.9795
3100.78	-20.021
3111.55	-20.0623
3122.31	-20.1034
3133.08	-20.1443
3143.85	-20.1851
3154.61	-20.2256
3165.38	-20.2659
3176.15	-20.306
3186.91	-20.3459
3197.68	-20.3857
3208.45	-20.4252
3219.21	-20.4646
3229.98	-20.5038
3240.75	-20.5427
3251.51	-20.5816
3262.28	-20.6202
3273.05	-20.6586
3283.81	-20.6969
3294.58	-20.7349
3305.35	-20.7729
3316.11	-20.8106
3326.88	-20.8482
3337.65	-20.8856
3348.41	-20.9228
3359.18	-20.9598
3369.95	-20.9967
3380.71	-21.0334
3391.48	-21.07
3402.25	-21.1063
3413.01	-21.1426
3423.78	-21.1786
3434.55	-21.2145
3445.31	-21.2503
3456.08	-21.2859
3466.85	-21.3213
3477.61	-21.3566
3488.38	-21.3917
3499.15	-21.4266
3509.91	-21.4615
3520.68	-21.4962
3531.45	-21.5307
3542.21	-21.565
3552.98	-21.5993
3563.75	-21.6333
3574.51	-21.6673
3585.28	-21.7011
3596.04	-21.7347
3606.81	-21.7682
3617.58	-21.8016
3628.34	-21.8348
3639.11	-21.8679
3649.88	-21.9009
3660.64	-21.9337
3671.41	-21.9664
3682.18	-21.9989
3692.94	-22.0313
3703.71	-22.0636
3714.48	-22.0958
3725.24	-22.1278
3736.01	-22.1597
3746.78	-22.1914
3757.54	-22.2231
3768.31	-22.2546
3779.08	-22.286
3789.84	-22.3172
3800.61	-22.3484
3811.38	-22.3794
3822.14	-22.4103
3832.91	-22.4411
3843.68	-22.4717
3854.44	-22.5022
3865.21	-22.5327
3875.98	-22.563
3886.74	-22.5931
3897.51	-22.6232
3908.28	-22.6531
3919.04	-22.683
3929.81	-22.7127
3940.58	-22.7423
3951.34	-22.7718
3962.11	-22.8012
3972.88	-22.8305
3983.64	-22.8596
3994.41	-22.8887
4005.18	-22.9176
4015.94	-22.9465
4026.71	-22.9752
4037.48	-23.0038
4048.24	-23.0323
4059.01	-23.0608
4069.78	-23.0891
4080.54	-23.1173
4091.31	-23.1454
4102.08	-23.1734
4112.84	-23.2013
4123.61	-23.2291
4134.38	-23.2568
4145.14	-23.2844
4155.91	-23.3119
4166.67	-23.3393
4177.44	-23.3666
4188.21	-23.3938
4198.97	-23.421
4209.74	-23.4479
4220.51	-23.4749
4231.27	-23.5017
4242.04	-23.5284
4252.81	-23.5551
4263.57	-23.5816
4274.34	-23.6081
4285.11	-23.6345
4295.87	-23.6607
4306.64	-23.687
4317.41	-23.713
4328.17	-23.739
4338.94	-23.7649
4349.71	-23.7908
4360.47	-23.8165
4371.24	-23.8422
4382.01	-23.8677
4392.77	-23.8932
4403.54	-23.9186
4414.31	-23.9439
4425.07	-23.9692
4435.84	-23.9943
4446.61	-24.0194
4457.37	-24.0443
4468.14	-24.0692
4478.91	-24.0941
4489.67	-24.1188
4500.44	-24.1434
4511.21	-24.168
4521.97	-24.1925
4532.74	-24.2169
4543.51	-24.2413
4554.27	-24.2655
4565.04	-24.2897
4575.81	-24.3138
4586.57	-24.3378
4597.34	-24.3618
4608.11	-24.3856
4618.87	-24.4094
4629.64	-24.4331
4640.41	-24.4568
4651.17	-24.4803
4661.94	-24.5038
4672.71	-24.5273
4683.47	-24.5506
4694.24	-24.5739
4705	-24.5971
4715.77	-24.6202
4726.54	-24.6433
4737.3	-24.6662
4748.07	-24.6892
4758.84	-24.712
4769.6	-24.7348
4780.37	-24.7575
4791.14	-24.7801
4801.9	-24.8027
4812.67	-24.8252
4823.44	-24.8476
4834.2	-24.87
4844.97	-24.8923
4855.74	-24.9145
4866.5	-24.9367
4877.27	-24.9588
4888.04	-24.9808
4898.8	-25.0028
4909.57	-25.0246
4920.34	-25.0465
4931.1	-25.0683
4941.87	-25.09
4952.64	-25.1116
4963.4	-25.1332
4974.17	-25.1547
4984.94	-25.1762
4995.7	-25.1975
5006.47	-25.2189
5017.24	-25.2401
5028	-25.2613
5038.77	-25.2825
5049.54	-25.3036
5060.3	-25.3246
5071.07	-25.3455
5081.84	-25.3664
5092.6	-25.3873
5103.37	-25.4081
5114.14	-25.4288
5124.9	-25.4495
5135.67	-25.4701
5146.44	-25.4906
5157.2	-25.5111
5167.97	-25.5315
5178.74	-25.5519
5189.5	-25.5722
5200.27	-25.5925
5211.04	-25.6127
5221.8	-25.6328
5232.57	-25.6529
5243.33	-25.673
5254.1	-25.6929
5264.87	-25.7129
5275.63	-25.7327
5286.4	-25.7526
5297.17	-25.7723
5307.93	-25.792
5318.7	-25.8117
5329.47	-25.8313
5340.23	-25.8508
5351	-25.8703
5361.77	-25.8898
5372.53	-25.9092
5383.3	-25.9285
5394.07	-25.9477
5404.83	-25.9671
5415.6	-25.9862
5426.37	-26.0053
5437.13	-26.0244
5447.9	-26.0435
5458.67	-26.0624
5469.43	-26.0814
5480.2	-26.1002
5490.97	-26.1191
5501.73	-26.1379
5512.5	-26.1566
5523.27	-26.1753
5534.03	-26.1939
5544.8	-26.2125
5555.57	-26.231
5566.33	-26.2495
5577.1	-26.268
5587.87	-26.2863
5598.63	-26.3048
5609.4	-26.323
5620.17	-26.3412
5630.93	-26.3595
5641.7	-26.3776
5652.47	-26.3957
5663.23	-26.4138
5674	-26.4318
5684.77	-26.4498
5695.53	-26.4677
5706.3	-26.4856
5717.07	-26.5034
5727.83	-26.5212
5738.6	-26.539
5749.37	-26.5567
5760.13	-26.5743
5770.9	-26.5919
5781.67	-26.6095
5792.43	-26.627
5803.2	-26.6445
5813.96	-26.662
5824.73	-26.6794
5835.5	-26.6967
5846.26	-26.714
5857.03	-26.7313
5867.8	-26.7485
5878.56	-26.7657
5889.33	-26.7829
5900.1	-26.7999
5910.86	-26.817
5921.63	-26.834
5932.4	-26.851
5943.16	-26.8679
5953.93	-26.8848
5964.7	-26.9017
5975.46	-26.9185
5986.23	-26.9352
5997	-26.952
6007.76	-26.9687
6018.53	-26.9853
6029.3	-27.0019
6040.06	-27.0185
6050.83	-27.035
6061.6	-27.0515
6072.36	-27.068
6083.13	-27.0844
6093.9	-27.1008
6104.66	-27.1171
6115.43	-27.1334
6126.2	-27.1496
6136.96	-27.1659
6147.73	-27.182
6158.5	-27.1982
6169.26	-27.2143
6180.03	-27.2304
6190.8	-27.2464
6201.56	-27.2624
6212.33	-27.2783
6223.1	-27.2943
6233.86	-27.3101
6244.63	-27.326
6255.4	-27.3418
6266.16	-27.3576
6276.93	-27.3733
6287.7	-27.389
6298.46	-27.4046
6309.23	-27.4203
6320	-27.4359
6330.76	-27.4515
6341.53	-27.467
6352.29	-27.4825
6363.06	-27.4979
6373.83	-27.5133
6384.59	-27.5287
6395.36	-27.5441
6406.13	-27.5594
6416.89	-27.5747
6427.66	-27.5899
6438.43	-27.6051
6449.19	-27.6203
6459.96	-27.6354
6470.73	-27.6505
6481.49	-27.6656
6492.26	-27.6806
6503.03	-27.6956
6513.79	-27.7106
6524.56	-27.7256
6535.33	-27.7405
6546.09	-27.7553
6556.86	-27.7702
6567.63	-27.785
6578.39	-27.7998
6589.16	-27.8145
6599.93	-27.8292
6610.69	-27.8439
6621.46	-27.8585
6632.23	-27.8732
6642.99	-27.8877
6653.76	-27.9023
6664.53	-27.9168
6675.29	-27.9313
6686.06	-27.9458
6696.83	-27.9602
6707.59	-27.9746
6718.36	-27.9889
6729.13	-28.0033
6739.89	-28.0176
6750.66	-28.0318
6761.43	-28.0461
6772.19	-28.0603
6782.96	-28.0745
6793.73	-28.0886
6804.49	-28.1027
6815.26	-28.1168
6826.03	-28.1309
6836.79	-28.1449
6847.56	-28.1589
6858.33	-28.1729
6869.09	-28.1868
6879.86	-28.2007
6890.62	-28.2146
6901.39	-28.2285
6912.16	-28.2423
6922.92	-28.2561
6933.69	-28.2698
6944.46	-28.2836
6955.22	-28.2973
6965.99	-28.311
6976.76	-28.3246
6987.52	-28.3382
6998.29	-28.3519
7009.06	-28.3653
7019.82	-28.3789
7030.59	-28.3924
7041.36	-28.4059
7052.12	-28.4194
7062.89	-28.4328
7073.66	-28.4462
7084.42	-28.4596
7095.19	-28.4728
7105.96	-28.4863
7116.72	-28.4995
7127.49	-28.5128
7138.26	-28.526
7149.02	-28.5392
7159.79	-28.5524
7170.56	-28.5655
7181.32	-28.5786
7192.09	-28.5917
7202.86	-28.6048
7213.62	-28.6179
7224.39	-28.6309
7235.16	-28.6439
7245.92	-28.6568
7256.69	-28.6698
7267.46	-28.6827
7278.22	-28.6956
7288.99	-28.7084
7299.76	-28.7214
7310.52	-28.734
7321.29	-28.7469
7332.06	-28.7596
7342.82	-28.7724
7353.59	-28.7851
7364.36	-28.7978
7375.12	-28.8104
7385.89	-28.8231
7396.66	-28.8357
7407.42	-28.8482
7418.19	-28.8608
7428.96	-28.8733
7439.72	-28.8858
7450.49	-28.8983
7461.25	-28.9108
7472.02	-28.9232
7482.79	-28.9356
7493.55	-28.948
7504.32	-28.9604
7515.09	-28.9727
7525.85	-28.985
7536.62	-28.9973
7547.39	-29.0096
7558.15	-29.0218
7568.92	-29.034
7579.69	-29.0462
7590.45	-29.0584
7601.22	-29.0705
7611.99	-29.0827
7622.75	-29.0948
7633.52	-29.1068
7644.29	-29.1189
7655.05	-29.1309
7665.82	-29.1429
7676.59	-29.1549
7687.35	-29.1669
7698.12	-29.1788
7708.89	-29.1907
7719.65	-29.2026
7730.42	-29.2145
7741.19	-29.2263
7751.95	-29.2382
7762.72	-29.25
7773.49	-29.2617
7784.25	-29.2735
7795.02	-29.2853
7805.79	-29.2968
7816.55	-29.3086
7827.32	-29.3203
7838.09	-29.3319
7848.85	-29.3435
7859.62	-29.3551
7870.39	-29.3667
7881.15	-29.3783
7891.92	-29.3898
7902.69	-29.4013
7913.45	-29.4128
7924.22	-29.4243
7934.99	-29.4357
7945.75	-29.4472
7956.52	-29.4586
7967.29	-29.47
7978.05	-29.4813
7988.82	-29.4926
7999.58	-29.504
8010.35	-29.5153
8021.12	-29.5265
8031.88	-29.5378
8042.65	-29.549
8053.42	-29.5603
8064.18	-29.5714
8074.95	-29.5826
8085.72	-29.5938
8096.48	-29.605
8107.25	-29.616
8118.02	-29.6271
8128.78	-29.6382
8139.55	-29.6492
8150.32	-29.6603
8161.08	-29.6713
8171.85	-29.6823
8182.62	-29.6932
8193.38	-29.7042
8204.15	-29.7151
8214.92	-29.726
8225.68	-29.7369
8236.45	-29.7478
8247.22	-29.7586
8257.98	-29.7694
8268.75	-29.7802
8279.52	-29.791
8290.28	-29.8018
8301.05	-29.8126
8311.82	-29.8233
8322.58	-29.834
8333.35	-29.8447
8344.12	-29.8554
8354.88	-29.866
8365.65	-29.8766
8376.42	-29.8873
8387.18	-29.8979
8397.95	-29.9083
8408.72	-29.919
8419.48	-29.9295
8430.25	-29.94
8441.02	-29.9505
8451.78	-29.961
8462.55	-29.9715
8473.32	-29.9819
8484.08	-29.9923
8494.85	-30.0028
8505.62	-30.0131
8516.38	-30.0235
8527.15	-30.0339
8537.92	-30.0442
8548.68	-30.0545
8559.45	-30.0648
8570.21	-30.0751
8580.98	-30.0853
8591.75	-30.0956
8602.51	-30.1058
8613.28	-30.116
8624.05	-30.1262
8634.81	-30.1364
8645.58	-30.1465
8656.35	-30.1566
8667.11	-30.1668
8677.88	-30.1768
8688.65	-30.1869
8699.41	-30.1971
8710.18	-30.207
8720.95	-30.2171
8731.71	-30.2271
8742.48	-30.237
8753.25	-30.247
8764.01	-30.257
8774.78	-30.2669
8785.55	-30.2768
8796.31	-30.2868
8807.08	-30.2965
8817.85	-30.3065
8828.61	-30.3163
8839.38	-30.3262
8850.15	-30.336
8860.91	-30.3458
8871.68	-30.3556
8882.45	-30.3653
8893.21	-30.3751
8903.98	-30.3848
8914.75	-30.3945
8925.51	-30.4042
8936.28	-30.4139
8947.05	-30.4236
8957.81	-30.4332
8968.58	-30.4428
8979.35	-30.4524
8990.11	-30.462
9000.88	-30.4716
9011.65	-30.4812
9022.41	-30.4907
9033.18	-30.5003
9043.95	-30.5098
9054.71	-30.5193
9065.48	-30.5287
9076.25	-30.5382
9087.01	-30.5476
9097.78	-30.5572
9108.54	-30.5665
9119.31	-30.5759
9130.08	-30.5853
9140.84	-30.5947
9151.61	-30.604
9162.38	-30.6133
9173.14	-30.6227
9183.91	-30.632
9194.68	-30.6413
9205.44	-30.6505
9216.21	-30.6598
9226.98	-30.669
9237.74	-30.6782
9248.51	-30.6875
9259.28	-30.6966
9270.04	-30.7058
9280.81	-30.715
9291.58	-30.7241
9302.34	-30.7333
9313.11	-30.7424
9323.88	-30.7515
9334.64	-30.7606
9345.41	-30.7696
9356.18	-30.7787
9366.94	-30.7877
9377.71	-30.7967
9388.48	-30.8057
9399.24	-30.8149
9410.01	-30.8236
9420.78	-30.8327
9431.54	-30.8416
9442.31	-30.8505
9453.08	-30.8595
9463.84	-30.8684
9474.61	-30.8773
9485.38	-30.8861
9496.14	-30.895
9506.91	-30.9038
9517.68	-30.9126
9528.44	-30.9215
9539.21	-30.9303
9549.98	-30.939
9560.74	-30.9478
9571.51	-30.9566
9582.28	-30.9653
9593.04	-30.974
9603.81	-30.9827
9614.58	-30.9914
9625.34	-31.0001
9636.11	-31.0088
9646.88	-31.0174
9657.64	-31.0261
9668.41	-31.0347
9679.17	-31.0433
9689.94	-31.0519
9700.71	-31.0604
9711.47	-31.069
9722.24	-31.0776
9733.01	-31.0861
9743.77	-31.0946
9754.54	-31.1031
9765.31	-31.1116
9776.07	-31.1201
9786.84	-31.1286
9797.61	-31.137
9808.37	-31.1455
9819.14	-31.1539
9829.91	-31.1623
9840.67	-31.1707
9851.44	-31.1791
9862.21	-31.1874
9872.97	-31.1958
9883.74	-31.2041
9894.51	-31.2124
9905.27	-31.2208
9916.04	-31.2291
9926.81	-31.2373
9937.57	-31.2456
9948.34	-31.2539
9959.11	-31.2621
9969.87	-31.2703
9980.64	-31.2786
9991.41	-31.2868
10002.2	-31.295
10012.9	-31.3031
10023.7	-31.3113
10034.5	-31.3194
10045.2	-31.3276
10056	-31.3357
10066.8	-31.3438
10077.5	-31.3519
10088.3	-31.36
10099.1	-31.368
10109.8	-31.3762
10120.6	-31.3842
10131.4	-31.3922
10142.1	-31.4002
10152.9	-31.4082
10163.7	-31.4162
10174.4	-31.4242
10185.2	-31.4321
10196	-31.4401
10206.7	-31.448
10217.5	-31.456
10228.3	-31.4639
10239	-31.4718
10249.8	-31.4796
10260.6	-31.4875
10271.3	-31.4954
10282.1	-31.5032
10292.9	-31.511
10303.6	-31.519
10314.4	-31.5267
10325.2	-31.5345
10335.9	-31.5423
10346.7	-31.55
10357.5	-31.5578
10368.2	-31.5656
10379	-31.5733
10389.8	-31.581
10400.5	-31.5886
10411.3	-31.5964
10422.1	-31.6041
10432.8	-31.6118
10443.6	-31.6194
10454.4	-31.6271
10465.1	-31.6347
10475.9	-31.6423
10486.7	-31.6499
10497.4	-31.6577
10508.2	-31.665
10519	-31.6727
10529.7	-31.6802
10540.5	-31.6878
10551.3	-31.6953
10562	-31.7028
10572.8	-31.7104
10583.6	-31.7178
10594.3	-31.7254
10605.1	-31.7328
10615.9	-31.7403
10626.6	-31.7477
10637.4	-31.7552
10648.2	-31.7626
10658.9	-31.77
10669.7	-31.7774
10680.5	-31.7848
10691.2	-31.7922
10702	-31.7995
10712.8	-31.8069
10723.5	-31.8142
10734.3	-31.8216
10745.1	-31.8289
10755.8	-31.8362
10766.6	-31.8435
10777.4	-31.8508
10788.1	-31.8581
10798.9	-31.8653
10809.7	-31.8726
10820.4	-31.8798
10831.2	-31.887
10842	-31.8942
10852.7	-31.9014
10863.5	-31.9086
10874.3	-31.9158
10885	-31.923
10895.8	-31.9301
10906.6	-31.9373
10917.3	-31.9444
10928.1	-31.9515
10938.9	-31.9586
10949.6	-31.9657
10960.4	-31.9728
10971.2	-31.9799
10981.9	-31.9869
10992.7	-31.994
11003.5	-32.001
11014.2	-32.0081
11025	-32.0151
11035.8	-32.0221
11046.5	-32.0291
11057.3	-32.0361
11068.1	-32.043
11078.8	-32.05
11089.6	-32.057
11100.4	-32.0638
11111.1	-32.0709
11121.9	-32.0777
11132.7	-32.0847
11143.4	-32.0916
11154.2	-32.0984
11165	-32.1053
11175.7	-32.1122
11186.5	-32.119
11197.3	-32.1261
11208	-32.1326
11218.8	-32.1395
11229.6	-32.1463
11240.3	-32.1531
11251.1	-32.1599
11261.9	-32.1667
11272.6	-32.1734
11283.4	-32.1802
11294.2	-32.1869
11304.9	-32.1937
11315.7	-32.2004
11326.5	-32.2071
11337.2	-32.2138
11348	-32.2205
11358.8	-32.2272
11369.5	-32.2338
11380.3	-32.2405
11391.1	-32.2471
11401.8	-32.2538
11412.6	-32.2604
11423.4	-32.267
11434.1	-32.2736
11444.9	-32.2802
11455.7	-32.2868
11466.4	-32.2934
11477.2	-32.2999
11488	-32.3065
11498.7	-32.313
11509.5	-32.3195
11520.3	-32.3261
11531	-32.3326
11541.8	-32.3391
11552.6	-32.3455
11563.3	-32.352
11574.1	-32.3585
11584.9	-32.365
11595.6	-32.3713
11606.4	-32.3779
11617.2	-32.3843
11627.9	-32.3907
11638.7	-32.3971
11649.5	-32.4035
11660.2	-32.4099
11671	-32.4162
11681.8	-32.4226
11692.5	-32.429
11703.3	-32.4353
11714.1	-32.4416
11724.8	-32.448
11735.6	-32.4543
11746.4	-32.4606
11757.1	-32.4669
11767.9	-32.4731
11778.7	-32.4794
11789.4	-32.4857
11800.2	-32.4919
11811	-32.4982
11821.7	-32.5044
11832.5	-32.5106
11843.3	-32.5169
11854	-32.5231
11864.8	-32.5292
11875.6	-32.5354
11886.3	-32.5416
11897.1	-32.5478
11907.9	-32.5539
11918.6	-32.5601
11929.4	-32.5662
11940.2	-32.5723
11950.9	-32.5784
11961.7	-32.5845
11972.5	-32.5906
11983.2	-32.5967
11994	-32.6028
12004.8	-32.6089
12015.5	-32.6149
12026.3	-32.621
12037.1	-32.627
12047.8	-32.633
12058.6	-32.639
12069.4	-32.6451
12080.1	-32.651
12090.9	-32.657
12101.7	-32.663
12112.4	-32.669
12123.2	-32.6749
12134	-32.6809
12144.7	-32.6868
12155.5	-32.6928
12166.3	-32.6987
12177	-32.7046
12187.8	-32.7105
12198.6	-32.7164
12209.3	-32.7223
12220.1	-32.7281
12230.9	-32.734
12241.6	-32.7399
12252.4	-32.7457
12263.2	-32.7515
12273.9	-32.7574
12284.7	-32.7632
12295.5	-32.7689
12306.2	-32.7749
12317	-32.7806
12327.8	-32.7864
12338.5	-32.7921
12349.3	-32.7979
12360.1	-32.8036
12370.8	-32.8094
12381.6	-32.8151
12392.4	-32.8208
12403.1	-32.8266
12413.9	-32.8323
12424.7	-32.838
12435.4	-32.8436
12446.2	-32.8493
12457	-32.855
12467.7	-32.8607
12478.5	-32.8663
12489.3	-32.872
12500	-32.8775
12510.8	-32.8832
12521.6	-32.8888
12532.3	-32.8944
12543.1	-32.9
12553.9	-32.9056
12564.6	-32.9112
12575.4	-32.9167
12586.2	-32.9223
12596.9	-32.9279
12607.7	-32.9333
12618.5	-32.9389
12629.2	-32.9445
12640	-32.95
12650.8	-32.9555
12661.5	-32.961
12672.3	-32.9665
12683.1	-32.9719
12693.8	-32.9774
12704.6	-32.9828
12715.4	-32.9883
12726.1	-32.9938
12736.9	-32.9992
12747.7	-33.0046
12758.4	-33.01
12769.2	-33.0154
12780	-33.0208
12790.7	-33.0262
12801.5	-33.0316
12812.3	-33.037
12823	-33.0424
12833.8	-33.0477
12844.6	-33.0531
12855.3	-33.0584
12866.1	-33.0637
12876.9	-33.069
12887.6	-33.0743
12898.4	-33.0798
12909.2	-33.0849
12919.9	-33.0902
12930.7	-33.0955
12941.5	-33.1008
12952.2	-33.106
12963	-33.1113
12973.8	-33.1165
12984.5	-33.1218
12995.3	-33.127
13006.1	-33.1322
13016.8	-33.1374
13027.6	-33.1426
13038.4	-33.1478
13049.1	-33.153
13059.9	-33.1582
13070.7	-33.1633
13081.4	-33.1685
13092.2	-33.1736
13103	-33.1788
13113.7	-33.1839
13124.5	-33.189
13135.3	-33.1942
13146	-33.1993
13156.8	-33.2044
13167.6	-33.2094
13178.3	-33.2145
13189.1	-33.2196
13199.9	-33.2246
13210.6	-33.2298
13221.4	-33.2348
13232.2	-33.2398
13242.9	-33.2448
13253.7	-33.2499
13264.5	-33.2549
13275.2	-33.2599
13286	-33.2649
13296.8	-33.2699
13307.5	-33.2749
13318.3	-33.2798
13329.1	-33.2848
13339.8	-33.2897
13350.6	-33.2947
13361.4	-33.2996
13372.1	-33.3046
13382.9	-33.3095
13393.7	-33.3144
13404.4	-33.3193
13415.2	-33.3242
13426	-33.3291
13436.7	-33.334
13447.5	-33.3389
13458.3	-33.3437
13469	-33.3486
13479.8	-33.3534
13490.6	-33.3583
13501.3	-33.3631
13512.1	-33.3679
13522.9	-33.3728
13533.6	-33.3776
13544.4	-33.3824
13555.2	-33.3872
13565.9	-33.3919
13576.7	-33.3967
13587.5	-33.4015
13598.2	-33.4062
13609	-33.411
13619.8	-33.4158
13630.5	-33.4205
13641.3	-33.4252
13652.1	-33.4299
13662.8	-33.4347
13673.6	-33.4394
13684.4	-33.4441
13695.1	-33.4488
13705.9	-33.4534
13716.7	-33.4581
13727.4	-33.4628
13738.2	-33.4674
13749	-33.4721
13759.7	-33.4767
13770.5	-33.4814
13781.2	-33.486
13792	-33.4906
13802.8	-33.4952
13813.5	-33.4998
13824.3	-33.5044
13835.1	-33.509
13845.8	-33.5136
13856.6	-33.5182
13867.4	-33.5227
13878.1	-33.5273
13888.9	-33.5318
13899.7	-33.5365
13910.4	-33.5408
13921.2	-33.5454
13932	-33.5499
13942.7	-33.5545
13953.5	-33.559
13964.3	-33.5634
13975	-33.5679
13985.8	-33.5724
13996.6	-33.5768
14007.3	-33.5814
14018.1	-33.5858
14028.9	-33.5903
14039.6	-33.5947
14050.4	-33.5991
14061.2	-33.6036
14071.9	-33.608
14082.7	-33.6124
14093.5	-33.6167
14104.2	-33.6213
14115	-33.6256
14125.8	-33.63
14136.5	-33.6343
14147.3	-33.6387
14158.1	-33.643
14168.8	-33.6474
14179.6	-33.6517
14190.4	-33.6561
14201.1	-33.6604
14211.9	-33.6647
14222.7	-33.669
14233.4	-33.6733
14244.2	-33.6776
14255	-33.6819
14265.7	-33.6862
14276.5	-33.6905
14287.3	-33.6948
14298	-33.6989
14308.8	-33.7033
14319.6	-33.7075
14330.3	-33.7117
14341.1	-33.716
14351.9	-33.7202
14362.6	-33.7244
14373.4	-33.7286
14384.2	-33.7328
14394.9	-33.737
14405.7	-33.7412
14416.5	-33.7454
14427.2	-33.7495
14438	-33.7537
14448.8	-33.7579
14459.5	-33.762
14470.3	-33.7662
14481.1	-33.7703
14491.8	-33.7744
14502.6	-33.7785
14513.4	-33.7827
14524.1	-33.7868
14534.9	-33.7909
14545.7	-33.7949
14556.4	-33.799
14567.2	-33.8031
14578	-33.8072
14588.7	-33.8113
14599.5	-33.8152
14610.3	-33.8194
14621	-33.8234
14631.8	-33.8274
14642.6	-33.8314
14653.3	-33.8355
14664.1	-33.8395
14674.9	-33.8435
14685.6	-33.8475
14696.4	-33.8515
14707.2	-33.8554
14717.9	-33.8594
14728.7	-33.8634
14739.5	-33.8673
14750.2	-33.8713
14761	-33.8752
14771.8	-33.8792
14782.5	-33.8831
14793.3	-33.887
14804.1	-33.891
14814.8	-33.8949
14825.6	-33.8988
14836.4	-33.9027
14847.1	-33.9065
14857.9	-33.9104
14868.7	-33.9143
14879.4	-33.9182
14890.2	-33.922
14901	-33.9259
14911.7	-33.9297
14922.5	-33.9336
14933.3	-33.9374
14944	-33.9412
14954.8	-33.9451
14965.6	-33.9489
14976.3	-33.9527
14987.1	-33.9565
14997.9	-33.9601
15008.6	-33.9641
15019.4	-33.9678
15030.2	-33.9716
15040.9	-33.9754
15051.7	-33.9791
15062.5	-33.9829
15073.2	-33.9866
15084	-33.9904
15094.8	-33.9938
15105.5	-33.998
15116.3	-34.0015
15127.1	-34.0052
15137.8	-34.0089
15148.6	-34.0126
15159.4	-34.0163
15170.1	-34.02
15180.9	-34.0236
15191.7	-34.0273
15202.4	-34.0309
15213.2	-34.0346
15224	-34.0383
15234.7	-34.0419
15245.5	-34.0455
15256.3	-34.0492
15267	-34.0528
15277.8	-34.0564
15288.6	-34.06
15299.3	-34.0637
15310.1	-34.0672
15320.9	-34.0708
15331.6	-34.0743
15342.4	-34.0779
15353.2	-34.0815
15363.9	-34.085
15374.7	-34.0886
15385.5	-34.0921
15396.2	-34.0957
15407	-34.0991
15417.8	-34.1027
15428.5	-34.1062
15439.3	-34.1097
15450.1	-34.1132
15460.8	-34.1167
15471.6	-34.1202
15482.4	-34.1237
15493.1	-34.1273
15503.9	-34.1305
15514.7	-34.1341
15525.4	-34.1376
15536.2	-34.141
15547	-34.1445
15557.7	-34.1479
15568.5	-34.1513
15579.3	-34.1548
15590	-34.1582
15600.8	-34.1616
15611.6	-34.165
15622.3	-34.1684
15633.1	-34.1718
15643.9	-34.1752
15654.6	-34.1785
15665.4	-34.1819
15676.2	-34.1853
15686.9	-34.1887
15697.7	-34.1918
15708.5	-34.1954
15719.2	-34.1986
15730	-34.202
15740.8	-34.2053
15751.5	-34.2086
15762.3	-34.2119
15773.1	-34.2152
15783.8	-34.2185
15794.6	-34.2218
15805.4	-34.2251
15816.1	-34.2284
15826.9	-34.2316
15837.7	-34.2349
15848.4	-34.2382
15859.2	-34.2414
15870	-34.2447
15880.7	-34.2479
15891.5	-34.2512
15902.3	-34.2543
15913	-34.2576
15923.8	-34.2608
15934.6	-34.264
15945.3	-34.2672
15956.1	-34.2704
15966.9	-34.2736
15977.6	-34.2767
15988.4	-34.2799
15999.2	-34.2831
16009.9	-34.2862
16020.7	-34.2894
16031.5	-34.2925
16042.2	-34.2957
16053	-34.2988
16063.8	-34.3019
16074.5	-34.3051
16085.3	-34.3082
16096.1	-34.3113
16106.8	-34.3144
16117.6	-34.3175
16128.4	-34.3206
16139.1	-34.3237
16149.9	-34.3267
16160.7	-34.3298
16171.4	-34.3329
16182.2	-34.3359
16193	-34.3391
16203.7	-34.3419
16214.5	-34.3451
16225.3	-34.3481
16236	-34.3511
16246.8	-34.3541
16257.6	-34.3572
16268.3	-34.3602
16279.1	-34.3632
16289.9	-34.3662
16300.6	-34.3691
16311.4	-34.3721
16322.2	-34.3751
16332.9	-34.3781
16343.7	-34.381
16354.5	-34.384
16365.2	-34.3869
16376	-34.3899
16386.8	-34.3928
16397.5	-34.3958
16408.3	-34.3987
16419.1	-34.4016
16429.8	-34.4045
16440.6	-34.4074
16451.4	-34.4103
16462.1	-34.4132
16472.9	-34.4161
16483.7	-34.419
16494.4	-34.4218
16505.2	-34.4247
16516	-34.4276
16526.7	-34.4304
16537.5	-34.4333
16548.3	-34.4361
16559	-34.439
16569.8	-34.4418
16580.6	-34.4446
16591.3	-34.4474
16602.1	-34.4502
16612.9	-34.453
16623.6	-34.4558
16634.4	-34.4586
16645.2	-34.4614
16655.9	-34.4642
16666.7	-34.467
16677.5	-34.4697
16688.2	-34.4725
16699	-34.4753
16709.8	-34.478
16720.5	-34.4808
16731.3	-34.4835
16742.1	-34.4862
16752.8	-34.489
16763.6	-34.4917
16774.4	-34.4944
16785.1	-34.4971
16795.9	-34.5
16806.7	-34.5024
16817.4	-34.5052
16828.2	-34.5079
16839	-34.5105
16849.7	-34.5132
16860.5	-34.5159
16871.3	-34.5185
16882	-34.5212
16892.8	-34.5238
16903.6	-34.5265
16914.3	-34.5291
16925.1	-34.5317
16935.9	-34.5344
16946.6	-34.537
16957.4	-34.5396
16968.2	-34.5422
16978.9	-34.5448
16989.7	-34.5474
17000.5	-34.5499
17011.2	-34.5525
17022	-34.5551
17032.8	-34.5577
17043.5	-34.5602
17054.3	-34.5628
17065.1	-34.5653
17075.8	-34.5679
17086.6	-34.5704
17097.4	-34.5731
17108.1	-34.5754
17118.9	-34.578
17129.7	-34.5805
17140.4	-34.583
17151.2	-34.5855
17162	-34.588
17172.7	-34.5905
17183.5	-34.593
17194.3	-34.5955
17205	-34.5979
17215.8	-34.6004
17226.6	-34.6028
17237.3	-34.6053
17248.1	-34.6077
17258.9	-34.6102
17269.6	-34.6126
17280.4	-34.6151
17291.2	-34.6174
17301.9	-34.62
17312.7	-34.6223
17323.5	-34.6247
17334.2	-34.6271
17345	-34.6295
17355.8	-34.6319
17366.5	-34.6343
17377.3	-34.6366
17388.1	-34.639
17398.8	-34.6414
17409.6	-34.6437
17420.4	-34.6461
17431.1	-34.6484
17441.9	-34.6508
17452.7	-34.6531
17463.4	-34.6554
17474.2	-34.6578
17485	-34.6601
17495.7	-34.6625
17506.5	-34.6646
17517.3	-34.667
17528	-34.6693
17538.8	-34.6716
17549.6	-34.6738
17560.3	-34.6761
17571.1	-34.6784
17581.9	-34.6807
17592.6	-34.6829
17603.4	-34.6852
17614.2	-34.6874
17624.9	-34.6897
17635.7	-34.6919
17646.5	-34.6941
17657.2	-34.6963
17668	-34.6986
17678.8	-34.7008
17689.5	-34.703
17700.3	-34.7051
17711.1	-34.7074
17721.8	-34.7095
17732.6	-34.7117
17743.4	-34.7139
17754.1	-34.7161
17764.9	-34.7182
17775.7	-34.7204
17786.4	-34.7226
17797.2	-34.7247
17808	-34.7268
17818.7	-34.729
17829.5	-34.7311
17840.3	-34.7332
17851	-34.7353
17861.8	-34.7375
17872.6	-34.7396
17883.3	-34.7417
17894.1	-34.7438
17904.9	-34.7458
17915.6	-34.7479
17926.4	-34.75
17937.2	-34.7521
17947.9	-34.7541
17958.7	-34.7562
17969.5	-34.7583
17980.2	-34.7603
17991	-34.7623
18001.8	-34.7644
18012.5	-34.7664
18023.3	-34.7684
18034.1	-34.7705
18044.8	-34.7725
18055.6	-34.7745
18066.4	-34.7765
18077.1	-34.7785
18087.9	-34.7805
18098.7	-34.7824
18109.4	-34.7845
18120.2	-34.7864
18131	-34.7884
18141.7	-34.7903
18152.5	-34.7923
18163.3	-34.7943
18174	-34.7962
18184.8	-34.7982
18195.6	-34.7999
18206.3	-34.8021
18217.1	-34.8039
18227.9	-34.8058
18238.6	-34.8078
18249.4	-34.8097
18260.2	-34.8116
18270.9	-34.8135
18281.7	-34.8153
18292.5	-34.8173
18303.2	-34.819
18314	-34.821
18324.8	-34.8228
18335.5	-34.8247
18346.3	-34.8265
18357.1	-34.8284
18367.8	-34.8302
18378.6	-34.8321
18389.4	-34.8339
18400.1	-34.8357
18410.9	-34.8376
18421.7	-34.8394
18432.4	-34.8412
18443.2	-34.843
18454	-34.8448
18464.7	-34.8466
18475.5	-34.8484
18486.3	-34.8501
18497	-34.8519
18507.8	-34.8537
18518.6	-34.8555
18529.3	-34.8572
18540.1	-34.859
18550.9	-34.8607
18561.6	-34.8625
18572.4	-34.8642
18583.2	-34.8659
18593.9	-34.8677
18604.7	-34.8693
18615.5	-34.8711
18626.2	-34.8728
18637	-34.8745
18647.8	-34.8762
18658.5	-34.8779
18669.3	-34.8796
18680.1	-34.8812
18690.8	-34.8829
18701.6	-34.8846
18712.4	-34.8862
18723.1	-34.8879
18733.9	-34.8896
18744.7	-34.8912
18755.4	-34.8928
18766.2	-34.8945
18777	-34.8961
18787.7	-34.8978
18798.5	-34.8993
18809.3	-34.901
18820	-34.9026
18830.8	-34.9042
18841.6	-34.9058
18852.3	-34.9074
18863.1	-34.9089
18873.9	-34.9105
18884.6	-34.9121
18895.4	-34.9136
18906.2	-34.9153
18916.9	-34.9168
18927.7	-34.9183
18938.5	-34.9199
18949.2	-34.9214
18960	-34.923
18970.8	-34.9245
18981.5	-34.926
18992.3	-34.9277
19003.1	-34.9289
19013.8	-34.9306
19024.6	-34.9321
19035.4	-34.9336
19046.1	-34.935
19056.9	-34.9365
19067.7	-34.938
19078.4	-34.9395
19089.2	-34.941
19100	-34.9424
19110.7	-34.9439
19121.5	-34.9453
19132.3	-34.9468
19143	-34.9482
19153.8	-34.9497
19164.6	-34.9511
19175.3	-34.9525
19186.1	-34.954
19196.9	-34.9551
19207.6	-34.9569
19218.4	-34.9582
19229.2	-34.9596
19239.9	-34.961
19250.7	-34.9623
19261.5	-34.9637
19272.2	-34.9651
19283	-34.9665
19293.8	-34.9678
19304.5	-34.9692
19315.3	-34.9705
19326	-34.9719
19336.8	-34.9732
19347.6	-34.9746
19358.3	-34.9759
19369.1	-34.9772
19379.9	-34.9786
19390.6	-34.9799
19401.4	-34.9812
19412.2	-34.9825
19422.9	-34.9838
19433.7	-34.9851
19444.5	-34.9864
19455.2	-34.9876
19466	-34.9889
19476.8	-34.9902
19487.5	-34.9915
19498.3	-34.9926
19509.1	-34.9941
19519.8	-34.9952
19530.6	-34.9965
19541.4	-34.9977
19552.1	-34.999
19562.9	-35.0002
19573.7	-35.0014
19584.4	-35.0026
19595.2	-35.0038
19606	-35.0051
19616.7	-35.0062
19627.5	-35.0074
19638.3	-35.0086
19649	-35.0098
19659.8	-35.011
19670.6	-35.0122
19681.3	-35.0133
19692.1	-35.0145
19702.9	-35.0157
19713.6	-35.0168
19724.4	-35.018
19735.2	-35.0191
19745.9	-35.0202
19756.7	-35.0214
19767.5	-35.0225
19778.2	-35.0236
19789	-35.0247
19799.8	-35.0258
19810.5	-35.0269
19821.3	-35.028
19832.1	-35.0291
19842.8	-35.0302
19853.6	-35.0313
19864.4	-35.0324
19875.1	-35.0335
19885.9	-35.0345
19896.7	-35.0357
19907.4	-35.0365
19918.2	-35.0377
19929	-35.0387
19939.7	-35.0398
19950.5	-35.0408
19961.3	-35.0418
19972	-35.0429
19982.8	-35.0439
19993.6	-35.0448
20004.3	-35.046
20015.1	-35.0469
20025.9	-35.0479
20036.6	-35.0489
20047.4	-35.0499
20058.2	-35.0509
20068.9	-35.0518
20079.7	-35.0528
20090.5	-35.0537
20101.2	-35.0548
20112	-35.0557
20122.8	-35.0566
20133.5	-35.0576
20144.3	-35.0585
20155.1	-35.0594
20165.8	-35.0604
20176.6	-35.0613
20187.4	-35.0621
20198.1	-35.0633
20208.9	-35.0639
20219.7	-35.0649
20230.4	-35.0658
20241.2	-35.0667
20252	-35.0676
20262.7	-35.0685
20273.5	-35.0693
20284.3	-35.0702
20295	-35.0709
20305.8	-35.0721
20316.6	-35.0728
20327.3	-35.0736
20338.1	-35.0745
20348.9	-35.0753
20359.6	-35.0761
20370.4	-35.077
20381.2	-35.0778
20391.9	-35.0786
20402.7	-35.0795
20413.5	-35.0802
20424.2	-35.081
20435	-35.0818
20445.8	-35.0826
20456.5	-35.0834
20467.3	-35.0842
20478.1	-35.0849
20488.8	-35.0857
20499.6	-35.0865
20510.4	-35.0872
20521.1	-35.088
20531.9	-35.0887
20542.7	-35.0894
20553.4	-35.0902
20564.2	-35.0909
20575	-35.0916
20585.7	-35.0923
20596.5	-35.0932
20607.3	-35.0936
20618	-35.0945
20628.8	-35.0952
20639.6	-35.0959
20650.3	-35.0966
20661.1	-35.0972
20671.9	-35.0979
20682.6	-35.0986
20693.4	-35.0993
20704.2	-35.0999
20714.9	-35.1006
20725.7	-35.1012
20736.5	-35.1019
20747.2	-35.1025
20758	-35.1031
20768.8	-35.1038
20779.5	-35.1044
20790.3	-35.105
20801.1	-35.1056
20811.8	-35.1062
20822.6	-35.1068
20833.4	-35.1074
20844.1	-35.108
20854.9	-35.1086
20865.7	-35.1092
20876.4	-35.1098
20887.2	-35.1103
20898	-35.1109
20908.7	-35.1114
20919.5	-35.112
20930.3	-35.1126
20941	-35.1131
20951.8	-35.1136
20962.6	-35.1142
20973.3	-35.1147
20984.1	-35.1152
20994.9	-35.1157
21005.6	-35.1163
21016.4	-35.1168
21027.2	-35.1173
21037.9	-35.1178
21048.7	-35.1183
21059.5	-35.1187
21070.2	-35.1192
21081	-35.1197
21091.8	-35.1201
21102.5	-35.1208
21113.3	-35.1211
21124.1	-35.1216
21134.8	-35.122
21145.6	-35.1224
21156.4	-35.1229
21167.1	-35.1233
21177.9	-35.1237
21188.7	-35.1242
21199.4	-35.1246
21210.2	-35.125
21221	-35.1254
21231.7	-35.1258
21242.5	-35.1262
21253.3	-35.1266
21264	-35.127
21274.8	-35.1274
21285.6	-35.1277
21296.3	-35.1281
21307.1	-35.1285
21317.9	-35.1288
21328.6	-35.1292
21339.4	-35.1295
21350.2	-35.1299
21360.9	-35.1302
21371.7	-35.1306
21382.5	-35.1309
21393.2	-35.1313
21404	-35.1314
21414.8	-35.1319
21425.5	-35.1321
21436.3	-35.1324
21447.1	-35.1327
21457.8	-35.133
21468.6	-35.1333
21479.4	-35.1336
21490.1	-35.1339
21500.9	-35.1342
21511.7	-35.1344
21522.4	-35.1347
21533.2	-35.1349
21544	-35.1352
21554.7	-35.1354
21565.5	-35.1357
21576.3	-35.1359
21587	-35.1361
21597.8	-35.1364
21608.6	-35.1365
21619.3	-35.1368
21630.1	-35.137
21640.9	-35.1372
21651.6	-35.1374
21662.4	-35.1376
21673.2	-35.1378
21683.9	-35.1379
21694.7	-35.1382
21705.5	-35.1382
21716.2	-35.1385
21727	-35.1386
21737.8	-35.1388
21748.5	-35.1389
21759.3	-35.1391
21770.1	-35.1392
21780.8	-35.1393
21791.6	-35.1394
21802.4	-35.1397
21813.1	-35.1397
21823.9	-35.1398
21834.7	-35.1399
21845.4	-35.14
21856.2	-35.1401
21867	-35.1402
21877.7	-35.1403
21888.5	-35.1404
21899.3	-35.1405
21910	-35.1405
21920.8	-35.1406
21931.6	-35.1407
21942.3	-35.1407
21953.1	-35.1408
21963.9	-35.1408
21974.6	-35.1408
21985.4	-35.1409
21996.2	-35.1407
22006.9	-35.1411
22017.7	-35.1409
22028.5	-35.141
22039.2	-35.141
22050	-35.141
22060.8	-35.141
22071.5	-35.141
22082.3	-35.1409
22093.1	-35.1411
22103.8	-35.1407
22114.6	-35.1409
22125.4	-35.1408
22136.1	-35.1408
22146.9	-35.1408
22157.7	-35.1407
22168.4	-35.1407
22179.2	-35.1406
22190	-35.1405
22200.7	-35.1405
22211.5	-35.1404
22222.3	-35.1403
22233	-35.1402
22243.8	-35.1401
22254.6	-35.14
22265.3	-35.1399
22276.1	-35.1398
22286.9	-35.1397
22297.6	-35.1397
22308.4	-35.1394
22319.2	-35.1393
22329.9	-35.1392
22340.7	-35.1391
22351.5	-35.1389
22362.2	-35.1388
22373	-35.1386
22383.8	-35.1385
22394.5	-35.1382
22405.3	-35.1382
22416.1	-35.1379
22426.8	-35.1378
22437.6	-35.1376
22448.4	-35.1374
22459.1	-35.1372
22469.9	-35.137
22480.7	-35.1368
22491.4	-35.1365
22502.2	-35.1364
22513	-35.1361
22523.7	-35.1359
22534.5	-35.1357
22545.3	-35.1354
22556	-35.1352
22566.8	-35.1349
22577.6	-35.1347
22588.3	-35.1344
22599.1	-35.1342
22609.9	-35.1339
22620.6	-35.1336
22631.4	-35.1333
22642.2	-35.133
22652.9	-35.1327
22663.7	-35.1324
22674.5	-35.1321
22685.2	-35.1319
22696	-35.1314
22706.8	-35.1313
22717.5	-35.1309
22728.3	-35.1306
22739.1	-35.1302
22749.8	-35.1299
22760.6	-35.1295
22771.4	-35.1292
22782.1	-35.1288
22792.9	-35.1285
22803.7	-35.1281
22814.4	-35.1277
22825.2	-35.1274
22836	-35.127
22846.7	-35.1266
22857.5	-35.1262
22868.3	-35.1258
22879	-35.1254
22889.8	-35.125
22900.6	-35.1246
22911.3	-35.1242
22922.1	-35.1237
22932.9	-35.1233
22943.6	-35.1229
22954.4	-35.1224
22965.2	-35.122
22975.9	-35.1216
22986.7	-35.1211
22997.5	-35.1208
23008.2	-35.1201
23019	-35.1197
23029.8	-35.1192
23040.5	-35.1187
23051.3	-35.1183
23062.1	-35.1178
23072.8	-35.1173
23083.6	-35.1168
23094.4	-35.1163
23105.1	-35.1157
23115.9	-35.1152
23126.7	-35.1147
23137.4	-35.1142
23148.2	-35.1136
23159	-35.1131
23169.7	-35.1126
23180.5	-35.112
23191.3	-35.1114
23202	-35.1109
23212.8	-35.1103
23223.6	-35.1098
23234.3	-35.1092
23245.1	-35.1086
23255.9	-35.108
23266.6	-35.1074
23277.4	-35.1068
23288.2	-35.1062
23298.9	-35.1056
23309.7	-35.105
23320.5	-35.1044
23331.2	-35.1038
23342	-35.1031
23352.8	-35.1025
23363.5	-35.1019
23374.3	-35.1012
23385.1	-35.1006
23395.8	-35.0999
23406.6	-35.0993
23417.4	-35.0986
23428.1	-35.0979
23438.9	-35.0972
23449.7	-35.0966
23460.4	-35.0959
23471.2	-35.0952
23482	-35.0945
23492.7	-35.0936
23503.5	-35.0932
23514.3	-35.0923
23525	-35.0916
23535.8	-35.0909
23546.6	-35.0902
23557.3	-35.0894
23568.1	-35.0887
23578.9	-35.088
23589.6	-35.0872
23600.4	-35.0865
23611.2	-35.0857
23621.9	-35.0849
23632.7	-35.0842
23643.5	-35.0834
23654.2	-35.0826
23665	-35.0818
23675.8	-35.081
23686.5	-35.0802
23697.3	-35.0795
23708.1	-35.0786
23718.8	-35.0778
23729.6	-35.077
23740.4	-35.0761
23751.1	-35.0753
23761.9	-35.0745
23772.7	-35.0736
23783.4	-35.0728
23794.2	-35.0721
23805	-35.0709
23815.7	-35.0702
23826.5	-35.0693
23837.3	-35.0685
23848	-35.0676
23858.8	-35.0667
23869.6	-35.0658
23880.3	-35.0649
23891.1	-35.0639
23901.9	-35.0633
23912.6	-35.0621
23923.4	-35.0613
23934.2	-35.0604
23944.9	-35.0594
23955.7	-35.0585
23966.5	-35.0576
23977.2	-35.0566
23988	-35.0557
23998.8	-35.0548
24009.5	-35.0537
24020.3	-35.0528
24031.1	-35.0518
24041.8	-35.0509
24052.6	-35.0499
24063.4	-35.0489
24074.1	-35.0479
24084.9	-35.0469
24095.7	-35.046
24106.4	-35.0448
24117.2	-35.0439
24128	-35.0429
24138.7	-35.0418
24149.5	-35.0408
24160.3	-35.0398
24171	-35.0387
24181.8	-35.0377
24192.6	-35.0365
24203.3	-35.0357
24214.1	-35.0345
24224.9	-35.0335
24235.6	-35.0324
24246.4	-35.0313
24257.2	-35.0302
24267.9	-35.0291
24278.7	-35.028
24289.5	-35.0269
24300.2	-35.0258
24311	-35.0247
24321.8	-35.0236
24332.5	-35.0225
24343.3	-35.0214
24354.1	-35.0202
24364.8	-35.0191
24375.6	-35.018
24386.4	-35.0168
24397.1	-35.0157
24407.9	-35.0145
24418.7	-35.0133
24429.4	-35.0122
24440.2	-35.011
24451	-35.0098
24461.7	-35.0086
24472.5	-35.0074
24483.3	-35.0062
24494	-35.0051
24504.8	-35.0038
24515.6	-35.0026
24526.3	-35.0014
24537.1	-35.0002
24547.9	-34.999
24558.6	-34.9977
24569.4	-34.9965
24580.2	-34.9952
24590.9	-34.9941
24601.7	-34.9926
24612.5	-34.9915
24623.2	-34.9902
24634	-34.9889
24644.8	-34.9876
24655.5	-34.9864
24666.3	-34.9851
24677.1	-34.9838
24687.8	-34.9825
24698.6	-34.9812
24709.4	-34.9799
24720.1	-34.9786
24730.9	-34.9772
24741.7	-34.9759
24752.4	-34.9746
24763.2	-34.9732
24774	-34.9719
24784.7	-34.9705
24795.5	-34.9692
24806.2	-34.9678
24817	-34.9665
24827.8	-34.9651
24838.5	-34.9637
24849.3	-34.9623
24860.1	-34.961
24870.8	-34.9596
24881.6	-34.9582
24892.4	-34.9569
24903.1	-34.9551
24913.9	-34.954
24924.7	-34.9525
24935.4	-34.9511
24946.2	-34.9497
24957	-34.9482
24967.7	-34.9468
24978.5	-34.9453
24989.3	-34.9439
25000	-34.9424
25010.8	-34.941
25021.6	-34.9395
25032.3	-34.938
25043.1	-34.9365
25053.9	-34.935
25064.6	-34.9336
25075.4	-34.9321
25086.2	-34.9306
25096.9	-34.9289
25107.7	-34.9277
25118.5	-34.926
25129.2	-34.9245
25140	-34.923
25150.8	-34.9214
25161.5	-34.9199
25172.3	-34.9183
25183.1	-34.9168
25193.8	-34.9153
25204.6	-34.9136
25215.4	-34.9121
25226.1	-34.9105
25236.9	-34.9089
25247.7	-34.9074
25258.4	-34.9058
25269.2	-34.9042
25280	-34.9026
25290.7	-34.901
25301.5	-34.8993
25312.3	-34.8978
25323	-34.8961
25333.8	-34.8945
25344.6	-34.8928
25355.3	-34.8912
25366.1	-34.8896
25376.9	-34.8879
25387.6	-34.8862
25398.4	-34.8846
25409.2	-34.8829
25419.9	-34.8812
25430.7	-34.8796
25441.5	-34.8779
25452.2	-34.8762
25463	-34.8745
25473.8	-34.8728
25484.5	-34.8711
25495.3	-34.8693
25506.1	-34.8677
25516.8	-34.8659
25527.6	-34.8642
25538.4	-34.8625
25549.1	-34.8607
25559.9	-34.859
25570.7	-34.8572
25581.4	-34.8555
25592.2	-34.8537
25603	-34.8519
25613.7	-34.8501
25624.5	-34.8484
25635.3	-34.8466
25646	-34.8448
25656.8	-34.843
25667.6	-34.8412
25678.3	-34.8394
25689.1	-34.8376
25699.9	-34.8357
25710.6	-34.8339
25721.4	-34.8321
25732.2	-34.8302
25742.9	-34.8284
25753.7	-34.8265
25764.5	-34.8247
25775.2	-34.8228
25786	-34.821
25796.8	-34.819
25807.5	-34.8173
25818.3	-34.8153
25829.1	-34.8135
25839.8	-34.8116
25850.6	-34.8097
25861.4	-34.8078
25872.1	-34.8058
25882.9	-34.8039
25893.7	-34.8021
25904.4	-34.7999
25915.2	-34.7982
25926	-34.7962
25936.7	-34.7943
25947.5	-34.7923
25958.3	-34.7903
25969	-34.7884
25979.8	-34.7864
25990.6	-34.7845
26001.3	-34.7824
26012.1	-34.7805
26022.9	-34.7785
26033.6	-34.7765
26044.4	-34.7745
26055.2	-34.7725
26065.9	-34.7705
26076.7	-34.7684
26087.5	-34.7664
26098.2	-34.7644
26109	-34.7623
26119.8	-34.7603
26130.5	-34.7583
26141.3	-34.7562
26152.1	-34.7541
26162.8	-34.7521
26173.6	-34.75
26184.4	-34.7479
26195.1	-34.7458
26205.9	-34.7438
26216.7	-34.7417
26227.4	-34.7396
26238.2	-34.7375
26249	-34.7353
26259.7	-34.7332
26270.5	-34.7311
26281.3	-34.729
26292	-34.7268
26302.8	-34.7247
26313.6	-34.7226
26324.3	-34.7204
26335.1	-34.7182
26345.9	-34.7161
26356.6	-34.7139
26367.4	-34.7117
26378.2	-34.7095
26388.9	-34.7074
26399.7	-34.7051
26410.5	-34.703
26421.2	-34.7008
26432	-34.6986
26442.8	-34.6963
26453.5	-34.6941
26464.3	-34.6919
26475.1	-34.6897
26485.8	-34.6874
26496.6	-34.6852
26507.4	-34.6829
26518.1	-34.6807
26528.9	-34.6784
26539.7	-34.6761
26550.4	-34.6738
26561.2	-34.6716
26572	-34.6693
26582.7	-34.667
26593.5	-34.6646
26604.3	-34.6625
26615	-34.6601
26625.8	-34.6578
26636.6	-34.6554
26647.3	-34.6531
26658.1	-34.6508
26668.9	-34.6484
26679.6	-34.6461
26690.4	-34.6437
26701.2	-34.6414
26711.9	-34.639
26722.7	-34.6366
26733.5	-34.6343
26744.2	-34.6319
26755	-34.6295
26765.8	-34.6271
26776.5	-34.6247
26787.3	-34.6223
26798.1	-34.62
26808.8	-34.6174
26819.6	-34.6151
26830.4	-34.6126
26841.1	-34.6102
26851.9	-34.6077
26862.7	-34.6053
26873.4	-34.6028
26884.2	-34.6004
26895	-34.5979
26905.7	-34.5955
26916.5	-34.593
26927.3	-34.5905
26938	-34.588
26948.8	-34.5855
26959.6	-34.583
26970.3	-34.5805
26981.1	-34.578
26991.9	-34.5754
27002.6	-34.5731
27013.4	-34.5704
27024.2	-34.5679
27034.9	-34.5653
27045.7	-34.5628
27056.5	-34.5602
27067.2	-34.5577
27078	-34.5551
27088.8	-34.5525
27099.5	-34.5499
27110.3	-34.5474
27121.1	-34.5448
27131.8	-34.5422
27142.6	-34.5396
27153.4	-34.537
27164.1	-34.5344
27174.9	-34.5317
27185.7	-34.5291
27196.4	-34.5265
27207.2	-34.5238
27218	-34.5212
27228.7	-34.5185
27239.5	-34.5159
27250.3	-34.5132
27261	-34.5105
27271.8	-34.5079
27282.6	-34.5052
27293.3	-34.5024
27304.1	-34.5
27314.9	-34.4971
27325.6	-34.4944
27336.4	-34.4917
27347.2	-34.489
27357.9	-34.4862
27368.7	-34.4835
27379.5	-34.4808
27390.2	-34.478
27401	-34.4753
27411.8	-34.4725
27422.5	-34.4697
27433.3	-34.467
27444.1	-34.4642
27454.8	-34.4614
27465.6	-34.4586
27476.4	-34.4558
27487.1	-34.453
27497.9	-34.4502
27508.7	-34.4474
27519.4	-34.4446
27530.2	-34.4418
27541	-34.439
27551.7	-34.4361
27562.5	-34.4333
27573.3	-34.4304
27584	-34.4276
27594.8	-34.4247
27605.6	-34.4218
27616.3	-34.419
27627.1	-34.4161
27637.9	-34.4132
27648.6	-34.4103
27659.4	-34.4074
27670.2	-34.4045
27680.9	-34.4016
27691.7	-34.3987
27702.5	-34.3958
27713.2	-34.3928
27724	-34.3899
27734.8	-34.3869
27745.5	-34.384
27756.3	-34.381
27767.1	-34.3781
27777.8	-34.3751
27788.6	-34.3721
27799.4	-34.3691
27810.1	-34.3662
27820.9	-34.3632
27831.7	-34.3602
27842.4	-34.3572
27853.2	-34.3541
27864	-34.3511
27874.7	-34.3481
27885.5	-34.3451
27896.3	-34.3419
27907	-34.3391
27917.8	-34.3359
27928.6	-34.3329
27939.3	-34.3298
27950.1	-34.3267
27960.9	-34.3237
27971.6	-34.3206
27982.4	-34.3175
27993.2	-34.3144
28003.9	-34.3113
28014.7	-34.3082
28025.5	-34.3051
28036.2	-34.3019
28047	-34.2988
28057.8	-34.2957
28068.5	-34.2925
28079.3	-34.2894
28090.1	-34.2862
28100.8	-34.2831
28111.6	-34.2799
28122.4	-34.2767
28133.1	-34.2736
28143.9	-34.2704
28154.7	-34.2672
28165.4	-34.264
28176.2	-34.2608
28187	-34.2576
28197.7	-34.2543
28208.5	-34.2512
28219.3	-34.2479
28230	-34.2447
28240.8	-34.2414
28251.6	-34.2382
28262.3	-34.2349
28273.1	-34.2316
28283.9	-34.2284
28294.6	-34.2251
28305.4	-34.2218
28316.2	-34.2185
28326.9	-34.2152
28337.7	-34.2119
28348.5	-34.2086
28359.2	-34.2053
28370	-34.202
28380.8	-34.1986
28391.5	-34.1954
28402.3	-34.1918
28413.1	-34.1887
28423.8	-34.1853
28434.6	-34.1819
28445.4	-34.1785
28456.1	-34.1752
28466.9	-34.1718
28477.7	-34.1684
28488.4	-34.165
28499.2	-34.1616
28510	-34.1582
28520.7	-34.1548
28531.5	-34.1513
28542.3	-34.1479
28553	-34.1445
28563.8	-34.141
28574.6	-34.1376
28585.3	-34.1341
28596.1	-34.1305
28606.9	-34.1273
28617.6	-34.1237
28628.4	-34.1202
28639.2	-34.1167
28649.9	-34.1132
28660.7	-34.1097
28671.5	-34.1062
28682.2	-34.1027
28693	-34.0991
28703.8	-34.0957
28714.5	-34.0921
28725.3	-34.0886
28736.1	-34.085
28746.8	-34.0815
28757.6	-34.0779
28768.4	-34.0743
28779.1	-34.0708
28789.9	-34.0672
28800.7	-34.0637
28811.4	-34.06
28822.2	-34.0564
28833	-34.0528
28843.7	-34.0492
28854.5	-34.0455
28865.3	-34.0419
28876	-34.0383
28886.8	-34.0346
28897.6	-34.0309
28908.3	-34.0273
28919.1	-34.0236
28929.9	-34.02
28940.6	-34.0163
28951.4	-34.0126
28962.2	-34.0089
28972.9	-34.0052
28983.7	-34.0015
28994.5	-33.998
29005.2	-33.9938
29016	-33.9904
29026.8	-33.9866
29037.5	-33.9829
29048.3	-33.9791
29059.1	-33.9754
29069.8	-33.9716
29080.6	-33.9678
29091.4	-33.9641
29102.1	-33.9601
29112.9	-33.9565
29123.7	-33.9527
29134.4	-33.9489
29145.2	-33.9451
29156	-33.9412
29166.7	-33.9374
29177.5	-33.9336
29188.3	-33.9297
29199	-33.9259
29209.8	-33.922
29220.6	-33.9182
29231.3	-33.9143
29242.1	-33.9104
29252.9	-33.9065
29263.6	-33.9027
29274.4	-33.8988
29285.2	-33.8949
29295.9	-33.891
29306.7	-33.887
29317.5	-33.8831
29328.2	-33.8792
29339	-33.8752
29349.8	-33.8713
29360.5	-33.8673
29371.3	-33.8634
29382.1	-33.8594
29392.8	-33.8554
29403.6	-33.8515
29414.4	-33.8475
29425.1	-33.8435
29435.9	-33.8395
29446.7	-33.8355
29457.4	-33.8314
29468.2	-33.8274
29479	-33.8234
29489.7	-33.8194
29500.5	-33.8152
29511.3	-33.8113
29522	-33.8072
29532.8	-33.8031
29543.6	-33.799
29554.3	-33.7949
29565.1	-33.7909
29575.9	-33.7868
29586.6	-33.7827
29597.4	-33.7785
29608.2	-33.7744
29618.9	-33.7703
29629.7	-33.7662
29640.5	-33.762
29651.2	-33.7579
29662	-33.7537
29672.8	-33.7495
29683.5	-33.7454
29694.3	-33.7412
29705.1	-33.737
29715.8	-33.7328
29726.6	-33.7286
29737.4	-33.7244
29748.1	-33.7202
29758.9	-33.716
29769.7	-33.7117
29780.4	-33.7075
29791.2	-33.7033
29802	-33.6989
29812.7	-33.6948
29823.5	-33.6905
29834.3	-33.6862
29845	-33.6819
29855.8	-33.6776
29866.6	-33.6733
29877.3	-33.669
29888.1	-33.6647
29898.9	-33.6604
29909.6	-33.6561
29920.4	-33.6517
29931.2	-33.6474
29941.9	-33.643
29952.7	-33.6387
29963.5	-33.6343
29974.2	-33.63
29985	-33.6256
29995.8	-33.6213
30006.5	-33.6167
30017.3	-33.6124
30028.1	-33.608
30038.8	-33.6036
30049.6	-33.5991
30060.4	-33.5947
30071.1	-33.5903
30081.9	-33.5858
30092.7	-33.5814
30103.4	-33.5768
30114.2	-33.5724
30125	-33.5679
30135.7	-33.5634
30146.5	-33.559
30157.3	-33.5545
30168	-33.5499
30178.8	-33.5454
30189.6	-33.5408
30200.3	-33.5365
30211.1	-33.5318
30221.9	-33.5273
30232.6	-33.5227
30243.4	-33.5182
30254.2	-33.5136
30264.9	-33.509
30275.7	-33.5044
30286.5	-33.4998
30297.2	-33.4952
30308	-33.4906
30318.8	-33.486
30329.5	-33.4814
30340.3	-33.4767
30351	-33.4721
30361.8	-33.4674
30372.6	-33.4628
30383.3	-33.4581
30394.1	-33.4534
30404.9	-33.4488
30415.6	-33.4441
30426.4	-33.4394
30437.2	-33.4347
30447.9	-33.4299
30458.7	-33.4252
30469.5	-33.4205
30480.2	-33.4158
30491	-33.411
30501.8	-33.4062
30512.5	-33.4015
30523.3	-33.3967
30534.1	-33.3919
30544.8	-33.3872
30555.6	-33.3824
30566.4	-33.3776
30577.1	-33.3728
30587.9	-33.3679
30598.7	-33.3631
30609.4	-33.3583
30620.2	-33.3534
30631	-33.3486
30641.7	-33.3437
30652.5	-33.3389
30663.3	-33.334
30674	-33.3291
30684.8	-33.3242
30695.6	-33.3193
30706.3	-33.3144
30717.1	-33.3095
30727.9	-33.3046
30738.6	-33.2996
30749.4	-33.2947
30760.2	-33.2897
30770.9	-33.2848
30781.7	-33.2798
30792.5	-33.2749
30803.2	-33.2699
30814	-33.2649
30824.8	-33.2599
30835.5	-33.2549
30846.3	-33.2499
30857.1	-33.2448
30867.8	-33.2398
30878.6	-33.2348
30889.4	-33.2298
30900.1	-33.2246
30910.9	-33.2196
30921.7	-33.2145
30932.4	-33.2094
30943.2	-33.2044
30954	-33.1993
30964.7	-33.1942
30975.5	-33.189
30986.3	-33.1839
30997	-33.1788
31007.8	-33.1736
31018.6	-33.1685
31029.3	-33.1633
31040.1	-33.1582
31050.9	-33.153
31061.6	-33.1478
31072.4	-33.1426
31083.2	-33.1374
31093.9	-33.1322
31104.7	-33.127
31115.5	-33.1218
31126.2	-33.1165
31137	-33.1113
31147.8	-33.106
31158.5	-33.1008
31169.3	-33.0955
31180.1	-33.0902
31190.8	-33.0849
31201.6	-33.0798
31212.4	-33.0743
31223.1	-33.069
31233.9	-33.0637
31244.7	-33.0584
31255.4	-33.0531
31266.2	-33.0477
31277	-33.0424
31287.7	-33.037
31298.5	-33.0316
31309.3	-33.0262
31320	-33.0208
31330.8	-33.0154
31341.6	-33.01
31352.3	-33.0046
31363.1	-32.9992
31373.9	-32.9938
31384.6	-32.9883
31395.4	-32.9828
31406.2	-32.9774
31416.9	-32.9719
31427.7	-32.9665
31438.5	-32.961
31449.2	-32.9555
31460	-32.95
31470.8	-32.9445
31481.5	-32.9389
31492.3	-32.9333
31503.1	-32.9279
31513.8	-32.9223
31524.6	-32.9167
31535.4	-32.9112
31546.1	-32.9056
31556.9	-32.9
31567.7	-32.8944
31578.4	-32.8888
31589.2	-32.8832
31600	-32.8775
31610.7	-32.872
31621.5	-32.8663
31632.3	-32.8607
31643	-32.855
31653.8	-32.8493
31664.6	-32.8436
31675.3	-32.838
31686.1	-32.8323
31696.9	-32.8266
31707.6	-32.8208
31718.4	-32.8151
31729.2	-32.8094
31739.9	-32.8036
31750.7	-32.7979
31761.5	-32.7921
31772.2	-32.7864
31783	-32.7806
31793.8	-32.7749
31804.5	-32.7689
31815.3	-32.7632
31826.1	-32.7574
31836.8	-32.7515
31847.6	-32.7457
31858.4	-32.7399
31869.1	-32.734
31879.9	-32.7281
31890.7	-32.7223
31901.4	-32.7164
31912.2	-32.7105
31923	-32.7046
31933.7	-32.6987
31944.5	-32.6928
31955.3	-32.6868
31966	-32.6809
31976.8	-32.6749
31987.6	-32.669
31998.3	-32.663
32009.1	-32.657
32019.9	-32.651
32030.6	-32.6451
32041.4	-32.639
32052.2	-32.633
32062.9	-32.627
32073.7	-32.621
32084.5	-32.6149
32095.2	-32.6089
32106	-32.6028
32116.8	-32.5967
32127.5	-32.5906
32138.3	-32.5845
32149.1	-32.5784
32159.8	-32.5723
32170.6	-32.5662
32181.4	-32.5601
32192.1	-32.5539
32202.9	-32.5478
32213.7	-32.5416
32224.4	-32.5354
32235.2	-32.5292
32246	-32.5231
32256.7	-32.5169
32267.5	-32.5106
32278.3	-32.5044
32289	-32.4982
32299.8	-32.4919
32310.6	-32.4857
32321.3	-32.4794
32332.1	-32.4731
32342.9	-32.4669
32353.6	-32.4606
32364.4	-32.4543
32375.2	-32.448
32385.9	-32.4416
32396.7	-32.4353
32407.5	-32.429
32418.2	-32.4226
32429	-32.4162
32439.8	-32.4099
32450.5	-32.4035
32461.3	-32.3971
32472.1	-32.3907
32482.8	-32.3843
32493.6	-32.3779
32504.4	-32.3713
32515.1	-32.365
32525.9	-32.3585
32536.7	-32.352
32547.4	-32.3455
32558.2	-32.3391
32569	-32.3326
32579.7	-32.3261
32590.5	-32.3195
32601.3	-32.313
32612	-32.3065
32622.8	-32.2999
32633.6	-32.2934
32644.3	-32.2868
32655.1	-32.2802
32665.9	-32.2736
32676.6	-32.267
32687.4	-32.2604
32698.2	-32.2538
32708.9	-32.2471
32719.7	-32.2405
32730.5	-32.2338
32741.2	-32.2272
32752	-32.2205
32762.8	-32.2138
32773.5	-32.2071
32784.3	-32.2004
32795.1	-32.1937
32805.8	-32.1869
32816.6	-32.1802
32827.4	-32.1734
32838.1	-32.1667
32848.9	-32.1599
32859.7	-32.1531
32870.4	-32.1463
32881.2	-32.1395
32892	-32.1326
32902.7	-32.1261
32913.5	-32.119
32924.3	-32.1122
32935	-32.1053
32945.8	-32.0984
32956.6	-32.0916
32967.3	-32.0847
32978.1	-32.0777
32988.9	-32.0709
32999.6	-32.0638
33010.4	-32.057
33021.2	-32.05
33031.9	-32.043
33042.7	-32.0361
33053.5	-32.0291
33064.2	-32.0221
33075	-32.0151
33085.8	-32.0081
33096.5	-32.001
33107.3	-31.994
33118.1	-31.9869
33128.8	-31.9799
33139.6	-31.9728
33150.4	-31.9657
33161.1	-31.9586
33171.9	-31.9515
33182.7	-31.9444
33193.4	-31.9373
33204.2	-31.9301
33215	-31.923
33225.7	-31.9158
33236.5	-31.9086
33247.3	-31.9014
33258	-31.8942
33268.8	-31.887
33279.6	-31.8798
33290.3	-31.8726
33301.1	-31.8653
33311.9	-31.8581
33322.6	-31.8508
33333.4	-31.8435
33344.2	-31.8362
33354.9	-31.8289
33365.7	-31.8216
33376.5	-31.8142
33387.2	-31.8069
33398	-31.7995
33408.8	-31.7922
33419.5	-31.7848
33430.3	-31.7774
33441.1	-31.77
33451.8	-31.7626
33462.6	-31.7552
33473.4	-31.7477
33484.1	-31.7403
33494.9	-31.7328
33505.7	-31.7254
33516.4	-31.7178
33527.2	-31.7104
33538	-31.7028
33548.7	-31.6953
33559.5	-31.6878
33570.3	-31.6802
33581	-31.6727
33591.8	-31.665
33602.6	-31.6577
33613.3	-31.6499
33624.1	-31.6423
33634.9	-31.6347
33645.6	-31.6271
33656.4	-31.6194
33667.2	-31.6118
33677.9	-31.6041
33688.7	-31.5964
33699.5	-31.5886
33710.2	-31.581
33721	-31.5733
33731.8	-31.5656
33742.5	-31.5578
33753.3	-31.55
33764.1	-31.5423
33774.8	-31.5345
33785.6	-31.5267
33796.4	-31.519
33807.1	-31.511
33817.9	-31.5032
33828.7	-31.4954
33839.4	-31.4875
33850.2	-31.4796
33861	-31.4718
33871.7	-31.4639
33882.5	-31.456
33893.3	-31.448
33904	-31.4401
33914.8	-31.4321
33925.6	-31.4242
33936.3	-31.4162
33947.1	-31.4082
33957.9	-31.4002
33968.6	-31.3922
33979.4	-31.3842
33990.2	-31.3762
34000.9	-31.368
34011.7	-31.36
34022.5	-31.3519
34033.2	-31.3438
34044	-31.3357
34054.8	-31.3276
34065.5	-31.3194
34076.3	-31.3113
34087.1	-31.3031
34097.8	-31.295
34108.6	-31.2868
34119.4	-31.2786
34130.1	-31.2703
34140.9	-31.2621
34151.7	-31.2539
34162.4	-31.2456
34173.2	-31.2373
34184	-31.2291
34194.7	-31.2208
34205.5	-31.2124
34216.3	-31.2041
34227	-31.1958
34237.8	-31.1874
34248.6	-31.1791
34259.3	-31.1707
34270.1	-31.1623
34280.9	-31.1539
34291.6	-31.1455
34302.4	-31.137
34313.2	-31.1286
34323.9	-31.1201
34334.7	-31.1116
34345.5	-31.1031
34356.2	-31.0946
34367	-31.0861
34377.8	-31.0776
34388.5	-31.069
34399.3	-31.0604
34410.1	-31.0519
34420.8	-31.0433
34431.6	-31.0347
34442.4	-31.0261
34453.1	-31.0174
34463.9	-31.0088
34474.7	-31.0001
34485.4	-30.9914
34496.2	-30.9827
34507	-30.974
34517.7	-30.9653
34528.5	-30.9566
34539.3	-30.9478
34550	-30.939
34560.8	-30.9303
34571.6	-30.9215
34582.3	-30.9126
34593.1	-30.9038
34603.9	-30.895
34614.6	-30.8861
34625.4	-30.8773
34636.2	-30.8684
34646.9	-30.8595
34657.7	-30.8505
34668.5	-30.8416
34679.2	-30.8327
34690	-30.8236
34700.8	-30.8149
34711.5	-30.8057
34722.3	-30.7967
34733.1	-30.7877
34743.8	-30.7787
34754.6	-30.7696
34765.4	-30.7606
34776.1	-30.7515
34786.9	-30.7424
34797.7	-30.7333
34808.4	-30.7241
34819.2	-30.715
34830	-30.7058
34840.7	-30.6966
34851.5	-30.6875
34862.3	-30.6782
34873	-30.669
34883.8	-30.6598
34894.6	-30.6505
34905.3	-30.6413
34916.1	-30.632
34926.9	-30.6227
34937.6	-30.6133
34948.4	-30.604
34959.2	-30.5947
34969.9	-30.5853
34980.7	-30.5759
34991.5	-30.5665
35002.2	-30.5572
35013	-30.5476
35023.8	-30.5382
35034.5	-30.5287
35045.3	-30.5193
35056.1	-30.5098
35066.8	-30.5003
35077.6	-30.4907
35088.4	-30.4812
35099.1	-30.4716
35109.9	-30.462
35120.7	-30.4524
35131.4	-30.4428
35142.2	-30.4332
35153	-30.4236
35163.7	-30.4139
35174.5	-30.4042
35185.3	-30.3945
35196	-30.3848
35206.8	-30.3751
35217.6	-30.3653
35228.3	-30.3556
35239.1	-30.3458
35249.9	-30.336
35260.6	-30.3262
35271.4	-30.3163
35282.2	-30.3065
35292.9	-30.2965
35303.7	-30.2868
35314.5	-30.2768
35325.2	-30.2669
35336	-30.257
35346.8	-30.247
35357.5	-30.237
35368.3	-30.2271
35379.1	-30.2171
35389.8	-30.207
35400.6	-30.1971
35411.4	-30.1869
35422.1	-30.1768
35432.9	-30.1668
35443.7	-30.1566
35454.4	-30.1465
35465.2	-30.1364
35476	-30.1262
35486.7	-30.116
35497.5	-30.1058
35508.3	-30.0956
35519	-30.0853
35529.8	-30.0751
35540.6	-30.0648
35551.3	-30.0545
35562.1	-30.0442
35572.9	-30.0339
35583.6	-30.0235
35594.4	-30.0131
35605.2	-30.0028
35615.9	-29.9923
35626.7	-29.9819
35637.5	-29.9715
35648.2	-29.961
35659	-29.9505
35669.8	-29.94
35680.5	-29.9295
35691.3	-29.919
35702.1	-29.9083
35712.8	-29.8979
35723.6	-29.8873
35734.4	-29.8766
35745.1	-29.866
35755.9	-29.8554
35766.7	-29.8447
35777.4	-29.834
35788.2	-29.8233
35799	-29.8126
35809.7	-29.8018
35820.5	-29.791
35831.2	-29.7802
35842	-29.7694
35852.8	-29.7586
35863.5	-29.7478
35874.3	-29.7369
35885.1	-29.726
35895.8	-29.7151
35906.6	-29.7042
35917.4	-29.6932
35928.1	-29.6823
35938.9	-29.6713
35949.7	-29.6603
35960.4	-29.6492
35971.2	-29.6382
35982	-29.6271
35992.7	-29.616
36003.5	-29.605
36014.3	-29.5938
36025	-29.5826
36035.8	-29.5714
36046.6	-29.5603
36057.3	-29.549
36068.1	-29.5378
36078.9	-29.5265
36089.6	-29.5153
36100.4	-29.504
36111.2	-29.4926
36121.9	-29.4813
36132.7	-29.47
36143.5	-29.4586
36154.2	-29.4472
36165	-29.4357
36175.8	-29.4243
36186.5	-29.4128
36197.3	-29.4013
36208.1	-29.3898
36218.8	-29.3783
36229.6	-29.3667
36240.4	-29.3551
36251.1	-29.3435
36261.9	-29.3319
36272.7	-29.3203
36283.4	-29.3086
36294.2	-29.2968
36305	-29.2853
36315.7	-29.2735
36326.5	-29.2617
36337.3	-29.25
36348	-29.2382
36358.8	-29.2263
36369.6	-29.2145
36380.3	-29.2026
36391.1	-29.1907
36401.9	-29.1788
36412.6	-29.1669
36423.4	-29.1549
36434.2	-29.1429
36444.9	-29.1309
36455.7	-29.1189
36466.5	-29.1068
36477.2	-29.0948
36488	-29.0827
36498.8	-29.0705
36509.5	-29.0584
36520.3	-29.0462
36531.1	-29.034
36541.8	-29.0218
36552.6	-29.0096
36563.4	-28.9973
36574.1	-28.985
36584.9	-28.9727
36595.7	-28.9604
36606.4	-28.948
36617.2	-28.9356
36628	-28.9232
36638.7	-28.9108
36649.5	-28.8983
36660.3	-28.8858
36671	-28.8733
36681.8	-28.8608
36692.6	-28.8482
36703.3	-28.8357
36714.1	-28.8231
36724.9	-28.8104
36735.6	-28.7978
36746.4	-28.7851
36757.2	-28.7724
36767.9	-28.7596
36778.7	-28.7469
36789.5	-28.734
36800.2	-28.7214
36811	-28.7084
36821.8	-28.6956
36832.5	-28.6827
36843.3	-28.6698
36854.1	-28.6568
36864.8	-28.6439
36875.6	-28.6309
36886.4	-28.6179
36897.1	-28.6048
36907.9	-28.5917
36918.7	-28.5786
36929.4	-28.5655
36940.2	-28.5524
36951	-28.5392
36961.7	-28.526
36972.5	-28.5128
36983.3	-28.4995
36994	-28.4863
37004.8	-28.4728
37015.6	-28.4596
37026.3	-28.4462
37037.1	-28.4328
37047.9	-28.4194
37058.6	-28.4059
37069.4	-28.3924
37080.2	-28.3789
37090.9	-28.3653
37101.7	-28.3519
37112.5	-28.3382
37123.2	-28.3246
37134	-28.311
37144.8	-28.2973
37155.5	-28.2836
37166.3	-28.2698
37177.1	-28.2561
37187.8	-28.2423
37198.6	-28.2285
37209.4	-28.2146
37220.1	-28.2007
37230.9	-28.1868
37241.7	-28.1729
37252.4	-28.1589
37263.2	-28.1449
37274	-28.1309
37284.7	-28.1168
37295.5	-28.1027
37306.3	-28.0886
37317	-28.0745
37327.8	-28.0603
37338.6	-28.0461
37349.3	-28.0318
37360.1	-28.0176
37370.9	-28.0033
37381.6	-27.9889
37392.4	-27.9746
37403.2	-27.9602
37413.9	-27.9458
37424.7	-27.9313
37435.5	-27.9168
37446.2	-27.9023
37457	-27.8877
37467.8	-27.8732
37478.5	-27.8585
37489.3	-27.8439
37500.1	-27.8292
37510.8	-27.8145
37521.6	-27.7998
37532.4	-27.785
37543.1	-27.7702
37553.9	-27.7553
37564.7	-27.7405
37575.4	-27.7256
37586.2	-27.7106
37597	-27.6956
37607.7	-27.6806
37618.5	-27.6656
37629.3	-27.6505
37640	-27.6354
37650.8	-27.6203
37661.6	-27.6051
37672.3	-27.5899
37683.1	-27.5747
37693.9	-27.5594
37704.6	-27.5441
37715.4	-27.5287
37726.2	-27.5133
37736.9	-27.4979
37747.7	-27.4825
37758.5	-27.467
37769.2	-27.4515
37780	-27.4359
37790.8	-27.4203
37801.5	-27.4046
37812.3	-27.389
37823.1	-27.3733
37833.8	-27.3576
37844.6	-27.3418
37855.4	-27.326
37866.1	-27.3101
37876.9	-27.2943
37887.7	-27.2783
37898.4	-27.2624
37909.2	-27.2464
37920	-27.2304
37930.7	-27.2143
37941.5	-27.1982
37952.3	-27.182
37963	-27.1659
37973.8	-27.1496
37984.6	-27.1334
37995.3	-27.1171
38006.1	-27.1008
38016.9	-27.0844
38027.6	-27.068
38038.4	-27.0515
38049.2	-27.035
38059.9	-27.0185
38070.7	-27.0019
38081.5	-26.9853
38092.2	-26.9687
38103	-26.952
38113.8	-26.9352
38124.5	-26.9185
38135.3	-26.9017
38146.1	-26.8848
38156.8	-26.8679
38167.6	-26.851
38178.4	-26.834
38189.1	-26.817
38199.9	-26.7999
38210.7	-26.7829
38221.4	-26.7657
38232.2	-26.7485
38243	-26.7313
38253.7	-26.714
38264.5	-26.6967
38275.3	-26.6794
38286	-26.662
38296.8	-26.6445
38307.6	-26.627
38318.3	-26.6095
38329.1	-26.5919
38339.9	-26.5743
38350.6	-26.5567
38361.4	-26.539
38372.2	-26.5212
38382.9	-26.5034
38393.7	-26.4856
38404.5	-26.4677
38415.2	-26.4498
38426	-26.4318
38436.8	-26.4138
38447.5	-26.3957
38458.3	-26.3776
38469.1	-26.3595
38479.8	-26.3412
38490.6	-26.323
38501.4	-26.3048
38512.1	-26.2863
38522.9	-26.268
38533.7	-26.2495
38544.4	-26.231
38555.2	-26.2125
38566	-26.1939
38576.7	-26.1753
38587.5	-26.1566
38598.3	-26.1379
38609	-26.1191
38619.8	-26.1002
38630.6	-26.0814
38641.3	-26.0624
38652.1	-26.0435
38662.9	-26.0244
38673.6	-26.0053
38684.4	-25.9862
38695.2	-25.9671
38705.9	-25.9477
38716.7	-25.9285
38727.5	-25.9092
38738.2	-25.8898
38749	-25.8703
38759.8	-25.8508
38770.5	-25.8313
38781.3	-25.8117
38792.1	-25.792
38802.8	-25.7723
38813.6	-25.7526
38824.4	-25.7327
38835.1	-25.7129
38845.9	-25.6929
38856.7	-25.673
38867.4	-25.6529
38878.2	-25.6328
38889	-25.6127
38899.7	-25.5925
38910.5	-25.5722
38921.3	-25.5519
38932	-25.5315
38942.8	-25.5111
38953.6	-25.4906
38964.3	-25.4701
38975.1	-25.4495
38985.9	-25.4288
38996.6	-25.4081
39007.4	-25.3873
39018.2	-25.3664
39028.9	-25.3455
39039.7	-25.3246
39050.5	-25.3036
39061.2	-25.2825
39072	-25.2613
39082.8	-25.2401
39093.5	-25.2189
39104.3	-25.1975
39115.1	-25.1762
39125.8	-25.1547
39136.6	-25.1332
39147.4	-25.1116
39158.1	-25.09
39168.9	-25.0683
39179.7	-25.0465
39190.4	-25.0246
39201.2	-25.0028
39212	-24.9808
39222.7	-24.9588
39233.5	-24.9367
39244.3	-24.9145
39255	-24.8923
39265.8	-24.87
39276.6	-24.8476
39287.3	-24.8252
39298.1	-24.8027
39308.9	-24.7801
39319.6	-24.7575
39330.4	-24.7348
39341.2	-24.712
39351.9	-24.6892
39362.7	-24.6662
39373.5	-24.6433
39384.2	-24.6202
39395	-24.5971
39405.8	-24.5739
39416.5	-24.5506
39427.3	-24.5273
39438.1	-24.5038
39448.8	-24.4803
39459.6	-24.4568
39470.4	-24.4331
39481.1	-24.4094
39491.9	-24.3856
39502.7	-24.3618
39513.4	-24.3378
39524.2	-24.3138
39535	-24.2897
39545.7	-24.2655
39556.5	-24.2413
39567.3	-24.2169
39578	-24.1925
39588.8	-24.168
39599.6	-24.1434
39610.3	-24.1188
39621.1	-24.0941
39631.9	-24.0692
39642.6	-24.0443
39653.4	-24.0194
39664.2	-23.9943
39674.9	-23.9692
39685.7	-23.9439
39696.5	-23.9186
39707.2	-23.8932
39718	-23.8677
39728.8	-23.8422
39739.5	-23.8165
39750.3	-23.7908
39761.1	-23.7649
39771.8	-23.739
39782.6	-23.713
39793.4	-23.687
39804.1	-23.6607
39814.9	-23.6345
39825.7	-23.6081
39836.4	-23.5816
39847.2	-23.5551
39858	-23.5284
39868.7	-23.5017
39879.5	-23.4749
39890.3	-23.4479
39901	-23.421
39911.8	-23.3938
39922.6	-23.3666
39933.3	-23.3393
39944.1	-23.3119
39954.9	-23.2844
39965.6	-23.2568
39976.4	-23.2291
39987.2	-23.2013
39997.9	-23.1734
40008.7	-23.1454
40019.5	-23.1173
40030.2	-23.0891
40041	-23.0608
40051.8	-23.0323
40062.5	-23.0038
40073.3	-22.9752
40084.1	-22.9465
40094.8	-22.9176
40105.6	-22.8887
40116.4	-22.8596
40127.1	-22.8305
40137.9	-22.8012
40148.7	-22.7718
40159.4	-22.7423
40170.2	-22.7127
40181	-22.683
40191.7	-22.6531
40202.5	-22.6232
40213.3	-22.5931
40224	-22.563
40234.8	-22.5327
40245.6	-22.5022
40256.3	-22.4717
40267.1	-22.4411
40277.9	-22.4103
40288.6	-22.3794
40299.4	-22.3484
40310.2	-22.3172
40320.9	-22.286
40331.7	-22.2546
40342.5	-22.2231
40353.2	-22.1914
40364	-22.1597
40374.8	-22.1278
40385.5	-22.0958
40396.3	-22.0636
40407.1	-22.0313
40417.8	-21.9989
40428.6	-21.9664
40439.4	-21.9337
40450.1	-21.9009
40460.9	-21.8679
40471.7	-21.8348
40482.4	-21.8016
40493.2	-21.7682
40504	-21.7347
40514.7	-21.7011
40525.5	-21.6673
40536.3	-21.6333
40547	-21.5993
40557.8	-21.565
40568.6	-21.5307
40579.3	-21.4962
40590.1	-21.4615
40600.9	-21.4266
40611.6	-21.3917
40622.4	-21.3566
40633.2	-21.3213
40643.9	-21.2859
40654.7	-21.2503
40665.5	-21.2145
40676.2	-21.1786
40687	-21.1426
40697.8	-21.1063
40708.5	-21.07
40719.3	-21.0334
40730.1	-20.9967
40740.8	-20.9598
40751.6	-20.9228
40762.4	-20.8856
40773.1	-20.8482
40783.9	-20.8106
40794.7	-20.7729
40805.4	-20.7349
40816.2	-20.6969
40827	-20.6586
40837.7	-20.6202
40848.5	-20.5816
40859.3	-20.5427
40870	-20.5038
40880.8	-20.4646
40891.6	-20.4252
40902.3	-20.3857
40913.1	-20.3459
40923.9	-20.306
40934.6	-20.2659
40945.4	-20.2256
40956.2	-20.1851
40966.9	-20.1443
40977.7	-20.1034
40988.5	-20.0623
40999.2	-20.021
41010	-19.9795
41020.8	-19.9377
41031.5	-19.8958
41042.3	-19.8536
41053.1	-19.8113
41063.8	-19.7687
41074.6	-19.7259
41085.4	-19.6829
41096.1	-19.6397
41106.9	-19.5962
41117.7	-19.5525
41128.4	-19.5086
41139.2	-19.4645
41150	-19.4201
41160.7	-19.3755
41171.5	-19.3307
41182.3	-19.2856
41193	-19.2402
41203.8	-19.1947
41214.6	-19.1489
41225.3	-19.1029
41236.1	-19.0566
41246.9	-19.01
41257.6	-18.9632
41268.4	-18.9162
41279.2	-18.8689
41289.9	-18.8213
41300.7	-18.7734
41311.5	-18.7253
41322.2	-18.677
41333	-18.6283
41343.8	-18.5794
41354.5	-18.5302
41365.3	-18.4807
41376	-18.431
41386.8	-18.3809
41397.6	-18.3306
41408.3	-18.28
41419.1	-18.2291
41429.9	-18.1778
41440.6	-18.1263
41451.4	-18.0745
41462.2	-18.0224
41472.9	-17.97
41483.7	-17.9172
41494.5	-17.8642
41505.2	-17.8108
41516	-17.7571
41526.8	-17.7031
41537.5	-17.6487
41548.3	-17.594
41559.1	-17.539
41569.8	-17.4837
41580.6	-17.4279
41591.4	-17.3719
41602.1	-17.3155
41612.9	-17.2587
41623.7	-17.2016
41634.4	-17.1441
41645.2	-17.0863
41656	-17.0281
41666.7	-16.9695
41677.5	-16.9105
41688.3	-16.8512
41699	-16.7914
41709.8	-16.7313
41720.6	-16.6708
41731.3	-16.6099
41742.1	-16.5485
41752.9	-16.4868
41763.6	-16.4246
41774.4	-16.3621
41785.2	-16.2991
41795.9	-16.2356
41806.7	-16.1718
41817.5	-16.1075
41828.2	-16.0427
41839	-15.9775
41849.8	-15.9119
41860.5	-15.8457
41871.3	-15.7792
41882.1	-15.7121
41892.8	-15.6445
41903.6	-15.5766
41914.4	-15.508
41925.1	-15.439
41935.9	-15.3695
41946.7	-15.2995
41957.4	-15.229
41968.2	-15.1579
41979	-15.0864
41989.7	-15.0143
42000.5	-14.9416
42011.3	-14.8684
42022	-14.7946
42032.8	-14.7203
42043.6	-14.6454
42054.3	-14.5699
42065.1	-14.4939
42075.9	-14.4172
42086.6	-14.34
42097.4	-14.2621
42108.2	-14.1836
42118.9	-14.1045
42129.7	-14.0248
42140.5	-13.9444
42151.2	-13.8633
42162	-13.7816
42172.8	-13.6993
42183.5	-13.6162
42194.3	-13.5325
42205.1	-13.448
42215.8	-13.3628
42226.6	-13.277
42237.4	-13.1903
42248.1	-13.103
42258.9	-13.0149
42269.7	-12.926
42280.4	-12.8363
42291.2	-12.7459
42302	-12.6546
42312.7	-12.5626
42323.5	-12.4697
42334.3	-12.376
42345	-12.2814
42355.8	-12.1859
42366.6	-12.0896
42377.3	-11.9924
42388.1	-11.8943
42398.9	-11.7952
42409.6	-11.6953
42420.4	-11.5943
42431.2	-11.4924
42441.9	-11.3895
42452.7	-11.2856
42463.5	-11.1807
42474.2	-11.0748
42485	-10.9678
42495.8	-10.8597
42506.5	-10.7505
42517.3	-10.6402
42528.1	-10.5288
42538.8	-10.4162
42549.6	-10.3025
42560.4	-10.1875
42571.1	-10.0714
42581.9	-9.95398
42592.7	-9.83532
42603.4	-9.71534
42614.2	-9.59408
42625	-9.47146
42635.7	-9.34748
42646.5	-9.2221
42657.3	-9.0953
42668	-8.96704
42678.8	-8.8373
42689.6	-8.70605
42700.3	-8.57325
42711.1	-8.43887
42721.9	-8.30288
42732.6	-8.16523
42743.4	-8.0259
42754.2	-7.88485
42764.9	-7.74203
42775.7	-7.59741
42786.5	-7.45094
42797.2	-7.30259
42808	-7.15229
42818.8	-7.00001
42829.5	-6.8457
42840.3	-6.68931
42851.1	-6.53078
42861.8	-6.37006
42872.6	-6.2071
42883.4	-6.04182
42894.1	-5.87417
42904.9	-5.7041
42915.7	-5.53151
42926.4	-5.35636
42937.2	-5.17856
42948	-4.99803
42958.7	-4.8147
42969.5	-4.62848
42980.3	-4.43928
42991	-4.24701
43001.8	-4.05157
43012.6	-3.85285
43023.3	-3.65076
43034.1	-3.44517
43044.9	-3.23597
43055.6	-3.02303
43066.4	-2.80621
43077.2	-2.58537
43087.9	-2.36037
43098.7	-2.13105
43109.5	-1.89722
43120.2	-1.65873
43131	-1.41537
43141.8	-1.16694
43152.5	-0.913232
43163.3	-0.654004
43174.1	-0.389011
43184.8	-0.117986
43195.6	0.159355
43206.4	0.443324
43217.1	0.734248
43227.9	1.03249
43238.7	1.33843
43249.4	1.6525
43260.2	1.97515
43271	2.30689
43281.7	2.64825
43292.5	2.99984
43303.3	3.36231
43314	3.73638
43324.8	4.12285
43335.6	4.52261
43346.3	4.93664
43357.1	5.36604
43367.9	5.81204
43378.6	6.27602
43389.4	6.75954
43400.2	7.26435
43410.9	7.79246
43421.7	8.34613
43432.5	8.92795
43443.2	9.54087
43454	10.1882
43464.8	10.8738
43475.5	11.6016
43486.3	12.3759
43497.1	13.2007
43507.8	14.0777
43518.6	15.0033
43529.4	15.9573
43540.1	16.8703
43550.9	17.4967
43561.7	16.6751
43572.4	1.80859
43583.2	39.9533
43594	58.6609
43604.7	59.5272
43615.5	43.7865
43626.3	9.19753
43637	17.5096
43647.8	18.6072
43658.6	18.1217
43669.3	17.3414
43680.1	16.5247
43690.9	15.7423
43701.6	15.0134
43712.4	14.3409
43723.2	13.7222
43733.9	13.1528
43744.7	12.6282
43755.5	12.1438
43766.2	11.6958
43777	11.2807
43787.8	10.8954
43798.5	10.5371
43809.3	10.2037
43820.1	9.89311
43830.8	9.6035
43841.6	9.33334
43852.4	9.08126
43863.1	8.84606
43873.9	8.62666
43884.7	8.42214
43895.4	8.23163
43906.2	8.0544
43917	7.88977
43927.7	7.73715
43938.5	7.59601
43949.3	7.46587
43960	7.3463
43970.8	7.23694
43981.6	7.13745
43992.3	7.04751
44003.1	6.96688
44013.9	6.89533
44024.6	6.83264
44035.4	6.77864
44046.2	6.7332
44056.9	6.69618
44067.7	6.66749
44078.5	6.64705
44089.2	6.6348

