0	-10.4044
10.7666	-10.4041
21.5332	-10.4031
32.2998	-10.4014
43.0664	-10.3991
53.833	-10.3962
64.5996	-10.3925
75.3662	-10.3883
86.1328	-10.3833
96.8994	-10.3777
107.666	-10.3714
118.433	-10.3645
129.199	-10.3569
139.966	-10.3486
150.732	-10.3397
161.499	-10.3301
172.266	-10.3198
183.032	-10.3089
193.799	-10.2973
204.565	-10.2851
215.332	-10.2721
226.099	-10.2585
236.865	-10.2442
247.632	-10.2292
258.398	-10.2136
269.165	-10.1973
279.932	-10.1803
290.698	-10.1626
301.465	-10.1442
312.231	-10.1251
322.998	-10.1054
333.765	-10.0849
344.531	-10.0638
355.298	-10.0419
366.064	-10.0194
376.831	-9.99613
387.598	-9.97218
398.364	-9.94752
409.131	-9.92214
419.897	-9.89605
430.664	-9.86924
441.431	-9.84171
452.197	-9.81346
462.964	-9.78447
473.73	-9.75475
484.497	-9.7243
495.264	-9.6931
506.03	-9.66116
516.797	-9.62847
527.563	-9.59502
538.33	-9.56082
549.097	-9.52585
559.863	-9.49011
570.63	-9.4536
581.396	-9.41631
592.163	-9.37824
602.93	-9.33937
613.696	-9.29971
624.463	-9.25925
635.229	-9.21798
645.996	-9.1759
656.763	-9.13299
667.529	-9.08926
678.296	-9.04469
689.062	-8.99928
699.829	-8.95302
710.596	-8.9059
721.362	-8.85792
732.129	-8.80906
742.896	-8.75932
753.662	-8.70869
764.429	-8.65716
775.195	-8.60472
785.962	-8.55135
796.729	-8.49707
807.495	-8.44183
818.262	-8.38566
829.028	-8.32851
839.795	-8.2704
850.562	-8.2113
861.328	-8.15121
872.095	-8.0901
882.861	-8.02798
893.628	-7.96481
904.395	-7.90061
915.161	-7.83533
925.928	-7.76897
936.694	-7.70153
947.461	-7.63297
958.228	-7.56329
968.994	-7.49246
979.761	-7.42048
990.527	-7.34731
1001.29	-7.27295
1012.06	-7.19736
1022.83	-7.12055
1033.59	-7.04247
1044.36	-6.96312
1055.13	-6.88246
1065.89	-6.80048
1076.66	-6.71714
1087.43	-6.63243
1098.19	-6.54632
1108.96	-6.45879
1119.73	-6.36979
1130.49	-6.27931
1141.26	-6.18732
1152.03	-6.09377
1162.79	-5.99865
1173.56	-5.90191
1184.33	-5.80352
1195.09	-5.70345
1205.86	-5.60164
1216.63	-5.49807
1227.39	-5.39269
1238.16	-5.28547
1248.93	-5.17634
1259.69	-5.06526
1270.46	-4.95219
1281.23	-4.83708
1291.99	-4.71986
1302.76	-4.60047
1313.53	-4.47888
1324.29	-4.35499
1335.06	-4.22876
1345.83	-4.10011
1356.59	-3.96897
1367.36	-3.83526
1378.12	-3.6989
1388.89	-3.55981
1399.66	-3.4179
1410.42	-3.27308
1421.19	-3.12524
1431.96	-2.97428
1442.72	-2.82009
1453.49	-2.66255
1464.26	-2.50154
1475.02	-2.33692
1485.79	-2.16857
1496.56	-1.99632
1507.32	-1.82002
1518.09	-1.6395
1528.86	-1.45458
1539.62	-1.26507
1550.39	-1.07077
1561.16	-0.871447
1571.92	-0.666874
1582.69	-0.456795
1593.46	-0.240938
1604.22	-0.0190066
1614.99	0.209315
1625.76	0.444372
1636.52	0.686538
1647.29	0.936217
1658.06	1.19385
1668.82	1.45992
1679.59	1.73496
1690.36	2.01954
1701.12	2.31429
1711.89	2.61993
1722.66	2.93722
1733.42	3.26703
1744.19	3.61031
1754.96	3.96814
1765.72	4.34171
1776.49	4.73237
1787.26	5.14165
1798.02	5.57126
1808.79	6.02317
1819.56	6.49961
1830.32	7.00311
1841.09	7.5366
1851.86	8.10338
1862.62	8.7072
1873.39	9.35221
1884.16	10.0429
1894.92	10.7834
1905.69	11.5769
1916.46	12.4221
1927.22	13.3052
1937.99	14.1752
1948.75	14.8541
1959.52	14.5722
1970.29	4.54569
1981.05	31.0051
1991.82	56.7358
2002.59	60.4731
2013.35	48.9129
2024.12	16.7325
2034.89	12.7654
2045.65	14.9059
2056.42	14.5243
2067.19	13.7029
2077.95	12.8045
2088.72	11.9255
2099.49	11.0935
2110.25	10.3148
2121.02	9.58781
2131.79	8.9088
2142.55	8.27328
2153.32	7.67692
2164.09	7.11573
2174.85	6.58618
2185.62	6.08514
2196.39	5.60988
2207.15	5.15802
2217.92	4.72744
2228.69	4.31632
2239.45	3.92302
2250.22	3.54611
2260.99	3.18431
2271.75	2.83648
2282.52	2.50161
2293.29	2.17879
2304.05	1.86719
2314.82	1.56607
2325.59	1.27477
2336.35	0.992668
2347.12	0.719216
2357.89	0.453906
2368.65	0.196273
2379.42	-0.0541077
2390.19	-0.297626
2400.95	-0.534649
2411.72	-0.765499
2422.49	-0.990494
2433.25	-1.20992
2444.02	-1.42403
2454.79	-1.63308
2465.55	-1.8373
2476.32	-2.03691
2487.08	-2.2321
2497.85	-2.42307
2508.62	-2.60999
2519.38	-2.79301
2530.15	-2.97231
2540.92	-3.14803
2551.68	-3.3203
2562.45	-3.48925
2573.22	-3.65502
2583.98	-3.8177
2594.75	-3.97742
2605.52	-4.13428
2616.28	-4.28837
2627.05	-4.43979
2637.82	-4.58863
2648.58	-4.73497
2659.35	-4.87889
2670.12	-5.02048
2680.88	-5.1598
2691.65	-5.29692
2702.42	-5.43191
2713.18	-5.56483
2723.95	-5.69574
2734.72	-5.82471
2745.48	-5.95178
2756.25	-6.07701
2767.02	-6.20046
2777.78	-6.32216
2788.55	-6.44217
2799.32	-6.56054
2810.08	-6.67728
2820.85	-6.79248
2831.62	-6.90615
2842.38	-7.01833
2853.15	-7.12907
2863.92	-7.23839
2874.68	-7.34633
2885.45	-7.45293
2896.22	-7.55822
2906.98	-7.66222
2917.75	-7.76497
2928.52	-7.86649
2939.28	-7.96682
2950.05	-8.06598
2960.82	-8.16399
2971.58	-8.26089
2982.35	-8.35669
2993.12	-8.45142
3003.88	-8.5451
3014.65	-8.63775
3025.42	-8.7294
3036.18	-8.82006
3046.95	-8.90976
3057.71	-8.99851
3068.48	-9.08634
3079.25	-9.17326
3090.01	-9.25929
3100.78	-9.34444
3111.55	-9.42874
3122.31	-9.5122
3133.08	-9.59483
3143.85	-9.67665
3154.61	-9.75768
3165.38	-9.83793
3176.15	-9.91741
3186.91	-9.99614
3197.68	-10.0741
3208.45	-10.1514
3219.21	-10.228
3229.98	-10.3038
3240.75	-10.379
3251.51	-10.4535
3262.28	-10.5273
3273.05	-10.6004
3283.81	-10.673
3294.58	-10.7449
3305.35	-10.8161
3316.11	-10.8868
3326.88	-10.9568
3337.65	-11.0263
3348.41	-11.0952
3359.18	-11.1635
3369.95	-11.2312
3380.71	-11.2984
3391.48	-11.365
3402.25	-11.4311
3413.01	-11.4967
3423.78	-11.5617
3434.55	-11.6262
3445.31	-11.6902
3456.08	-11.7537
3466.85	-11.8168
3477.61	-11.8793
3488.38	-11.9413
3499.15	-12.0029
3509.91	-12.064
3520.68	-12.1247
3531.45	-12.1849
3542.21	-12.2446
3552.98	-12.304
3563.75	-12.3628
3574.51	-12.4213
3585.28	-12.4793
3596.04	-12.5369
3606.81	-12.5941
3617.58	-12.6509
3628.34	-12.7073
3639.11	-12.7633
3649.88	-12.8189
3660.64	-12.8741
3671.41	-12.929
3682.18	-12.9834
3692.94	-13.0375
3703.71	-13.0913
3714.48	-13.1446
3725.24	-13.1976
3736.01	-13.2503
3746.78	-13.3026
3757.54	-13.3546
3768.31	-13.4062
3779.08	-13.4575
3789.84	-13.5085
3800.61	-13.5591
3811.38	-13.6094
3822.14	-13.6594
3832.91	-13.7091
3843.68	-13.7584
3854.44	-13.8075
3865.21	-13.8562
3875.98	-13.9047
3886.74	-13.9528
3897.51	-14.0007
3908.28	-14.0482
3919.04	-14.0955
3929.81	-14.1425
3940.58	-14.1892
3951.34	-14.2356
3962.11	-14.2817
3972.88	-14.3276
3983.64	-14.3732
3994.41	-14.4186
4005.18	-14.4637
4015.94	-14.5085
4026.71	-14.553
4037.48	-14.5973
4048.24	-14.6414
4059.01	-14.6852
4069.78	-14.7287
4080.54	-14.772
4091.31	-14.8151
4102.08	-14.8579
4112.84	-14.9005
4123.61	-14.9429
4134.38	-14.985
4145.14	-15.0269
4155.91	-15.0685
4166.67	-15.11
4177.44	-15.1512
4188.21	-15.1922
4198.97	-15.2329
4209.74	-15.2735
4220.51	-15.3138
4231.27	-15.354
4242.04	-15.3939
4252.81	-15.4336
4263.57	-15.4731
4274.34	-15.5124
4285.11	-15.5515
4295.87	-15.5904
4306.64	-15.6291
4317.41	-15.6676
4328.17	-15.7059
4338.94	-15.744
4349.71	-15.7819
4360.47	-15.8196
4371.24	-15.8572
4382.01	-15.8945
4392.77	-15.9317
4403.54	-15.9687
4414.31	-16.0055
4425.07	-16.0421
4435.84	-16.0786
4446.61	-16.1149
4457.37	-16.151
4468.14	-16.1869
4478.91	-16.2226
4489.67	-16.2582
4500.44	-16.2936
4511.21	-16.3289
4521.97	-16.364
4532.74	-16.3989
4543.51	-16.4336
4554.27	-16.4682
4565.04	-16.5027
4575.81	-16.5369
4586.57	-16.5711
4597.34	-16.605
4608.11	-16.6388
4618.87	-16.6725
4629.64	-16.706
4640.41	-16.7393
4651.17	-16.7725
4661.94	-16.8056
4672.71	-16.8385
4683.47	-16.8712
4694.24	-16.9038
4705	-16.9363
4715.77	-16.9686
4726.54	-17.0008
4737.3	-17.0329
4748.07	-17.0648
4758.84	-17.0965
4769.6	-17.1282
4780.37	-17.1597
4791.14	-17.191
4801.9	-17.2222
4812.67	-17.2533
4823.44	-17.2843
4834.2	-17.3151
4844.97	-17.3458
4855.74	-17.3764
4866.5	-17.4068
4877.27	-17.4372
4888.04	-17.4674
4898.8	-17.4974
4909.57	-17.5274
4920.34	-17.5572
4931.1	-17.5869
4941.87	-17.6165
4952.64	-17.6459
4963.4	-17.6753
4974.17	-17.7045
4984.94	-17.7336
4995.7	-17.7626
5006.47	-17.7914
5017.24	-17.8202
5028	-17.8488
5038.77	-17.8774
5049.54	-17.9058
5060.3	-17.9341
5071.07	-17.9623
5081.84	-17.9904
5092.6	-18.0183
5103.37	-18.0462
5114.14	-18.074
5124.9	-18.1016
5135.67	-18.1292
5146.44	-18.1566
5157.2	-18.1839
5167.97	-18.2112
5178.74	-18.2383
5189.5	-18.2653
5200.27	-18.2923
5211.04	-18.3191
5221.8	-18.3458
5232.57	-18.3724
5243.33	-18.3989
5254.1	-18.4254
5264.87	-18.4517
5275.63	-18.4779
5286.4	-18.5041
5297.17	-18.5301
5307.93	-18.556
5318.7	-18.5819
5329.47	-18.6076
5340.23	-18.6333
5351	-18.6589
5361.77	-18.6843
5372.53	-18.7097
5383.3	-18.735
5394.07	-18.7602
5404.83	-18.7853
5415.6	-18.8104
5426.37	-18.8353
5437.13	-18.8601
5447.9	-18.8849
5458.67	-18.9096
5469.43	-18.9342
5480.2	-18.9587
5490.97	-18.9831
5501.73	-19.0074
5512.5	-19.0317
5523.27	-19.0558
5534.03	-19.0799
5544.8	-19.1039
5555.57	-19.1278
5566.33	-19.1517
5577.1	-19.1754
5587.87	-19.1991
5598.63	-19.2227
5609.4	-19.2462
5620.17	-19.2696
5630.93	-19.293
5641.7	-19.3163
5652.47	-19.3395
5663.23	-19.3626
5674	-19.3856
5684.77	-19.4086
5695.53	-19.4315
5706.3	-19.4543
5717.07	-19.4771
5727.83	-19.4998
5738.6	-19.5224
5749.37	-19.5449
5760.13	-19.5673
5770.9	-19.5897
5781.67	-19.612
5792.43	-19.6342
5803.2	-19.6564
5813.96	-19.6785
5824.73	-19.7005
5835.5	-19.7225
5846.26	-19.7443
5857.03	-19.7662
5867.8	-19.7879
5878.56	-19.8096
5889.33	-19.8312
5900.1	-19.8527
5910.86	-19.8742
5921.63	-19.8956
5932.4	-19.9169
5943.16	-19.9382
5953.93	-19.9594
5964.7	-19.9805
5975.46	-20.0016
5986.23	-20.0226
5997	-20.0436
6007.76	-20.0644
6018.53	-20.0853
6029.3	-20.106
6040.06	-20.1267
6050.83	-20.1473
6061.6	-20.1679
6072.36	-20.1884
6083.13	-20.2088
6093.9	-20.2292
6104.66	-20.2495
6115.43	-20.2698
6126.2	-20.29
6136.96	-20.3101
6147.73	-20.3302
6158.5	-20.3502
6169.26	-20.3702
6180.03	-20.3901
6190.8	-20.4099
6201.56	-20.4297
6212.33	-20.4494
6223.1	-20.4691
6233.86	-20.4887
6244.63	-20.5083
6255.4	-20.5278
6266.16	-20.5472
6276.93	-20.5666
6287.7	-20.5859
6298.46	-20.6052
6309.23	-20.6244
6320	-20.6436
6330.76	-20.6627
6341.53	-20.6818
6352.29	-20.7008
6363.06	-20.7197
6373.83	-20.7386
6384.59	-20.7574
6395.36	-20.7762
6406.13	-20.795
6416.89	-20.8136
6427.66	-20.8323
6438.43	-20.8508
6449.19	-20.8694
6459.96	-20.8878
6470.73	-20.9063
6481.49	-20.9246
6492.26	-20.9429
6503.03	-20.9612
6513.79	-20.9794
6524.56	-20.9976
6535.33	-21.0157
6546.09	-21.0338
6556.86	-21.0518
6567.63	-21.0698
6578.39	-21.0877
6589.16	-21.1056
6599.93	-21.1234
6610.69	-21.1412
6621.46	-21.1589
6632.23	-21.1766
6642.99	-21.1942
6653.76	-21.2118
6664.53	-21.2294
6675.29	-21.2469
6686.06	-21.2643
6696.83	-21.2817
6707.59	-21.2991
6718.36	-21.3164
6729.13	-21.3336
6739.89	-21.3508
6750.66	-21.368
6761.43	-21.3851
6772.19	-21.4022
6782.96	-21.4193
6793.73	-21.4363
6804.49	-21.4532
6815.26	-21.4701
6826.03	-21.487
6836.79	-21.5038
6847.56	-21.5206
6858.33	-21.5373
6869.09	-21.554
6879.86	-21.5706
6890.62	-21.5872
6901.39	-21.6037
6912.16	-21.6203
6922.92	-21.6368
6933.69	-21.6532
6944.46	-21.6696
6955.22	-21.686
6965.99	-21.7023
6976.76	-21.7185
6987.52	-21.7348
6998.29	-21.7509
7009.06	-21.7671
7019.82	-21.7832
7030.59	-21.7993
7041.36	-21.8153
7052.12	-21.8313
7062.89	-21.8472
7073.66	-21.8631
7084.42	-21.879
7095.19	-21.8948
7105.96	-21.9106
7116.72	-21.9263
7127.49	-21.942
7138.26	-21.9577
7149.02	-21.9733
7159.79	-21.9889
7170.56	-22.0045
7181.32	-22.02
7192.09	-22.0355
7202.86	-22.0509
7213.62	-22.0663
7224.39	-22.0817
7235.16	-22.097
7245.92	-22.1123
7256.69	-22.1276
7267.46	-22.1428
7278.22	-22.158
7288.99	-22.1731
7299.76	-22.1883
7310.52	-22.2033
7321.29	-22.2183
7332.06	-22.2333
7342.82	-22.2483
7353.59	-22.2632
7364.36	-22.2781
7375.12	-22.293
7385.89	-22.3078
7396.66	-22.3227
7407.42	-22.3373
7418.19	-22.3521
7428.96	-22.3668
7439.72	-22.3814
7450.49	-22.396
7461.25	-22.4106
7472.02	-22.4252
7482.79	-22.4397
7493.55	-22.4542
7504.32	-22.4686
7515.09	-22.483
7525.85	-22.4974
7536.62	-22.5117
7547.39	-22.5261
7558.15	-22.5403
7568.92	-22.5546
7579.69	-22.5688
7590.45	-22.583
7601.22	-22.5971
7611.99	-22.6112
7622.75	-22.6253
7633.52	-22.6394
7644.29	-22.6534
7655.05	-22.6674
7665.82	-22.6813
7676.59	-22.6953
7687.35	-22.7092
7698.12	-22.7231
7708.89	-22.7368
7719.65	-22.7507
7730.42	-22.7644
7741.19	-22.7782
7751.95	-22.7919
7762.72	-22.8056
7773.49	-22.8192
7784.25	-22.8328
7795.02	-22.8464
7805.79	-22.86
7816.55	-22.8735
7827.32	-22.887
7838.09	-22.9004
7848.85	-22.9139
7859.62	-22.9273
7870.39	-22.9407
7881.15	-22.954
7891.92	-22.9673
7902.69	-22.9806
7913.45	-22.9939
7924.22	-23.0071
7934.99	-23.0203
7945.75	-23.0335
7956.52	-23.0466
7967.29	-23.0597
7978.05	-23.0728
7988.82	-23.0859
7999.58	-23.0989
8010.35	-23.1119
8021.12	-23.1249
8031.88	-23.1378
8042.65	-23.1507
8053.42	-23.1636
8064.18	-23.1765
8074.95	-23.1893
8085.72	-23.2021
8096.48	-23.2149
8107.25	-23.2277
8118.02	-23.2404
8128.78	-23.2531
8139.55	-23.2657
8150.32	-23.2784
8161.08	-23.291
8171.85	-23.3036
8182.62	-23.3162
8193.38	-23.3287
8204.15	-23.3412
8214.92	-23.3537
8225.68	-23.3661
8236.45	-23.3786
8247.22	-23.391
8257.98	-23.4033
8268.75	-23.4157
8279.52	-23.428
8290.28	-23.4403
8301.05	-23.4526
8311.82	-23.4648
8322.58	-23.4771
8333.35	-23.4893
8344.12	-23.5014
8354.88	-23.5136
8365.65	-23.5257
8376.42	-23.5378
8387.18	-23.5499
8397.95	-23.5619
8408.72	-23.5739
8419.48	-23.5859
8430.25	-23.5979
8441.02	-23.6098
8451.78	-23.6218
8462.55	-23.6337
8473.32	-23.6455
8484.08	-23.6574
8494.85	-23.6692
8505.62	-23.681
8516.38	-23.6928
8527.15	-23.7045
8537.92	-23.7163
8548.68	-23.728
8559.45	-23.7396
8570.21	-23.7513
8580.98	-23.7629
8591.75	-23.7745
8602.51	-23.7862
8613.28	-23.7977
8624.05	-23.8092
8634.81	-23.8208
8645.58	-23.8322
8656.35	-23.8437
8667.11	-23.8552
8677.88	-23.8666
8688.65	-23.878
8699.41	-23.8894
8710.18	-23.9007
8720.95	-23.912
8731.71	-23.9234
8742.48	-23.9346
8753.25	-23.9459
8764.01	-23.9571
8774.78	-23.9684
8785.55	-23.9796
8796.31	-23.9907
8807.08	-24.0019
8817.85	-24.013
8828.61	-24.0241
8839.38	-24.0352
8850.15	-24.0463
8860.91	-24.0573
8871.68	-24.0683
8882.45	-24.0793
8893.21	-24.0903
8903.98	-24.1013
8914.75	-24.1122
8925.51	-24.1231
8936.28	-24.134
8947.05	-24.1449
8957.81	-24.1557
8968.58	-24.1666
8979.35	-24.1774
8990.11	-24.1882
9000.88	-24.1989
9011.65	-24.2097
9022.41	-24.2204
9033.18	-24.2311
9043.95	-24.2418
9054.71	-24.2524
9065.48	-24.2631
9076.25	-24.2737
9087.01	-24.2843
9097.78	-24.2949
9108.54	-24.3054
9119.31	-24.316
9130.08	-24.3265
9140.84	-24.337
9151.61	-24.3474
9162.38	-24.3579
9173.14	-24.3683
9183.91	-24.3788
9194.68	-24.3891
9205.44	-24.3995
9216.21	-24.4099
9226.98	-24.4202
9237.74	-24.4305
9248.51	-24.4408
9259.28	-24.4511
9270.04	-24.4614
9280.81	-24.4716
9291.58	-24.4818
9302.34	-24.4921
9313.11	-24.5022
9323.88	-24.5124
9334.64	-24.5225
9345.41	-24.5326
9356.18	-24.5427
9366.94	-24.5528
9377.71	-24.5629
9388.48	-24.5729
9399.24	-24.5829
9410.01	-24.593
9420.78	-24.603
9431.54	-24.6129
9442.31	-24.6229
9453.08	-24.6328
9463.84	-24.6427
9474.61	-24.6526
9485.38	-24.6625
9496.14	-24.6724
9506.91	-24.6822
9517.68	-24.692
9528.44	-24.7018
9539.21	-24.7116
9549.98	-24.7214
9560.74	-24.7311
9571.51	-24.7409
9582.28	-24.7506
9593.04	-24.7603
9603.81	-24.7699
9614.58	-24.7796
9625.34	-24.7892
9636.11	-24.7989
9646.88	-24.8085
9657.64	-24.8181
9668.41	-24.8276
9679.17	-24.8372
9689.94	-24.8467
9700.71	-24.8563
9711.47	-24.8657
9722.24	-24.8752
9733.01	-24.8847
9743.77	-24.8941
9754.54	-24.9036
9765.31	-24.913
9776.07	-24.9224
9786.84	-24.9317
9797.61	-24.9411
9808.37	-24.9504
9819.14	-24.9598
9829.91	-24.9691
9840.67	-24.9784
9851.44	-24.9876
9862.21	-24.9969
9872.97	-25.0061
9883.74	-25.0154
9894.51	-25.0246
9905.27	-25.0338
9916.04	-25.043
9926.81	-25.0521
9937.57	-25.0612
9948.34	-25.0704
9959.11	-25.0795
9969.87	-25.0886
9980.64	-25.0976
9991.41	-25.1067
10002.2	-25.1157
10012.9	-25.1248
10023.7	-25.1338
10034.5	-25.1428
10045.2	-25.1518
10056	-25.1607
10066.8	-25.1697
10077.5	-25.1786
10088.3	-25.1875
10099.1	-25.1965
10109.8	-25.2052
10120.6	-25.2141
10131.4	-25.223
10142.1	-25.2318
10152.9	-25.2406
10163.7	-25.2494
10174.4	-25.2582
10185.2	-25.267
10196	-25.2757
10206.7	-25.2845
10217.5	-25.2932
10228.3	-25.3019
10239	-25.3106
10249.8	-25.3193
10260.6	-25.3279
10271.3	-25.3366
10282.1	-25.3452
10292.9	-25.3538
10303.6	-25.3624
10314.4	-25.371
10325.2	-25.3796
10335.9	-25.3881
10346.7	-25.3967
10357.5	-25.4052
10368.2	-25.4137
10379	-25.4222
10389.8	-25.4307
10400.5	-25.4391
10411.3	-25.4476
10422.1	-25.456
10432.8	-25.4644
10443.6	-25.4728
10454.4	-25.4812
10465.1	-25.4896
10475.9	-25.498
10486.7	-25.5063
10497.4	-25.5146
10508.2	-25.523
10519	-25.5312
10529.7	-25.5395
10540.5	-25.5478
10551.3	-25.5561
10562	-25.5643
10572.8	-25.5725
10583.6	-25.5807
10594.3	-25.5889
10605.1	-25.5971
10615.9	-25.6053
10626.6	-25.6134
10637.4	-25.6216
10648.2	-25.6297
10658.9	-25.6378
10669.7	-25.6459
10680.5	-25.654
10691.2	-25.6621
10702	-25.6701
10712.8	-25.6782
10723.5	-25.6862
10734.3	-25.6942
10745.1	-25.7022
10755.8	-25.7102
10766.6	-25.7182
10777.4	-25.7261
10788.1	-25.7341
10798.9	-25.7419
10809.7	-25.75
10820.4	-25.7578
10831.2	-25.7657
10842	-25.7736
10852.7	-25.7814
10863.5	-25.7893
10874.3	-25.7971
10885	-25.8049
10895.8	-25.8128
10906.6	-25.8205
10917.3	-25.8283
10928.1	-25.8361
10938.9	-25.8438
10949.6	-25.8516
10960.4	-25.8593
10971.2	-25.867
10981.9	-25.8747
10992.7	-25.8824
11003.5	-25.8901
11014.2	-25.8977
11025	-25.9054
11035.8	-25.913
11046.5	-25.9206
11057.3	-25.9282
11068.1	-25.9358
11078.8	-25.9434
11089.6	-25.951
11100.4	-25.9585
11111.1	-25.9661
11121.9	-25.9736
11132.7	-25.9811
11143.4	-25.9886
11154.2	-25.9961
11165	-26.0036
11175.7	-26.0111
11186.5	-26.0185
11197.3	-26.026
11208	-26.0333
11218.8	-26.0408
11229.6	-26.0482
11240.3	-26.0556
11251.1	-26.0629
11261.9	-26.0703
11272.6	-26.0776
11283.4	-26.085
11294.2	-26.0923
11304.9	-26.0996
11315.7	-26.1069
11326.5	-26.1142
11337.2	-26.1215
11348	-26.1287
11358.8	-26.136
11369.5	-26.1432
11380.3	-26.1504
11391.1	-26.1577
11401.8	-26.1648
11412.6	-26.1721
11423.4	-26.1792
11434.1	-26.1864
11444.9	-26.1935
11455.7	-26.2007
11466.4	-26.2078
11477.2	-26.2149
11488	-26.222
11498.7	-26.229
11509.5	-26.2362
11520.3	-26.2432
11531	-26.2503
11541.8	-26.2573
11552.6	-26.2644
11563.3	-26.2714
11574.1	-26.2784
11584.9	-26.2854
11595.6	-26.2923
11606.4	-26.2994
11617.2	-26.3063
11627.9	-26.3132
11638.7	-26.3202
11649.5	-26.3271
11660.2	-26.334
11671	-26.3409
11681.8	-26.3478
11692.5	-26.3547
11703.3	-26.3615
11714.1	-26.3684
11724.8	-26.3752
11735.6	-26.382
11746.4	-26.3888
11757.1	-26.3956
11767.9	-26.4024
11778.7	-26.4092
11789.4	-26.416
11800.2	-26.4227
11811	-26.4295
11821.7	-26.4362
11832.5	-26.443
11843.3	-26.4497
11854	-26.4564
11864.8	-26.4631
11875.6	-26.4697
11886.3	-26.4764
11897.1	-26.4831
11907.9	-26.4897
11918.6	-26.4963
11929.4	-26.503
11940.2	-26.5096
11950.9	-26.5162
11961.7	-26.5228
11972.5	-26.5293
11983.2	-26.5359
11994	-26.5425
12004.8	-26.549
12015.5	-26.5555
12026.3	-26.562
12037.1	-26.5686
12047.8	-26.5751
12058.6	-26.5815
12069.4	-26.588
12080.1	-26.5945
12090.9	-26.6009
12101.7	-26.6074
12112.4	-26.6138
12123.2	-26.6202
12134	-26.6266
12144.7	-26.633
12155.5	-26.6394
12166.3	-26.6458
12177	-26.6522
12187.8	-26.6585
12198.6	-26.665
12209.3	-26.6712
12220.1	-26.6775
12230.9	-26.6839
12241.6	-26.6902
12252.4	-26.6965
12263.2	-26.7027
12273.9	-26.709
12284.7	-26.7153
12295.5	-26.7216
12306.2	-26.7277
12317	-26.734
12327.8	-26.7402
12338.5	-26.7464
12349.3	-26.7526
12360.1	-26.7588
12370.8	-26.765
12381.6	-26.7711
12392.4	-26.7773
12403.1	-26.7834
12413.9	-26.7896
12424.7	-26.7957
12435.4	-26.8018
12446.2	-26.8079
12457	-26.814
12467.7	-26.8201
12478.5	-26.8261
12489.3	-26.8322
12500	-26.8382
12510.8	-26.8443
12521.6	-26.8503
12532.3	-26.8563
12543.1	-26.8624
12553.9	-26.8684
12564.6	-26.8743
12575.4	-26.8803
12586.2	-26.8863
12596.9	-26.8922
12607.7	-26.8982
12618.5	-26.9041
12629.2	-26.9101
12640	-26.916
12650.8	-26.9219
12661.5	-26.9278
12672.3	-26.9337
12683.1	-26.9396
12693.8	-26.9454
12704.6	-26.9513
12715.4	-26.9571
12726.1	-26.963
12736.9	-26.9688
12747.7	-26.9746
12758.4	-26.9804
12769.2	-26.9862
12780	-26.992
12790.7	-26.9978
12801.5	-27.0036
12812.3	-27.0093
12823	-27.0151
12833.8	-27.0208
12844.6	-27.0265
12855.3	-27.0323
12866.1	-27.038
12876.9	-27.0437
12887.6	-27.0493
12898.4	-27.0551
12909.2	-27.0606
12919.9	-27.0664
12930.7	-27.072
12941.5	-27.0777
12952.2	-27.0833
12963	-27.0889
12973.8	-27.0945
12984.5	-27.1001
12995.3	-27.1057
13006.1	-27.1113
13016.8	-27.1169
13027.6	-27.1224
13038.4	-27.128
13049.1	-27.1335
13059.9	-27.1391
13070.7	-27.1446
13081.4	-27.1501
13092.2	-27.1556
13103	-27.1611
13113.7	-27.1666
13124.5	-27.1721
13135.3	-27.1776
13146	-27.183
13156.8	-27.1885
13167.6	-27.1939
13178.3	-27.1994
13189.1	-27.2048
13199.9	-27.2103
13210.6	-27.2156
13221.4	-27.221
13232.2	-27.2264
13242.9	-27.2318
13253.7	-27.2371
13264.5	-27.2425
13275.2	-27.2478
13286	-27.2532
13296.8	-27.2585
13307.5	-27.2638
13318.3	-27.2691
13329.1	-27.2744
13339.8	-27.2797
13350.6	-27.285
13361.4	-27.2903
13372.1	-27.2956
13382.9	-27.3008
13393.7	-27.306
13404.4	-27.3113
13415.2	-27.3165
13426	-27.3218
13436.7	-27.327
13447.5	-27.3322
13458.3	-27.3374
13469	-27.3425
13479.8	-27.3477
13490.6	-27.3529
13501.3	-27.358
13512.1	-27.3632
13522.9	-27.3683
13533.6	-27.3735
13544.4	-27.3786
13555.2	-27.3837
13565.9	-27.3888
13576.7	-27.3939
13587.5	-27.399
13598.2	-27.4041
13609	-27.4091
13619.8	-27.4142
13630.5	-27.4192
13641.3	-27.4243
13652.1	-27.4293
13662.8	-27.4343
13673.6	-27.4394
13684.4	-27.4444
13695.1	-27.4494
13705.9	-27.4544
13716.7	-27.4593
13727.4	-27.4643
13738.2	-27.4693
13749	-27.4742
13759.7	-27.4792
13770.5	-27.4841
13781.2	-27.489
13792	-27.494
13802.8	-27.4989
13813.5	-27.5038
13824.3	-27.5087
13835.1	-27.5135
13845.8	-27.5184
13856.6	-27.5233
13867.4	-27.5282
13878.1	-27.533
13888.9	-27.5379
13899.7	-27.5427
13910.4	-27.5475
13921.2	-27.5523
13932	-27.5571
13942.7	-27.5619
13953.5	-27.5667
13964.3	-27.5715
13975	-27.5763
13985.8	-27.581
13996.6	-27.5859
14007.3	-27.5905
14018.1	-27.5953
14028.9	-27.6
14039.6	-27.6047
14050.4	-27.6095
14061.2	-27.6142
14071.9	-27.6189
14082.7	-27.6236
14093.5	-27.6282
14104.2	-27.6329
14115	-27.6376
14125.8	-27.6422
14136.5	-27.6469
14147.3	-27.6515
14158.1	-27.6562
14168.8	-27.6608
14179.6	-27.6654
14190.4	-27.67
14201.1	-27.6746
14211.9	-27.6792
14222.7	-27.6838
14233.4	-27.6883
14244.2	-27.6929
14255	-27.6975
14265.7	-27.702
14276.5	-27.7066
14287.3	-27.7111
14298	-27.7157
14308.8	-27.7201
14319.6	-27.7246
14330.3	-27.7291
14341.1	-27.7336
14351.9	-27.7381
14362.6	-27.7426
14373.4	-27.7471
14384.2	-27.7515
14394.9	-27.756
14405.7	-27.7604
14416.5	-27.7649
14427.2	-27.7693
14438	-27.7737
14448.8	-27.7781
14459.5	-27.7825
14470.3	-27.7869
14481.1	-27.7913
14491.8	-27.7957
14502.6	-27.8001
14513.4	-27.8044
14524.1	-27.8088
14534.9	-27.8131
14545.7	-27.8175
14556.4	-27.8218
14567.2	-27.8261
14578	-27.8304
14588.7	-27.8348
14599.5	-27.839
14610.3	-27.8434
14621	-27.8476
14631.8	-27.8519
14642.6	-27.8562
14653.3	-27.8604
14664.1	-27.8647
14674.9	-27.8689
14685.6	-27.8732
14696.4	-27.8774
14707.2	-27.8816
14717.9	-27.8858
14728.7	-27.89
14739.5	-27.8942
14750.2	-27.8984
14761	-27.9026
14771.8	-27.9068
14782.5	-27.9109
14793.3	-27.9151
14804.1	-27.9193
14814.8	-27.9234
14825.6	-27.9275
14836.4	-27.9317
14847.1	-27.9358
14857.9	-27.9399
14868.7	-27.944
14879.4	-27.9481
14890.2	-27.9522
14901	-27.9563
14911.7	-27.9603
14922.5	-27.9644
14933.3	-27.9685
14944	-27.9725
14954.8	-27.9766
14965.6	-27.9806
14976.3	-27.9846
14987.1	-27.9886
14997.9	-27.9927
15008.6	-27.9967
15019.4	-28.0007
15030.2	-28.0047
15040.9	-28.0087
15051.7	-28.0126
15062.5	-28.0166
15073.2	-28.0206
15084	-28.0245
15094.8	-28.0285
15105.5	-28.0324
15116.3	-28.0363
15127.1	-28.0403
15137.8	-28.0442
15148.6	-28.0481
15159.4	-28.052
15170.1	-28.0559
15180.9	-28.0598
15191.7	-28.0636
15202.4	-28.0675
15213.2	-28.0714
15224	-28.0752
15234.7	-28.0791
15245.5	-28.0829
15256.3	-28.0868
15267	-28.0906
15277.8	-28.0944
15288.6	-28.0982
15299.3	-28.1021
15310.1	-28.1058
15320.9	-28.1096
15331.6	-28.1134
15342.4	-28.1172
15353.2	-28.1209
15363.9	-28.1247
15374.7	-28.1284
15385.5	-28.1322
15396.2	-28.1358
15407	-28.1397
15417.8	-28.1434
15428.5	-28.1471
15439.3	-28.1508
15450.1	-28.1545
15460.8	-28.1582
15471.6	-28.1619
15482.4	-28.1656
15493.1	-28.1693
15503.9	-28.1729
15514.7	-28.1766
15525.4	-28.1802
15536.2	-28.1839
15547	-28.1875
15557.7	-28.1911
15568.5	-28.1947
15579.3	-28.1984
15590	-28.202
15600.8	-28.2056
15611.6	-28.2092
15622.3	-28.2128
15633.1	-28.2163
15643.9	-28.2199
15654.6	-28.2235
15665.4	-28.227
15676.2	-28.2306
15686.9	-28.2342
15697.7	-28.2375
15708.5	-28.2413
15719.2	-28.2447
15730	-28.2482
15740.8	-28.2517
15751.5	-28.2552
15762.3	-28.2587
15773.1	-28.2622
15783.8	-28.2657
15794.6	-28.2692
15805.4	-28.2727
15816.1	-28.2761
15826.9	-28.2795
15837.7	-28.283
15848.4	-28.2864
15859.2	-28.2899
15870	-28.2933
15880.7	-28.2967
15891.5	-28.3001
15902.3	-28.3035
15913	-28.3069
15923.8	-28.3103
15934.6	-28.3137
15945.3	-28.3171
15956.1	-28.3204
15966.9	-28.3238
15977.6	-28.3271
15988.4	-28.3305
15999.2	-28.3338
16009.9	-28.3372
16020.7	-28.3405
16031.5	-28.3438
16042.2	-28.3471
16053	-28.3504
16063.8	-28.3537
16074.5	-28.357
16085.3	-28.3603
16096.1	-28.3636
16106.8	-28.3668
16117.6	-28.3701
16128.4	-28.3734
16139.1	-28.3766
16149.9	-28.3799
16160.7	-28.3831
16171.4	-28.3863
16182.2	-28.3895
16193	-28.3927
16203.7	-28.396
16214.5	-28.3992
16225.3	-28.4024
16236	-28.4056
16246.8	-28.4087
16257.6	-28.4119
16268.3	-28.4151
16279.1	-28.4182
16289.9	-28.4214
16300.6	-28.4246
16311.4	-28.4277
16322.2	-28.4308
16332.9	-28.434
16343.7	-28.4371
16354.5	-28.4402
16365.2	-28.4433
16376	-28.4464
16386.8	-28.4495
16397.5	-28.4527
16408.3	-28.4556
16419.1	-28.4587
16429.8	-28.4618
16440.6	-28.4649
16451.4	-28.4679
16462.1	-28.471
16472.9	-28.474
16483.7	-28.477
16494.4	-28.4801
16505.2	-28.4831
16516	-28.4861
16526.7	-28.4891
16537.5	-28.4921
16548.3	-28.4951
16559	-28.4981
16569.8	-28.5011
16580.6	-28.504
16591.3	-28.507
16602.1	-28.51
16612.9	-28.5129
16623.6	-28.5159
16634.4	-28.5188
16645.2	-28.5217
16655.9	-28.5247
16666.7	-28.5276
16677.5	-28.5305
16688.2	-28.5334
16699	-28.5363
16709.8	-28.5392
16720.5	-28.5421
16731.3	-28.545
16742.1	-28.5478
16752.8	-28.5507
16763.6	-28.5536
16774.4	-28.5564
16785.1	-28.5593
16795.9	-28.5621
16806.7	-28.565
16817.4	-28.5678
16828.2	-28.5706
16839	-28.5734
16849.7	-28.5762
16860.5	-28.579
16871.3	-28.5818
16882	-28.5846
16892.8	-28.5874
16903.6	-28.5902
16914.3	-28.593
16925.1	-28.5957
16935.9	-28.5985
16946.6	-28.6012
16957.4	-28.604
16968.2	-28.6067
16978.9	-28.6094
16989.7	-28.6122
17000.5	-28.6149
17011.2	-28.6176
17022	-28.6203
17032.8	-28.623
17043.5	-28.6257
17054.3	-28.6284
17065.1	-28.6311
17075.8	-28.6337
17086.6	-28.6364
17097.4	-28.639
17108.1	-28.6418
17118.9	-28.6444
17129.7	-28.647
17140.4	-28.6497
17151.2	-28.6523
17162	-28.6549
17172.7	-28.6575
17183.5	-28.6601
17194.3	-28.6628
17205	-28.6652
17215.8	-28.6679
17226.6	-28.6705
17237.3	-28.6731
17248.1	-28.6757
17258.9	-28.6782
17269.6	-28.6808
17280.4	-28.6833
17291.2	-28.6859
17301.9	-28.6884
17312.7	-28.691
17323.5	-28.6935
17334.2	-28.696
17345	-28.6985
17355.8	-28.701
17366.5	-28.7035
17377.3	-28.706
17388.1	-28.7085
17398.8	-28.7109
17409.6	-28.7135
17420.4	-28.7159
17431.1	-28.7184
17441.9	-28.7209
17452.7	-28.7233
17463.4	-28.7258
17474.2	-28.7282
17485	-28.7306
17495.7	-28.733
17506.5	-28.7355
17517.3	-28.7379
17528	-28.7403
17538.8	-28.7427
17549.6	-28.7451
17560.3	-28.7475
17571.1	-28.7499
17581.9	-28.7523
17592.6	-28.7546
17603.4	-28.757
17614.2	-28.7593
17624.9	-28.7617
17635.7	-28.764
17646.5	-28.7664
17657.2	-28.7687
17668	-28.771
17678.8	-28.7734
17689.5	-28.7757
17700.3	-28.778
17711.1	-28.7803
17721.8	-28.7826
17732.6	-28.7849
17743.4	-28.7872
17754.1	-28.7894
17764.9	-28.7917
17775.7	-28.794
17786.4	-28.7963
17797.2	-28.7985
17808	-28.8008
17818.7	-28.803
17829.5	-28.8052
17840.3	-28.8074
17851	-28.8097
17861.8	-28.8119
17872.6	-28.8141
17883.3	-28.8163
17894.1	-28.8184
17904.9	-28.8208
17915.6	-28.8229
17926.4	-28.8251
17937.2	-28.8272
17947.9	-28.8294
17958.7	-28.8316
17969.5	-28.8337
17980.2	-28.8359
17991	-28.838
18001.8	-28.8401
18012.5	-28.8423
18023.3	-28.8444
18034.1	-28.8465
18044.8	-28.8486
18055.6	-28.8507
18066.4	-28.8528
18077.1	-28.8549
18087.9	-28.857
18098.7	-28.8591
18109.4	-28.8612
18120.2	-28.8633
18131	-28.8653
18141.7	-28.8674
18152.5	-28.8694
18163.3	-28.8715
18174	-28.8735
18184.8	-28.8755
18195.6	-28.8776
18206.3	-28.8796
18217.1	-28.8816
18227.9	-28.8836
18238.6	-28.8856
18249.4	-28.8876
18260.2	-28.8896
18270.9	-28.8916
18281.7	-28.8936
18292.5	-28.8955
18303.2	-28.8976
18314	-28.8995
18324.8	-28.9015
18335.5	-28.9034
18346.3	-28.9054
18357.1	-28.9073
18367.8	-28.9092
18378.6	-28.9112
18389.4	-28.9131
18400.1	-28.915
18410.9	-28.9169
18421.7	-28.9188
18432.4	-28.9207
18443.2	-28.9226
18454	-28.9245
18464.7	-28.9264
18475.5	-28.9282
18486.3	-28.9301
18497	-28.932
18507.8	-28.9338
18518.6	-28.9357
18529.3	-28.9375
18540.1	-28.9393
18550.9	-28.9412
18561.6	-28.943
18572.4	-28.9448
18583.2	-28.9466
18593.9	-28.9484
18604.7	-28.9502
18615.5	-28.952
18626.2	-28.9538
18637	-28.9556
18647.8	-28.9574
18658.5	-28.9592
18669.3	-28.9609
18680.1	-28.9627
18690.8	-28.9645
18701.6	-28.9662
18712.4	-28.9679
18723.1	-28.9697
18733.9	-28.9714
18744.7	-28.9731
18755.4	-28.9748
18766.2	-28.9766
18777	-28.9783
18787.7	-28.98
18798.5	-28.9816
18809.3	-28.9834
18820	-28.985
18830.8	-28.9867
18841.6	-28.9884
18852.3	-28.9901
18863.1	-28.9917
18873.9	-28.9934
18884.6	-28.995
18895.4	-28.9966
18906.2	-28.9983
18916.9	-28.9999
18927.7	-29.0016
18938.5	-29.0032
18949.2	-29.0048
18960	-29.0064
18970.8	-29.008
18981.5	-29.0096
18992.3	-29.0112
19003.1	-29.0129
19013.8	-29.0144
19024.6	-29.0159
19035.4	-29.0175
19046.1	-29.0191
19056.9	-29.0206
19067.7	-29.0222
19078.4	-29.0237
19089.2	-29.0253
19100	-29.0268
19110.7	-29.0283
19121.5	-29.0298
19132.3	-29.0314
19143	-29.0329
19153.8	-29.0344
19164.6	-29.0359
19175.3	-29.0374
19186.1	-29.0389
19196.9	-29.0403
19207.6	-29.0418
19218.4	-29.0433
19229.2	-29.0447
19239.9	-29.0462
19250.7	-29.0477
19261.5	-29.0491
19272.2	-29.0505
19283	-29.052
19293.8	-29.0534
19304.5	-29.0548
19315.3	-29.0562
19326	-29.0577
19336.8	-29.0591
19347.6	-29.0605
19358.3	-29.0619
19369.1	-29.0632
19379.9	-29.0646
19390.6	-29.066
19401.4	-29.0674
19412.2	-29.0687
19422.9	-29.0701
19433.7	-29.0715
19444.5	-29.0728
19455.2	-29.0742
19466	-29.0755
19476.8	-29.0768
19487.5	-29.0782
19498.3	-29.0794
19509.1	-29.0808
19519.8	-29.0821
19530.6	-29.0834
19541.4	-29.0847
19552.1	-29.086
19562.9	-29.0873
19573.7	-29.0886
19584.4	-29.0898
19595.2	-29.091
19606	-29.0924
19616.7	-29.0936
19627.5	-29.0949
19638.3	-29.0961
19649	-29.0974
19659.8	-29.0986
19670.6	-29.0998
19681.3	-29.101
19692.1	-29.1023
19702.9	-29.1035
19713.6	-29.1047
19724.4	-29.1059
19735.2	-29.1071
19745.9	-29.1083
19756.7	-29.1094
19767.5	-29.1106
19778.2	-29.1118
19789	-29.113
19799.8	-29.1142
19810.5	-29.1153
19821.3	-29.1164
19832.1	-29.1176
19842.8	-29.1187
19853.6	-29.1198
19864.4	-29.121
19875.1	-29.1221
19885.9	-29.1232
19896.7	-29.1243
19907.4	-29.1255
19918.2	-29.1265
19929	-29.1276
19939.7	-29.1287
19950.5	-29.1298
19961.3	-29.1309
19972	-29.1319
19982.8	-29.133
19993.6	-29.1341
20004.3	-29.1351
20015.1	-29.1362
20025.9	-29.1372
20036.6	-29.1382
20047.4	-29.1393
20058.2	-29.1403
20068.9	-29.1413
20079.7	-29.1423
20090.5	-29.1433
20101.2	-29.1444
20112	-29.1453
20122.8	-29.1463
20133.5	-29.1473
20144.3	-29.1483
20155.1	-29.1493
20165.8	-29.1503
20176.6	-29.1512
20187.4	-29.1522
20198.1	-29.1531
20208.9	-29.1541
20219.7	-29.155
20230.4	-29.156
20241.2	-29.1569
20252	-29.1578
20262.7	-29.1587
20273.5	-29.1596
20284.3	-29.1606
20295	-29.1614
20305.8	-29.1624
20316.6	-29.1632
20327.3	-29.1641
20338.1	-29.165
20348.9	-29.1659
20359.6	-29.1668
20370.4	-29.1676
20381.2	-29.1685
20391.9	-29.1693
20402.7	-29.1702
20413.5	-29.171
20424.2	-29.1718
20435	-29.1727
20445.8	-29.1735
20456.5	-29.1743
20467.3	-29.1751
20478.1	-29.1759
20488.8	-29.1768
20499.6	-29.1775
20510.4	-29.1783
20521.1	-29.1791
20531.9	-29.1799
20542.7	-29.1807
20553.4	-29.1814
20564.2	-29.1822
20575	-29.183
20585.7	-29.1837
20596.5	-29.1844
20607.3	-29.1852
20618	-29.1859
20628.8	-29.1867
20639.6	-29.1874
20650.3	-29.1881
20661.1	-29.1888
20671.9	-29.1895
20682.6	-29.1902
20693.4	-29.1909
20704.2	-29.1917
20714.9	-29.1923
20725.7	-29.193
20736.5	-29.1937
20747.2	-29.1943
20758	-29.195
20768.8	-29.1957
20779.5	-29.1963
20790.3	-29.1969
20801.1	-29.1976
20811.8	-29.1982
20822.6	-29.1989
20833.4	-29.1995
20844.1	-29.2001
20854.9	-29.2007
20865.7	-29.2013
20876.4	-29.2019
20887.2	-29.2025
20898	-29.2031
20908.7	-29.2037
20919.5	-29.2043
20930.3	-29.2049
20941	-29.2054
20951.8	-29.206
20962.6	-29.2065
20973.3	-29.2071
20984.1	-29.2076
20994.9	-29.2083
21005.6	-29.2086
21016.4	-29.2093
21027.2	-29.2098
21037.9	-29.2103
21048.7	-29.2108
21059.5	-29.2113
21070.2	-29.2118
21081	-29.2123
21091.8	-29.2128
21102.5	-29.2133
21113.3	-29.2138
21124.1	-29.2143
21134.8	-29.2147
21145.6	-29.2152
21156.4	-29.2156
21167.1	-29.2161
21177.9	-29.2165
21188.7	-29.217
21199.4	-29.2174
21210.2	-29.2179
21221	-29.2183
21231.7	-29.2187
21242.5	-29.2191
21253.3	-29.2195
21264	-29.2199
21274.8	-29.2203
21285.6	-29.2207
21296.3	-29.2211
21307.1	-29.2215
21317.9	-29.2219
21328.6	-29.2222
21339.4	-29.2226
21350.2	-29.223
21360.9	-29.2233
21371.7	-29.2237
21382.5	-29.224
21393.2	-29.2244
21404	-29.2247
21414.8	-29.225
21425.5	-29.2253
21436.3	-29.2256
21447.1	-29.2259
21457.8	-29.2263
21468.6	-29.2266
21479.4	-29.2268
21490.1	-29.2271
21500.9	-29.2274
21511.7	-29.2277
21522.4	-29.228
21533.2	-29.2282
21544	-29.2285
21554.7	-29.2287
21565.5	-29.229
21576.3	-29.2292
21587	-29.2295
21597.8	-29.2298
21608.6	-29.2299
21619.3	-29.2302
21630.1	-29.2304
21640.9	-29.2306
21651.6	-29.2308
21662.4	-29.231
21673.2	-29.2312
21683.9	-29.2314
21694.7	-29.2316
21705.5	-29.2317
21716.2	-29.2319
21727	-29.2321
21737.8	-29.2322
21748.5	-29.2324
21759.3	-29.2326
21770.1	-29.2327
21780.8	-29.2328
21791.6	-29.233
21802.4	-29.2331
21813.1	-29.2332
21823.9	-29.2333
21834.7	-29.2335
21845.4	-29.2336
21856.2	-29.2337
21867	-29.2338
21877.7	-29.2339
21888.5	-29.2339
21899.3	-29.234
21910	-29.2341
21920.8	-29.2342
21931.6	-29.2342
21942.3	-29.2343
21953.1	-29.2343
21963.9	-29.2344
21974.6	-29.2344
21985.4	-29.2345
21996.2	-29.2345
22006.9	-29.2345
22017.7	-29.2345
22028.5	-29.2345
22039.2	-29.2345
22050	-29.2346
22060.8	-29.2345
22071.5	-29.2345
22082.3	-29.2345
22093.1	-29.2345
22103.8	-29.2345
22114.6	-29.2345
22125.4	-29.2344
22136.1	-29.2344
22146.9	-29.2343
22157.7	-29.2343
22168.4	-29.2342
22179.2	-29.2342
22190	-29.2341
22200.7	-29.234
22211.5	-29.2339
22222.3	-29.2339
22233	-29.2338
22243.8	-29.2337
22254.6	-29.2336
22265.3	-29.2335
22276.1	-29.2333
22286.9	-29.2332
22297.6	-29.2331
22308.4	-29.233
22319.2	-29.2328
22329.9	-29.2327
22340.7	-29.2326
22351.5	-29.2324
22362.2	-29.2322
22373	-29.2321
22383.8	-29.2319
22394.5	-29.2317
22405.3	-29.2316
22416.1	-29.2314
22426.8	-29.2312
22437.6	-29.231
22448.4	-29.2308
22459.1	-29.2306
22469.9	-29.2304
22480.7	-29.2302
22491.4	-29.2299
22502.2	-29.2298
22513	-29.2295
22523.7	-29.2292
22534.5	-29.229
22545.3	-29.2287
22556	-29.2285
22566.8	-29.2282
22577.6	-29.228
22588.3	-29.2277
22599.1	-29.2274
22609.9	-29.2271
22620.6	-29.2268
22631.4	-29.2266
22642.2	-29.2263
22652.9	-29.2259
22663.7	-29.2256
22674.5	-29.2253
22685.2	-29.225
22696	-29.2247
22706.8	-29.2244
22717.5	-29.224
22728.3	-29.2237
22739.1	-29.2233
22749.8	-29.223
22760.6	-29.2226
22771.4	-29.2222
22782.1	-29.2219
22792.9	-29.2215
22803.7	-29.2211
22814.4	-29.2207
22825.2	-29.2203
22836	-29.2199
22846.7	-29.2195
22857.5	-29.2191
22868.3	-29.2187
22879	-29.2183
22889.8	-29.2179
22900.6	-29.2174
22911.3	-29.217
22922.1	-29.2165
22932.9	-29.2161
22943.6	-29.2156
22954.4	-29.2152
22965.2	-29.2147
22975.9	-29.2143
22986.7	-29.2138
22997.5	-29.2133
23008.2	-29.2128
23019	-29.2123
23029.8	-29.2118
23040.5	-29.2113
23051.3	-29.2108
23062.1	-29.2103
23072.8	-29.2098
23083.6	-29.2093
23094.4	-29.2086
23105.1	-29.2083
23115.9	-29.2076
23126.7	-29.2071
23137.4	-29.2065
23148.2	-29.206
23159	-29.2054
23169.7	-29.2049
23180.5	-29.2043
23191.3	-29.2037
23202	-29.2031
23212.8	-29.2025
23223.6	-29.2019
23234.3	-29.2013
23245.1	-29.2007
23255.9	-29.2001
23266.6	-29.1995
23277.4	-29.1989
23288.2	-29.1982
23298.9	-29.1976
23309.7	-29.1969
23320.5	-29.1963
23331.2	-29.1957
23342	-29.195
23352.8	-29.1943
23363.5	-29.1937
23374.3	-29.193
23385.1	-29.1923
23395.8	-29.1917
23406.6	-29.1909
23417.4	-29.1902
23428.1	-29.1895
23438.9	-29.1888
23449.7	-29.1881
23460.4	-29.1874
23471.2	-29.1867
23482	-29.1859
23492.7	-29.1852
23503.5	-29.1844
23514.3	-29.1837
23525	-29.183
23535.8	-29.1822
23546.6	-29.1814
23557.3	-29.1807
23568.1	-29.1799
23578.9	-29.1791
23589.6	-29.1783
23600.4	-29.1775
23611.2	-29.1768
23621.9	-29.1759
23632.7	-29.1751
23643.5	-29.1743
23654.2	-29.1735
23665	-29.1727
23675.8	-29.1718
23686.5	-29.171
23697.3	-29.1702
23708.1	-29.1693
23718.8	-29.1685
23729.6	-29.1676
23740.4	-29.1668
23751.1	-29.1659
23761.9	-29.165
23772.7	-29.1641
23783.4	-29.1632
23794.2	-29.1624
23805	-29.1614
23815.7	-29.1606
23826.5	-29.1596
23837.3	-29.1587
23848	-29.1578
23858.8	-29.1569
23869.6	-29.156
23880.3	-29.155
23891.1	-29.1541
23901.9	-29.1531
23912.6	-29.1522
23923.4	-29.1512
23934.2	-29.1503
23944.9	-29.1493
23955.7	-29.1483
23966.5	-29.1473
23977.2	-29.1463
23988	-29.1453
23998.8	-29.1444
24009.5	-29.1433
24020.3	-29.1423
24031.1	-29.1413
24041.8	-29.1403
24052.6	-29.1393
24063.4	-29.1382
24074.1	-29.1372
24084.9	-29.1362
24095.7	-29.1351
24106.4	-29.1341
24117.2	-29.133
24128	-29.1319
24138.7	-29.1309
24149.5	-29.1298
24160.3	-29.1287
24171	-29.1276
24181.8	-29.1265
24192.6	-29.1255
24203.3	-29.1243
24214.1	-29.1232
24224.9	-29.1221
24235.6	-29.121
24246.4	-29.1198
24257.2	-29.1187
24267.9	-29.1176
24278.7	-29.1164
24289.5	-29.1153
24300.2	-29.1142
24311	-29.113
24321.8	-29.1118
24332.5	-29.1106
24343.3	-29.1094
24354.1	-29.1083
24364.8	-29.1071
24375.6	-29.1059
24386.4	-29.1047
24397.1	-29.1035
24407.9	-29.1023
24418.7	-29.101
24429.4	-29.0998
24440.2	-29.0986
24451	-29.0974
24461.7	-29.0961
24472.5	-29.0949
24483.3	-29.0936
24494	-29.0924
24504.8	-29.091
24515.6	-29.0898
24526.3	-29.0886
24537.1	-29.0873
24547.9	-29.086
24558.6	-29.0847
24569.4	-29.0834
24580.2	-29.0821
24590.9	-29.0808
24601.7	-29.0794
24612.5	-29.0782
24623.2	-29.0768
24634	-29.0755
24644.8	-29.0742
24655.5	-29.0728
24666.3	-29.0715
24677.1	-29.0701
24687.8	-29.0687
24698.6	-29.0674
24709.4	-29.066
24720.1	-29.0646
24730.9	-29.0632
24741.7	-29.0619
24752.4	-29.0605
24763.2	-29.0591
24774	-29.0577
24784.7	-29.0562
24795.5	-29.0548
24806.2	-29.0534
24817	-29.052
24827.8	-29.0505
24838.5	-29.0491
24849.3	-29.0477
24860.1	-29.0462
24870.8	-29.0447
24881.6	-29.0433
24892.4	-29.0418
24903.1	-29.0403
24913.9	-29.0389
24924.7	-29.0374
24935.4	-29.0359
24946.2	-29.0344
24957	-29.0329
24967.7	-29.0314
24978.5	-29.0298
24989.3	-29.0283
25000	-29.0268
25010.8	-29.0253
25021.6	-29.0237
25032.3	-29.0222
25043.1	-29.0206
25053.9	-29.0191
25064.6	-29.0175
25075.4	-29.0159
25086.2	-29.0144
25096.9	-29.0129
25107.7	-29.0112
25118.5	-29.0096
25129.2	-29.008
25140	-29.0064
25150.8	-29.0048
25161.5	-29.0032
25172.3	-29.0016
25183.1	-28.9999
25193.8	-28.9983
25204.6	-28.9966
25215.4	-28.995
25226.1	-28.9934
25236.9	-28.9917
25247.7	-28.9901
25258.4	-28.9884
25269.2	-28.9867
25280	-28.985
25290.7	-28.9834
25301.5	-28.9816
25312.3	-28.98
25323	-28.9783
25333.8	-28.9766
25344.6	-28.9748
25355.3	-28.9731
25366.1	-28.9714
25376.9	-28.9697
25387.6	-28.9679
25398.4	-28.9662
25409.2	-28.9645
25419.9	-28.9627
25430.7	-28.9609
25441.5	-28.9592
25452.2	-28.9574
25463	-28.9556
25473.8	-28.9538
25484.5	-28.952
25495.3	-28.9502
25506.1	-28.9484
25516.8	-28.9466
25527.6	-28.9448
25538.4	-28.943
25549.1	-28.9412
25559.9	-28.9393
25570.7	-28.9375
25581.4	-28.9357
25592.2	-28.9338
25603	-28.932
25613.7	-28.9301
25624.5	-28.9282
25635.3	-28.9264
25646	-28.9245
25656.8	-28.9226
25667.6	-28.9207
25678.3	-28.9188
25689.1	-28.9169
25699.9	-28.915
25710.6	-28.9131
25721.4	-28.9112
25732.2	-28.9092
25742.9	-28.9073
25753.7	-28.9054
25764.5	-28.9034
25775.2	-28.9015
25786	-28.8995
25796.8	-28.8976
25807.5	-28.8955
25818.3	-28.8936
25829.1	-28.8916
25839.8	-28.8896
25850.6	-28.8876
25861.4	-28.8856
25872.1	-28.8836
25882.9	-28.8816
25893.7	-28.8796
25904.4	-28.8776
25915.2	-28.8755
25926	-28.8735
25936.7	-28.8715
25947.5	-28.8694
25958.3	-28.8674
25969	-28.8653
25979.8	-28.8633
25990.6	-28.8612
26001.3	-28.8591
26012.1	-28.857
26022.9	-28.8549
26033.6	-28.8528
26044.4	-28.8507
26055.2	-28.8486
26065.9	-28.8465
26076.7	-28.8444
26087.5	-28.8423
26098.2	-28.8401
26109	-28.838
26119.8	-28.8359
26130.5	-28.8337
26141.3	-28.8316
26152.1	-28.8294
26162.8	-28.8272
26173.6	-28.8251
26184.4	-28.8229
26195.1	-28.8208
26205.9	-28.8184
26216.7	-28.8163
26227.4	-28.8141
26238.2	-28.8119
26249	-28.8097
26259.7	-28.8074
26270.5	-28.8052
26281.3	-28.803
26292	-28.8008
26302.8	-28.7985
26313.6	-28.7963
26324.3	-28.794
26335.1	-28.7917
26345.9	-28.7894
26356.6	-28.7872
26367.4	-28.7849
26378.2	-28.7826
26388.9	-28.7803
26399.7	-28.778
26410.5	-28.7757
26421.2	-28.7734
26432	-28.771
26442.8	-28.7687
26453.5	-28.7664
26464.3	-28.764
26475.1	-28.7617
26485.8	-28.7593
26496.6	-28.757
26507.4	-28.7546
26518.1	-28.7523
26528.9	-28.7499
26539.7	-28.7475
26550.4	-28.7451
26561.2	-28.7427
26572	-28.7403
26582.7	-28.7379
26593.5	-28.7355
26604.3	-28.733
26615	-28.7306
26625.8	-28.7282
26636.6	-28.7258
26647.3	-28.7233
26658.1	-28.7209
26668.9	-28.7184
26679.6	-28.7159
26690.4	-28.7135
26701.2	-28.7109
26711.9	-28.7085
26722.7	-28.706
26733.5	-28.7035
26744.2	-28.701
26755	-28.6985
26765.8	-28.696
26776.5	-28.6935
26787.3	-28.691
26798.1	-28.6884
26808.8	-28.6859
26819.6	-28.6833
26830.4	-28.6808
26841.1	-28.6782
26851.9	-28.6757
26862.7	-28.6731
26873.4	-28.6705
26884.2	-28.6679
26895	-28.6652
26905.7	-28.6628
26916.5	-28.6601
26927.3	-28.6575
26938	-28.6549
26948.8	-28.6523
26959.6	-28.6497
26970.3	-28.647
26981.1	-28.6444
26991.9	-28.6418
27002.6	-28.639
27013.4	-28.6364
27024.2	-28.6337
27034.9	-28.6311
27045.7	-28.6284
27056.5	-28.6257
27067.2	-28.623
27078	-28.6203
27088.8	-28.6176
27099.5	-28.6149
27110.3	-28.6122
27121.1	-28.6094
27131.8	-28.6067
27142.6	-28.604
27153.4	-28.6012
27164.1	-28.5985
27174.9	-28.5957
27185.7	-28.593
27196.4	-28.5902
27207.2	-28.5874
27218	-28.5846
27228.7	-28.5818
27239.5	-28.579
27250.3	-28.5762
27261	-28.5734
27271.8	-28.5706
27282.6	-28.5678
27293.3	-28.565
27304.1	-28.5621
27314.9	-28.5593
27325.6	-28.5564
27336.4	-28.5536
27347.2	-28.5507
27357.9	-28.5478
27368.7	-28.545
27379.5	-28.5421
27390.2	-28.5392
27401	-28.5363
27411.8	-28.5334
27422.5	-28.5305
27433.3	-28.5276
27444.1	-28.5247
27454.8	-28.5217
27465.6	-28.5188
27476.4	-28.5159
27487.1	-28.5129
27497.9	-28.51
27508.7	-28.507
27519.4	-28.504
27530.2	-28.5011
27541	-28.4981
27551.7	-28.4951
27562.5	-28.4921
27573.3	-28.4891
27584	-28.4861
27594.8	-28.4831
27605.6	-28.4801
27616.3	-28.477
27627.1	-28.474
27637.9	-28.471
27648.6	-28.4679
27659.4	-28.4649
27670.2	-28.4618
27680.9	-28.4587
27691.7	-28.4556
27702.5	-28.4527
27713.2	-28.4495
27724	-28.4464
27734.8	-28.4433
27745.5	-28.4402
27756.3	-28.4371
27767.1	-28.434
27777.8	-28.4308
27788.6	-28.4277
27799.4	-28.4246
27810.1	-28.4214
27820.9	-28.4182
27831.7	-28.4151
27842.4	-28.4119
27853.2	-28.4087
27864	-28.4056
27874.7	-28.4024
27885.5	-28.3992
27896.3	-28.396
27907	-28.3927
27917.8	-28.3895
27928.6	-28.3863
27939.3	-28.3831
27950.1	-28.3799
27960.9	-28.3766
27971.6	-28.3734
27982.4	-28.3701
27993.2	-28.3668
28003.9	-28.3636
28014.7	-28.3603
28025.5	-28.357
28036.2	-28.3537
28047	-28.3504
28057.8	-28.3471
28068.5	-28.3438
28079.3	-28.3405
28090.1	-28.3372
28100.8	-28.3338
28111.6	-28.3305
28122.4	-28.3271
28133.1	-28.3238
28143.9	-28.3204
28154.7	-28.3171
28165.4	-28.3137
28176.2	-28.3103
28187	-28.3069
28197.7	-28.3035
28208.5	-28.3001
28219.3	-28.2967
28230	-28.2933
28240.8	-28.2899
28251.6	-28.2864
28262.3	-28.283
28273.1	-28.2795
28283.9	-28.2761
28294.6	-28.2727
28305.4	-28.2692
28316.2	-28.2657
28326.9	-28.2622
28337.7	-28.2587
28348.5	-28.2552
28359.2	-28.2517
28370	-28.2482
28380.8	-28.2447
28391.5	-28.2413
28402.3	-28.2375
28413.1	-28.2342
28423.8	-28.2306
28434.6	-28.227
28445.4	-28.2235
28456.1	-28.2199
28466.9	-28.2163
28477.7	-28.2128
28488.4	-28.2092
28499.2	-28.2056
28510	-28.202
28520.7	-28.1984
28531.5	-28.1947
28542.3	-28.1911
28553	-28.1875
28563.8	-28.1839
28574.6	-28.1802
28585.3	-28.1766
28596.1	-28.1729
28606.9	-28.1693
28617.6	-28.1656
28628.4	-28.1619
28639.2	-28.1582
28649.9	-28.1545
28660.7	-28.1508
28671.5	-28.1471
28682.2	-28.1434
28693	-28.1397
28703.8	-28.1358
28714.5	-28.1322
28725.3	-28.1284
28736.1	-28.1247
28746.8	-28.1209
28757.6	-28.1172
28768.4	-28.1134
28779.1	-28.1096
28789.9	-28.1058
28800.7	-28.1021
28811.4	-28.0982
28822.2	-28.0944
28833	-28.0906
28843.7	-28.0868
28854.5	-28.0829
28865.3	-28.0791
28876	-28.0752
28886.8	-28.0714
28897.6	-28.0675
28908.3	-28.0636
28919.1	-28.0598
28929.9	-28.0559
28940.6	-28.052
28951.4	-28.0481
28962.2	-28.0442
28972.9	-28.0403
28983.7	-28.0363
28994.5	-28.0324
29005.2	-28.0285
29016	-28.0245
29026.8	-28.0206
29037.5	-28.0166
29048.3	-28.0126
29059.1	-28.0087
29069.8	-28.0047
29080.6	-28.0007
29091.4	-27.9967
29102.1	-27.9927
29112.9	-27.9886
29123.7	-27.9846
29134.4	-27.9806
29145.2	-27.9766
29156	-27.9725
29166.7	-27.9685
29177.5	-27.9644
29188.3	-27.9603
29199	-27.9563
29209.8	-27.9522
29220.6	-27.9481
29231.3	-27.944
29242.1	-27.9399
29252.9	-27.9358
29263.6	-27.9317
29274.4	-27.9275
29285.2	-27.9234
29295.9	-27.9193
29306.7	-27.9151
29317.5	-27.9109
29328.2	-27.9068
29339	-27.9026
29349.8	-27.8984
29360.5	-27.8942
29371.3	-27.89
29382.1	-27.8858
29392.8	-27.8816
29403.6	-27.8774
29414.4	-27.8732
29425.1	-27.8689
29435.9	-27.8647
29446.7	-27.8604
29457.4	-27.8562
29468.2	-27.8519
29479	-27.8476
29489.7	-27.8434
29500.5	-27.839
29511.3	-27.8348
29522	-27.8304
29532.8	-27.8261
29543.6	-27.8218
29554.3	-27.8175
29565.1	-27.8131
29575.9	-27.8088
29586.6	-27.8044
29597.4	-27.8001
29608.2	-27.7957
29618.9	-27.7913
29629.7	-27.7869
29640.5	-27.7825
29651.2	-27.7781
29662	-27.7737
29672.8	-27.7693
29683.5	-27.7649
29694.3	-27.7604
29705.1	-27.756
29715.8	-27.7515
29726.6	-27.7471
29737.4	-27.7426
29748.1	-27.7381
29758.9	-27.7336
29769.7	-27.7291
29780.4	-27.7246
29791.2	-27.7201
29802	-27.7157
29812.7	-27.7111
29823.5	-27.7066
29834.3	-27.702
29845	-27.6975
29855.8	-27.6929
29866.6	-27.6883
29877.3	-27.6838
29888.1	-27.6792
29898.9	-27.6746
29909.6	-27.67
29920.4	-27.6654
29931.2	-27.6608
29941.9	-27.6562
29952.7	-27.6515
29963.5	-27.6469
29974.2	-27.6422
29985	-27.6376
29995.8	-27.6329
30006.5	-27.6282
30017.3	-27.6236
30028.1	-27.6189
30038.8	-27.6142
30049.6	-27.6095
30060.4	-27.6047
30071.1	-27.6
30081.9	-27.5953
30092.7	-27.5905
30103.4	-27.5859
30114.2	-27.581
30125	-27.5763
30135.7	-27.5715
30146.5	-27.5667
30157.3	-27.5619
30168	-27.5571
30178.8	-27.5523
30189.6	-27.5475
30200.3	-27.5427
30211.1	-27.5379
30221.9	-27.533
30232.6	-27.5282
30243.4	-27.5233
30254.2	-27.5184
30264.9	-27.5135
30275.7	-27.5087
30286.5	-27.5038
30297.2	-27.4989
30308	-27.494
30318.8	-27.489
30329.5	-27.4841
30340.3	-27.4792
30351	-27.4742
30361.8	-27.4693
30372.6	-27.4643
30383.3	-27.4593
30394.1	-27.4544
30404.9	-27.4494
30415.6	-27.4444
30426.4	-27.4394
30437.2	-27.4343
30447.9	-27.4293
30458.7	-27.4243
30469.5	-27.4192
30480.2	-27.4142
30491	-27.4091
30501.8	-27.4041
30512.5	-27.399
30523.3	-27.3939
30534.1	-27.3888
30544.8	-27.3837
30555.6	-27.3786
30566.4	-27.3735
30577.1	-27.3683
30587.9	-27.3632
30598.7	-27.358
30609.4	-27.3529
30620.2	-27.3477
30631	-27.3425
30641.7	-27.3374
30652.5	-27.3322
30663.3	-27.327
30674	-27.3218
30684.8	-27.3165
30695.6	-27.3113
30706.3	-27.306
30717.1	-27.3008
30727.9	-27.2956
30738.6	-27.2903
30749.4	-27.285
30760.2	-27.2797
30770.9	-27.2744
30781.7	-27.2691
30792.5	-27.2638
30803.2	-27.2585
30814	-27.2532
30824.8	-27.2478
30835.5	-27.2425
30846.3	-27.2371
30857.1	-27.2318
30867.8	-27.2264
30878.6	-27.221
30889.4	-27.2156
30900.1	-27.2103
30910.9	-27.2048
30921.7	-27.1994
30932.4	-27.1939
30943.2	-27.1885
30954	-27.183
30964.7	-27.1776
30975.5	-27.1721
30986.3	-27.1666
30997	-27.1611
31007.8	-27.1556
31018.6	-27.1501
31029.3	-27.1446
31040.1	-27.1391
31050.9	-27.1335
31061.6	-27.128
31072.4	-27.1224
31083.2	-27.1169
31093.9	-27.1113
31104.7	-27.1057
31115.5	-27.1001
31126.2	-27.0945
31137	-27.0889
31147.8	-27.0833
31158.5	-27.0777
31169.3	-27.072
31180.1	-27.0664
31190.8	-27.0606
31201.6	-27.0551
31212.4	-27.0493
31223.1	-27.0437
31233.9	-27.038
31244.7	-27.0323
31255.4	-27.0265
31266.2	-27.0208
31277	-27.0151
31287.7	-27.0093
31298.5	-27.0036
31309.3	-26.9978
31320	-26.992
31330.8	-26.9862
31341.6	-26.9804
31352.3	-26.9746
31363.1	-26.9688
31373.9	-26.963
31384.6	-26.9571
31395.4	-26.9513
31406.2	-26.9454
31416.9	-26.9396
31427.7	-26.9337
31438.5	-26.9278
31449.2	-26.9219
31460	-26.916
31470.8	-26.9101
31481.5	-26.9041
31492.3	-26.8982
31503.1	-26.8922
31513.8	-26.8863
31524.6	-26.8803
31535.4	-26.8743
31546.1	-26.8684
31556.9	-26.8624
31567.7	-26.8563
31578.4	-26.8503
31589.2	-26.8443
31600	-26.8382
31610.7	-26.8322
31621.5	-26.8261
31632.3	-26.8201
31643	-26.814
31653.8	-26.8079
31664.6	-26.8018
31675.3	-26.7957
31686.1	-26.7896
31696.9	-26.7834
31707.6	-26.7773
31718.4	-26.7711
31729.2	-26.765
31739.9	-26.7588
31750.7	-26.7526
31761.5	-26.7464
31772.2	-26.7402
31783	-26.734
31793.8	-26.7277
31804.5	-26.7216
31815.3	-26.7153
31826.1	-26.709
31836.8	-26.7027
31847.6	-26.6965
31858.4	-26.6902
31869.1	-26.6839
31879.9	-26.6775
31890.7	-26.6712
31901.4	-26.665
31912.2	-26.6585
31923	-26.6522
31933.7	-26.6458
31944.5	-26.6394
31955.3	-26.633
31966	-26.6266
31976.8	-26.6202
31987.6	-26.6138
31998.3	-26.6074
32009.1	-26.6009
32019.9	-26.5945
32030.6	-26.588
32041.4	-26.5815
32052.2	-26.5751
32062.9	-26.5686
32073.7	-26.562
32084.5	-26.5555
32095.2	-26.549
32106	-26.5425
32116.8	-26.5359
32127.5	-26.5293
32138.3	-26.5228
32149.1	-26.5162
32159.8	-26.5096
32170.6	-26.503
32181.4	-26.4963
32192.1	-26.4897
32202.9	-26.4831
32213.7	-26.4764
32224.4	-26.4697
32235.2	-26.4631
32246	-26.4564
32256.7	-26.4497
32267.5	-26.443
32278.3	-26.4362
32289	-26.4295
32299.8	-26.4227
32310.6	-26.416
32321.3	-26.4092
32332.1	-26.4024
32342.9	-26.3956
32353.6	-26.3888
32364.4	-26.382
32375.2	-26.3752
32385.9	-26.3684
32396.7	-26.3615
32407.5	-26.3547
32418.2	-26.3478
32429	-26.3409
32439.8	-26.334
32450.5	-26.3271
32461.3	-26.3202
32472.1	-26.3132
32482.8	-26.3063
32493.6	-26.2994
32504.4	-26.2923
32515.1	-26.2854
32525.9	-26.2784
32536.7	-26.2714
32547.4	-26.2644
32558.2	-26.2573
32569	-26.2503
32579.7	-26.2432
32590.5	-26.2362
32601.3	-26.229
32612	-26.222
32622.8	-26.2149
32633.6	-26.2078
32644.3	-26.2007
32655.1	-26.1935
32665.9	-26.1864
32676.6	-26.1792
32687.4	-26.1721
32698.2	-26.1648
32708.9	-26.1577
32719.7	-26.1504
32730.5	-26.1432
32741.2	-26.136
32752	-26.1287
32762.8	-26.1215
32773.5	-26.1142
32784.3	-26.1069
32795.1	-26.0996
32805.8	-26.0923
32816.6	-26.085
32827.4	-26.0776
32838.1	-26.0703
32848.9	-26.0629
32859.7	-26.0556
32870.4	-26.0482
32881.2	-26.0408
32892	-26.0333
32902.7	-26.026
32913.5	-26.0185
32924.3	-26.0111
32935	-26.0036
32945.8	-25.9961
32956.6	-25.9886
32967.3	-25.9811
32978.1	-25.9736
32988.9	-25.9661
32999.6	-25.9585
33010.4	-25.951
33021.2	-25.9434
33031.9	-25.9358
33042.7	-25.9282
33053.5	-25.9206
33064.2	-25.913
33075	-25.9054
33085.8	-25.8977
33096.5	-25.8901
33107.3	-25.8824
33118.1	-25.8747
33128.8	-25.867
33139.6	-25.8593
33150.4	-25.8516
33161.1	-25.8438
33171.9	-25.8361
33182.7	-25.8283
33193.4	-25.8205
33204.2	-25.8128
33215	-25.8049
33225.7	-25.7971
33236.5	-25.7893
33247.3	-25.7814
33258	-25.7736
33268.8	-25.7657
33279.6	-25.7578
33290.3	-25.75
33301.1	-25.7419
33311.9	-25.7341
33322.6	-25.7261
33333.4	-25.7182
33344.2	-25.7102
33354.9	-25.7022
33365.7	-25.6942
33376.5	-25.6862
33387.2	-25.6782
33398	-25.6701
33408.8	-25.6621
33419.5	-25.654
33430.3	-25.6459
33441.1	-25.6378
33451.8	-25.6297
33462.6	-25.6216
33473.4	-25.6134
33484.1	-25.6053
33494.9	-25.5971
33505.7	-25.5889
33516.4	-25.5807
33527.2	-25.5725
33538	-25.5643
33548.7	-25.5561
33559.5	-25.5478
33570.3	-25.5395
33581	-25.5312
33591.8	-25.523
33602.6	-25.5146
33613.3	-25.5063
33624.1	-25.498
33634.9	-25.4896
33645.6	-25.4812
33656.4	-25.4728
33667.2	-25.4644
33677.9	-25.456
33688.7	-25.4476
33699.5	-25.4391
33710.2	-25.4307
33721	-25.4222
33731.8	-25.4137
33742.5	-25.4052
33753.3	-25.3967
33764.1	-25.3881
33774.8	-25.3796
33785.6	-25.371
33796.4	-25.3624
33807.1	-25.3538
33817.9	-25.3452
33828.7	-25.3366
33839.4	-25.3279
33850.2	-25.3193
33861	-25.3106
33871.7	-25.3019
33882.5	-25.2932
33893.3	-25.2845
33904	-25.2757
33914.8	-25.267
33925.6	-25.2582
33936.3	-25.2494
33947.1	-25.2406
33957.9	-25.2318
33968.6	-25.223
33979.4	-25.2141
33990.2	-25.2052
34000.9	-25.1965
34011.7	-25.1875
34022.5	-25.1786
34033.2	-25.1697
34044	-25.1607
34054.8	-25.1518
34065.5	-25.1428
34076.3	-25.1338
34087.1	-25.1248
34097.8	-25.1157
34108.6	-25.1067
34119.4	-25.0976
34130.1	-25.0886
34140.9	-25.0795
34151.7	-25.0704
34162.4	-25.0612
34173.2	-25.0521
34184	-25.043
34194.7	-25.0338
34205.5	-25.0246
34216.3	-25.0154
34227	-25.0061
34237.8	-24.9969
34248.6	-24.9876
34259.3	-24.9784
34270.1	-24.9691
34280.9	-24.9598
34291.6	-24.9504
34302.4	-24.9411
34313.2	-24.9317
34323.9	-24.9224
34334.7	-24.913
34345.5	-24.9036
34356.2	-24.8941
34367	-24.8847
34377.8	-24.8752
34388.5	-24.8657
34399.3	-24.8563
34410.1	-24.8467
34420.8	-24.8372
34431.6	-24.8276
34442.4	-24.8181
34453.1	-24.8085
34463.9	-24.7989
34474.7	-24.7892
34485.4	-24.7796
34496.2	-24.7699
34507	-24.7603
34517.7	-24.7506
34528.5	-24.7409
34539.3	-24.7311
34550	-24.7214
34560.8	-24.7116
34571.6	-24.7018
34582.3	-24.692
34593.1	-24.6822
34603.9	-24.6724
34614.6	-24.6625
34625.4	-24.6526
34636.2	-24.6427
34646.9	-24.6328
34657.7	-24.6229
34668.5	-24.6129
34679.2	-24.603
34690	-24.593
34700.8	-24.5829
34711.5	-24.5729
34722.3	-24.5629
34733.1	-24.5528
34743.8	-24.5427
34754.6	-24.5326
34765.4	-24.5225
34776.1	-24.5124
34786.9	-24.5022
34797.7	-24.4921
34808.4	-24.4818
34819.2	-24.4716
34830	-24.4614
34840.7	-24.4511
34851.5	-24.4408
34862.3	-24.4305
34873	-24.4202
34883.8	-24.4099
34894.6	-24.3995
34905.3	-24.3891
34916.1	-24.3788
34926.9	-24.3683
34937.6	-24.3579
34948.4	-24.3474
34959.2	-24.337
34969.9	-24.3265
34980.7	-24.316
34991.5	-24.3054
35002.2	-24.2949
35013	-24.2843
35023.8	-24.2737
35034.5	-24.2631
35045.3	-24.2524
35056.1	-24.2418
35066.8	-24.2311
35077.6	-24.2204
35088.4	-24.2097
35099.1	-24.1989
35109.9	-24.1882
35120.7	-24.1774
35131.4	-24.1666
35142.2	-24.1557
35153	-24.1449
35163.7	-24.134
35174.5	-24.1231
35185.3	-24.1122
35196	-24.1013
35206.8	-24.0903
35217.6	-24.0793
35228.3	-24.0683
35239.1	-24.0573
35249.9	-24.0463
35260.6	-24.0352
35271.4	-24.0241
35282.2	-24.013
35292.9	-24.0019
35303.7	-23.9907
35314.5	-23.9796
35325.2	-23.9684
35336	-23.9571
35346.8	-23.9459
35357.5	-23.9346
35368.3	-23.9234
35379.1	-23.912
35389.8	-23.9007
35400.6	-23.8894
35411.4	-23.878
35422.1	-23.8666
35432.9	-23.8552
35443.7	-23.8437
35454.4	-23.8322
35465.2	-23.8208
35476	-23.8092
35486.7	-23.7977
35497.5	-23.7862
35508.3	-23.7745
35519	-23.7629
35529.8	-23.7513
35540.6	-23.7396
35551.3	-23.728
35562.1	-23.7163
35572.9	-23.7045
35583.6	-23.6928
35594.4	-23.681
35605.2	-23.6692
35615.9	-23.6574
35626.7	-23.6455
35637.5	-23.6337
35648.2	-23.6218
35659	-23.6098
35669.8	-23.5979
35680.5	-23.5859
35691.3	-23.5739
35702.1	-23.5619
35712.8	-23.5499
35723.6	-23.5378
35734.4	-23.5257
35745.1	-23.5136
35755.9	-23.5014
35766.7	-23.4893
35777.4	-23.4771
35788.2	-23.4648
35799	-23.4526
35809.7	-23.4403
35820.5	-23.428
35831.2	-23.4157
35842	-23.4033
35852.8	-23.391
35863.5	-23.3786
35874.3	-23.3661
35885.1	-23.3537
35895.8	-23.3412
35906.6	-23.3287
35917.4	-23.3162
35928.1	-23.3036
35938.9	-23.291
35949.7	-23.2784
35960.4	-23.2657
35971.2	-23.2531
35982	-23.2404
35992.7	-23.2277
36003.5	-23.2149
36014.3	-23.2021
36025	-23.1893
36035.8	-23.1765
36046.6	-23.1636
36057.3	-23.1507
36068.1	-23.1378
36078.9	-23.1249
36089.6	-23.1119
36100.4	-23.0989
36111.2	-23.0859
36121.9	-23.0728
36132.7	-23.0597
36143.5	-23.0466
36154.2	-23.0335
36165	-23.0203
36175.8	-23.0071
36186.5	-22.9939
36197.3	-22.9806
36208.1	-22.9673
36218.8	-22.954
36229.6	-22.9407
36240.4	-22.9273
36251.1	-22.9139
36261.9	-22.9004
36272.7	-22.887
36283.4	-22.8735
36294.2	-22.86
36305	-22.8464
36315.7	-22.8328
36326.5	-22.8192
36337.3	-22.8056
36348	-22.7919
36358.8	-22.7782
36369.6	-22.7644
36380.3	-22.7507
36391.1	-22.7368
36401.9	-22.7231
36412.6	-22.7092
36423.4	-22.6953
36434.2	-22.6813
36444.9	-22.6674
36455.7	-22.6534
36466.5	-22.6394
36477.2	-22.6253
36488	-22.6112
36498.8	-22.5971
36509.5	-22.583
36520.3	-22.5688
36531.1	-22.5546
36541.8	-22.5403
36552.6	-22.5261
36563.4	-22.5117
36574.1	-22.4974
36584.9	-22.483
36595.7	-22.4686
36606.4	-22.4542
36617.2	-22.4397
36628	-22.4252
36638.7	-22.4106
36649.5	-22.396
36660.3	-22.3814
36671	-22.3668
36681.8	-22.3521
36692.6	-22.3373
36703.3	-22.3227
36714.1	-22.3078
36724.9	-22.293
36735.6	-22.2781
36746.4	-22.2632
36757.2	-22.2483
36767.9	-22.2333
36778.7	-22.2183
36789.5	-22.2033
36800.2	-22.1883
36811	-22.1731
36821.8	-22.158
36832.5	-22.1428
36843.3	-22.1276
36854.1	-22.1123
36864.8	-22.097
36875.6	-22.0817
36886.4	-22.0663
36897.1	-22.0509
36907.9	-22.0355
36918.7	-22.02
36929.4	-22.0045
36940.2	-21.9889
36951	-21.9733
36961.7	-21.9577
36972.5	-21.942
36983.3	-21.9263
36994	-21.9106
37004.8	-21.8948
37015.6	-21.879
37026.3	-21.8631
37037.1	-21.8472
37047.9	-21.8313
37058.6	-21.8153
37069.4	-21.7993
37080.2	-21.7832
37090.9	-21.7671
37101.7	-21.7509
37112.5	-21.7348
37123.2	-21.7185
37134	-21.7023
37144.8	-21.686
37155.5	-21.6696
37166.3	-21.6532
37177.1	-21.6368
37187.8	-21.6203
37198.6	-21.6037
37209.4	-21.5872
37220.1	-21.5706
37230.9	-21.554
37241.7	-21.5373
37252.4	-21.5206
37263.2	-21.5038
37274	-21.487
37284.7	-21.4701
37295.5	-21.4532
37306.3	-21.4363
37317	-21.4193
37327.8	-21.4022
37338.6	-21.3851
37349.3	-21.368
37360.1	-21.3508
37370.9	-21.3336
37381.6	-21.3164
37392.4	-21.2991
37403.2	-21.2817
37413.9	-21.2643
37424.7	-21.2469
37435.5	-21.2294
37446.2	-21.2118
37457	-21.1942
37467.8	-21.1766
37478.5	-21.1589
37489.3	-21.1412
37500.1	-21.1234
37510.8	-21.1056
37521.6	-21.0877
37532.4	-21.0698
37543.1	-21.0518
37553.9	-21.0338
37564.7	-21.0157
37575.4	-20.9976
37586.2	-20.9794
37597	-20.9612
37607.7	-20.9429
37618.5	-20.9246
37629.3	-20.9063
37640	-20.8878
37650.8	-20.8694
37661.6	-20.8508
37672.3	-20.8323
37683.1	-20.8136
37693.9	-20.795
37704.6	-20.7762
37715.4	-20.7574
37726.2	-20.7386
37736.9	-20.7197
37747.7	-20.7008
37758.5	-20.6818
37769.2	-20.6627
37780	-20.6436
37790.8	-20.6244
37801.5	-20.6052
37812.3	-20.5859
37823.1	-20.5666
37833.8	-20.5472
37844.6	-20.5278
37855.4	-20.5083
37866.1	-20.4887
37876.9	-20.4691
37887.7	-20.4494
37898.4	-20.4297
37909.2	-20.4099
37920	-20.3901
37930.7	-20.3702
37941.5	-20.3502
37952.3	-20.3302
37963	-20.3101
37973.8	-20.29
37984.6	-20.2698
37995.3	-20.2495
38006.1	-20.2292
38016.9	-20.2088
38027.6	-20.1884
38038.4	-20.1679
38049.2	-20.1473
38059.9	-20.1267
38070.7	-20.106
38081.5	-20.0853
38092.2	-20.0644
38103	-20.0436
38113.8	-20.0226
38124.5	-20.0016
38135.3	-19.9805
38146.1	-19.9594
38156.8	-19.9382
38167.6	-19.9169
38178.4	-19.8956
38189.1	-19.8742
38199.9	-19.8527
38210.7	-19.8312
38221.4	-19.8096
38232.2	-19.7879
38243	-19.7662
38253.7	-19.7443
38264.5	-19.7225
38275.3	-19.7005
38286	-19.6785
38296.8	-19.6564
38307.6	-19.6342
38318.3	-19.612
38329.1	-19.5897
38339.9	-19.5673
38350.6	-19.5449
38361.4	-19.5224
38372.2	-19.4998
38382.9	-19.4771
38393.7	-19.4543
38404.5	-19.4315
38415.2	-19.4086
38426	-19.3856
38436.8	-19.3626
38447.5	-19.3395
38458.3	-19.3163
38469.1	-19.293
38479.8	-19.2696
38490.6	-19.2462
38501.4	-19.2227
38512.1	-19.1991
38522.9	-19.1754
38533.7	-19.1517
38544.4	-19.1278
38555.2	-19.1039
38566	-19.0799
38576.7	-19.0558
38587.5	-19.0317
38598.3	-19.0074
38609	-18.9831
38619.8	-18.9587
38630.6	-18.9342
38641.3	-18.9096
38652.1	-18.8849
38662.9	-18.8601
38673.6	-18.8353
38684.4	-18.8104
38695.2	-18.7853
38705.9	-18.7602
38716.7	-18.735
38727.5	-18.7097
38738.2	-18.6843
38749	-18.6589
38759.8	-18.6333
38770.5	-18.6076
38781.3	-18.5819
38792.1	-18.556
38802.8	-18.5301
38813.6	-18.5041
38824.4	-18.4779
38835.1	-18.4517
38845.9	-18.4254
38856.7	-18.3989
38867.4	-18.3724
38878.2	-18.3458
38889	-18.3191
38899.7	-18.2923
38910.5	-18.2653
38921.3	-18.2383
38932	-18.2112
38942.8	-18.1839
38953.6	-18.1566
38964.3	-18.1292
38975.1	-18.1016
38985.9	-18.074
38996.6	-18.0462
39007.4	-18.0183
39018.2	-17.9904
39028.9	-17.9623
39039.7	-17.9341
39050.5	-17.9058
39061.2	-17.8774
39072	-17.8488
39082.8	-17.8202
39093.5	-17.7914
39104.3	-17.7626
39115.1	-17.7336
39125.8	-17.7045
39136.6	-17.6753
39147.4	-17.6459
39158.1	-17.6165
39168.9	-17.5869
39179.7	-17.5572
39190.4	-17.5274
39201.2	-17.4974
39212	-17.4674
39222.7	-17.4372
39233.5	-17.4068
39244.3	-17.3764
39255	-17.3458
39265.8	-17.3151
39276.6	-17.2843
39287.3	-17.2533
39298.1	-17.2222
39308.9	-17.191
39319.6	-17.1597
39330.4	-17.1282
39341.2	-17.0965
39351.9	-17.0648
39362.7	-17.0329
39373.5	-17.0008
39384.2	-16.9686
39395	-16.9363
39405.8	-16.9038
39416.5	-16.8712
39427.3	-16.8385
39438.1	-16.8056
39448.8	-16.7725
39459.6	-16.7393
39470.4	-16.706
39481.1	-16.6725
39491.9	-16.6388
39502.7	-16.605
39513.4	-16.5711
39524.2	-16.5369
39535	-16.5027
39545.7	-16.4682
39556.5	-16.4336
39567.3	-16.3989
39578	-16.364
39588.8	-16.3289
39599.6	-16.2936
39610.3	-16.2582
39621.1	-16.2226
39631.9	-16.1869
39642.6	-16.151
39653.4	-16.1149
39664.2	-16.0786
39674.9	-16.0421
39685.7	-16.0055
39696.5	-15.9687
39707.2	-15.9317
39718	-15.8945
39728.8	-15.8572
39739.5	-15.8196
39750.3	-15.7819
39761.1	-15.744
39771.8	-15.7059
39782.6	-15.6676
39793.4	-15.6291
39804.1	-15.5904
39814.9	-15.5515
39825.7	-15.5124
39836.4	-15.4731
39847.2	-15.4336
39858	-15.3939
39868.7	-15.354
39879.5	-15.3138
39890.3	-15.2735
39901	-15.2329
39911.8	-15.1922
39922.6	-15.1512
39933.3	-15.11
39944.1	-15.0685
39954.9	-15.0269
39965.6	-14.985
39976.4	-14.9429
39987.2	-14.9005
39997.9	-14.8579
40008.7	-14.8151
40019.5	-14.772
40030.2	-14.7287
40041	-14.6852
40051.8	-14.6414
40062.5	-14.5973
40073.3	-14.553
40084.1	-14.5085
40094.8	-14.4637
40105.6	-14.4186
40116.4	-14.3732
40127.1	-14.3276
40137.9	-14.2817
40148.7	-14.2356
40159.4	-14.1892
40170.2	-14.1425
40181	-14.0955
40191.7	-14.0482
40202.5	-14.0007
40213.3	-13.9528
40224	-13.9047
40234.8	-13.8562
40245.6	-13.8075
40256.3	-13.7584
40267.1	-13.7091
40277.9	-13.6594
40288.6	-13.6094
40299.4	-13.5591
40310.2	-13.5085
40320.9	-13.4575
40331.7	-13.4062
40342.5	-13.3546
40353.2	-13.3026
40364	-13.2503
40374.8	-13.1976
40385.5	-13.1446
40396.3	-13.0913
40407.1	-13.0375
40417.8	-12.9834
40428.6	-12.929
40439.4	-12.8741
40450.1	-12.8189
40460.9	-12.7633
40471.7	-12.7073
40482.4	-12.6509
40493.2	-12.5941
40504	-12.5369
40514.7	-12.4793
40525.5	-12.4213
40536.3	-12.3628
40547	-12.304
40557.8	-12.2446
40568.6	-12.1849
40579.3	-12.1247
40590.1	-12.064
40600.9	-12.0029
40611.6	-11.9413
40622.4	-11.8793
40633.2	-11.8168
40643.9	-11.7537
40654.7	-11.6902
40665.5	-11.6262
40676.2	-11.5617
40687	-11.4967
40697.8	-11.4311
40708.5	-11.365
40719.3	-11.2984
40730.1	-11.2312
40740.8	-11.1635
40751.6	-11.0952
40762.4	-11.0263
40773.1	-10.9568
40783.9	-10.8868
40794.7	-10.8161
40805.4	-10.7449
40816.2	-10.673
40827	-10.6004
40837.7	-10.5273
40848.5	-10.4535
40859.3	-10.379
40870	-10.3038
40880.8	-10.228
40891.6	-10.1514
40902.3	-10.0741
40913.1	-9.99614
40923.9	-9.91741
40934.6	-9.83793
40945.4	-9.75768
40956.2	-9.67665
40966.9	-9.59483
40977.7	-9.5122
40988.5	-9.42874
40999.2	-9.34444
41010	-9.25929
41020.8	-9.17326
41031.5	-9.08634
41042.3	-8.99851
41053.1	-8.90976
41063.8	-8.82006
41074.6	-8.7294
41085.4	-8.63775
41096.1	-8.5451
41106.9	-8.45142
41117.7	-8.35669
41128.4	-8.26089
41139.2	-8.16399
41150	-8.06598
41160.7	-7.96682
41171.5	-7.86649
41182.3	-7.76497
41193	-7.66222
41203.8	-7.55822
41214.6	-7.45293
41225.3	-7.34633
41236.1	-7.23839
41246.9	-7.12907
41257.6	-7.01833
41268.4	-6.90615
41279.2	-6.79248
41289.9	-6.67728
41300.7	-6.56054
41311.5	-6.44217
41322.2	-6.32216
41333	-6.20046
41343.8	-6.07701
41354.5	-5.95178
41365.3	-5.82471
41376	-5.69574
41386.8	-5.56483
41397.6	-5.43191
41408.3	-5.29692
41419.1	-5.1598
41429.9	-5.02048
41440.6	-4.87889
41451.4	-4.73497
41462.2	-4.58863
41472.9	-4.43979
41483.7	-4.28837
41494.5	-4.13428
41505.2	-3.97742
41516	-3.8177
41526.8	-3.65502
41537.5	-3.48925
41548.3	-3.3203
41559.1	-3.14803
41569.8	-2.97231
41580.6	-2.79301
41591.4	-2.60999
41602.1	-2.42307
41612.9	-2.2321
41623.7	-2.03691
41634.4	-1.8373
41645.2	-1.63308
41656	-1.42403
41666.7	-1.20992
41677.5	-0.990494
41688.3	-0.765499
41699	-0.534649
41709.8	-0.297626
41720.6	-0.0541077
41731.3	0.196273
41742.1	0.453906
41752.9	0.719216
41763.6	0.992668
41774.4	1.27477
41785.2	1.56607
41795.9	1.86719
41806.7	2.17879
41817.5	2.50161
41828.2	2.83648
41839	3.18431
41849.8	3.54611
41860.5	3.92302
41871.3	4.31632
41882.1	4.72744
41892.8	5.15802
41903.6	5.60988
41914.4	6.08514
41925.1	6.58618
41935.9	7.11573
41946.7	7.67692
41957.4	8.27328
41968.2	8.9088
41979	9.58781
41989.7	10.3148
42000.5	11.0935
42011.3	11.9255
42022	12.8045
42032.8	13.7029
42043.6	14.5243
42054.3	14.9059
42065.1	12.7654
42075.9	16.7325
42086.6	48.9129
42097.4	60.4731
42108.2	56.7358
42118.9	31.0051
42129.7	4.54569
42140.5	14.5722
42151.2	14.8541
42162	14.1752
42172.8	13.3052
42183.5	12.4221
42194.3	11.5769
42205.1	10.7834
42215.8	10.0429
42226.6	9.35221
42237.4	8.7072
42248.1	8.10338
42258.9	7.5366
42269.7	7.00311
42280.4	6.49961
42291.2	6.02317
42302	5.57126
42312.7	5.14165
42323.5	4.73237
42334.3	4.34171
42345	3.96814
42355.8	3.61031
42366.6	3.26703
42377.3	2.93722
42388.1	2.61993
42398.9	2.31429
42409.6	2.01954
42420.4	1.73496
42431.2	1.45992
42441.9	1.19385
42452.7	0.936217
42463.5	0.686538
42474.2	0.444372
42485	0.209315
42495.8	-0.0190066
42506.5	-0.240938
42517.3	-0.456795
42528.1	-0.666874
42538.8	-0.871447
42549.6	-1.07077
42560.4	-1.26507
42571.1	-1.45458
42581.9	-1.6395
42592.7	-1.82002
42603.4	-1.99632
42614.2	-2.16857
42625	-2.33692
42635.7	-2.50154
42646.5	-2.66255
42657.3	-2.82009
42668	-2.97428
42678.8	-3.12524
42689.6	-3.27308
42700.3	-3.4179
42711.1	-3.55981
42721.9	-3.6989
42732.6	-3.83526
42743.4	-3.96897
42754.2	-4.10011
42764.9	-4.22876
42775.7	-4.35499
42786.5	-4.47888
42797.2	-4.60047
42808	-4.71986
42818.8	-4.83708
42829.5	-4.95219
42840.3	-5.06526
42851.1	-5.17634
42861.8	-5.28547
42872.6	-5.39269
42883.4	-5.49807
42894.1	-5.60164
42904.9	-5.70345
42915.7	-5.80352
42926.4	-5.90191
42937.2	-5.99865
42948	-6.09377
42958.7	-6.18732
42969.5	-6.27931
42980.3	-6.36979
42991	-6.45879
43001.8	-6.54632
43012.6	-6.63243
43023.3	-6.71714
43034.1	-6.80048
43044.9	-6.88246
43055.6	-6.96312
43066.4	-7.04247
43077.2	-7.12055
43087.9	-7.19736
43098.7	-7.27295
43109.5	-7.34731
43120.2	-7.42048
43131	-7.49246
43141.8	-7.56329
43152.5	-7.63297
43163.3	-7.70153
43174.1	-7.76897
43184.8	-7.83533
43195.6	-7.90061
43206.4	-7.96481
43217.1	-8.02798
43227.9	-8.0901
43238.7	-8.15121
43249.4	-8.2113
43260.2	-8.2704
43271	-8.32851
43281.7	-8.38566
43292.5	-8.44183
43303.3	-8.49707
43314	-8.55135
43324.8	-8.60472
43335.6	-8.65716
43346.3	-8.70869
43357.1	-8.75932
43367.9	-8.80906
43378.6	-8.85792
43389.4	-8.9059
43400.2	-8.95302
43410.9	-8.99928
43421.7	-9.04469
43432.5	-9.08926
43443.2	-9.13299
43454	-9.1759
43464.8	-9.21798
43475.5	-9.25925
43486.3	-9.29971
43497.1	-9.33937
43507.8	-9.37824
43518.6	-9.41631
43529.4	-9.4536
43540.1	-9.49011
43550.9	-9.52585
43561.7	-9.56082
43572.4	-9.59502
43583.2	-9.62847
43594	-9.66116
43604.7	-9.6931
43615.5	-9.7243
43626.3	-9.75475
43637	-9.78447
43647.8	-9.81346
43658.6	-9.84171
43669.3	-9.86924
43680.1	-9.89605
43690.9	-9.92214
43701.6	-9.94752
43712.4	-9.97218
43723.2	-9.99613
43733.9	-10.0194
43744.7	-10.0419
43755.5	-10.0638
43766.2	-10.0849
43777	-10.1054
43787.8	-10.1251
43798.5	-10.1442
43809.3	-10.1626
43820.1	-10.1803
43830.8	-10.1973
43841.6	-10.2136
43852.4	-10.2292
43863.1	-10.2442
43873.9	-10.2585
43884.7	-10.2721
43895.4	-10.2851
43906.2	-10.2973
43917	-10.3089
43927.7	-10.3198
43938.5	-10.3301
43949.3	-10.3397
43960	-10.3486
43970.8	-10.3569
43981.6	-10.3645
43992.3	-10.3714
44003.1	-10.3777
44013.9	-10.3833
44024.6	-10.3883
44035.4	-10.3925
44046.2	-10.3962
44056.9	-10.3991
44067.7	-10.4014
44078.5	-10.4031
44089.2	-10.4041

