0	-15.3693
10.7666	-15.3692
21.5332	-15.3691
32.2998	-15.3688
43.0664	-15.3684
53.833	-15.368
64.5996	-15.3674
75.3662	-15.3667
86.1328	-15.366
96.8994	-15.3651
107.666	-15.3641
118.433	-15.3631
129.199	-15.3619
139.966	-15.3606
150.732	-15.3592
161.499	-15.3577
172.266	-15.3561
183.032	-15.3545
193.799	-15.3527
204.565	-15.3507
215.332	-15.3488
226.099	-15.3467
236.865	-15.3445
247.632	-15.3421
258.398	-15.3397
269.165	-15.3372
279.932	-15.3346
290.698	-15.3319
301.465	-15.3291
312.231	-15.3261
322.998	-15.3231
333.765	-15.32
344.531	-15.3167
355.298	-15.3134
366.064	-15.31
376.831	-15.3064
387.598	-15.3028
398.364	-15.299
409.131	-15.2952
419.897	-15.2912
430.664	-15.2871
441.431	-15.283
452.197	-15.2787
462.964	-15.2743
473.73	-15.2698
484.497	-15.2652
495.264	-15.2605
506.03	-15.2558
516.797	-15.2509
527.563	-15.2459
538.33	-15.2407
549.097	-15.2355
559.863	-15.2302
570.63	-15.2248
581.396	-15.2193
592.163	-15.2136
602.93	-15.2079
613.696	-15.202
624.463	-15.1961
635.229	-15.19
645.996	-15.1839
656.763	-15.1776
667.529	-15.1712
678.296	-15.1647
689.062	-15.1582
699.829	-15.1515
710.596	-15.1447
721.362	-15.1377
732.129	-15.1307
742.896	-15.1236
753.662	-15.1164
764.429	-15.109
775.195	-15.1016
785.962	-15.094
796.729	-15.0864
807.495	-15.0786
818.262	-15.0707
829.028	-15.0628
839.795	-15.0547
850.562	-15.0465
861.328	-15.0382
872.095	-15.0297
882.861	-15.0212
893.628	-15.0126
904.395	-15.0038
915.161	-14.995
925.928	-14.986
936.694	-14.9769
947.461	-14.9677
958.228	-14.9584
968.994	-14.949
979.761	-14.9395
990.527	-14.9299
1001.29	-14.9201
1012.06	-14.9103
1022.83	-14.9003
1033.59	-14.8902
1044.36	-14.88
1055.13	-14.8697
1065.89	-14.8593
1076.66	-14.8488
1087.43	-14.8381
1098.19	-14.8274
1108.96	-14.8165
1119.73	-14.8055
1130.49	-14.7944
1141.26	-14.7832
1152.03	-14.7719
1162.79	-14.7604
1173.56	-14.7489
1184.33	-14.7372
1195.09	-14.7254
1205.86	-14.7135
1216.63	-14.7015
1227.39	-14.6894
1238.16	-14.6771
1248.93	-14.6647
1259.69	-14.6522
1270.46	-14.6396
1281.23	-14.6269
1291.99	-14.6141
1302.76	-14.6011
1313.53	-14.588
1324.29	-14.5748
1335.06	-14.5615
1345.83	-14.5481
1356.59	-14.5345
1367.36	-14.5208
1378.12	-14.507
1388.89	-14.4931
1399.66	-14.4791
1410.42	-14.4649
1421.19	-14.4506
1431.96	-14.4362
1442.72	-14.4217
1453.49	-14.407
1464.26	-14.3922
1475.02	-14.3773
1485.79	-14.3623
1496.56	-14.3471
1507.32	-14.3319
1518.09	-14.3165
1528.86	-14.3009
1539.62	-14.2853
1550.39	-14.2695
1561.16	-14.2536
1571.92	-14.2375
1582.69	-14.2214
1593.46	-14.2051
1604.22	-14.1887
1614.99	-14.1721
1625.76	-14.1554
1636.52	-14.1386
1647.29	-14.1217
1658.06	-14.1046
1668.82	-14.0874
1679.59	-14.07
1690.36	-14.0526
1701.12	-14.035
1711.89	-14.0172
1722.66	-13.9993
1733.42	-13.9813
1744.19	-13.9632
1754.96	-13.9449
1765.72	-13.9265
1776.49	-13.9079
1787.26	-13.8893
1798.02	-13.8704
1808.79	-13.8515
1819.56	-13.8324
1830.32	-13.8131
1841.09	-13.7937
1851.86	-13.7742
1862.62	-13.7545
1873.39	-13.7347
1884.16	-13.7148
1894.92	-13.6947
1905.69	-13.6745
1916.46	-13.6541
1927.22	-13.6335
1937.99	-13.6129
1948.75	-13.5921
1959.52	-13.5711
1970.29	-13.55
1981.05	-13.5287
1991.82	-13.5073
2002.59	-13.4858
2013.35	-13.464
2024.12	-13.4422
2034.89	-13.4202
2045.65	-13.398
2056.42	-13.3757
2067.19	-13.3532
2077.95	-13.3306
2088.72	-13.3078
2099.49	-13.2849
2110.25	-13.2618
2121.02	-13.2385
2131.79	-13.2151
2142.55	-13.1916
2153.32	-13.1678
2164.09	-13.1439
2174.85	-13.1199
2185.62	-13.0957
2196.39	-13.0713
2207.15	-13.0467
2217.92	-13.0221
2228.69	-12.9972
2239.45	-12.9721
2250.22	-12.9469
2260.99	-12.9215
2271.75	-12.896
2282.52	-12.8703
2293.29	-12.8444
2304.05	-12.8183
2314.82	-12.7921
2325.59	-12.7657
2336.35	-12.7391
2347.12	-12.7123
2357.89	-12.6854
2368.65	-12.6583
2379.42	-12.631
2390.19	-12.6035
2400.95	-12.5758
2411.72	-12.548
2422.49	-12.5199
2433.25	-12.4917
2444.02	-12.4633
2454.79	-12.4347
2465.55	-12.4059
2476.32	-12.3769
2487.08	-12.3478
2497.85	-12.3184
2508.62	-12.2889
2519.38	-12.2591
2530.15	-12.2292
2540.92	-12.199
2551.68	-12.1687
2562.45	-12.1381
2573.22	-12.1074
2583.98	-12.0764
2594.75	-12.0453
2605.52	-12.0139
2616.28	-11.9823
2627.05	-11.9506
2637.82	-11.9186
2648.58	-11.8864
2659.35	-11.8539
2670.12	-11.8213
2680.88	-11.7884
2691.65	-11.7554
2702.42	-11.7221
2713.18	-11.6886
2723.95	-11.6548
2734.72	-11.6209
2745.48	-11.5867
2756.25	-11.5522
2767.02	-11.5176
2777.78	-11.4827
2788.55	-11.4476
2799.32	-11.4122
2810.08	-11.3766
2820.85	-11.3408
2831.62	-11.3047
2842.38	-11.2684
2853.15	-11.2318
2863.92	-11.195
2874.68	-11.1579
2885.45	-11.1206
2896.22	-11.083
2906.98	-11.0451
2917.75	-11.007
2928.52	-10.9687
2939.28	-10.9301
2950.05	-10.8912
2960.82	-10.852
2971.58	-10.8126
2982.35	-10.7729
2993.12	-10.7329
3003.88	-10.6926
3014.65	-10.6521
3025.42	-10.6112
3036.18	-10.5701
3046.95	-10.5287
3057.71	-10.487
3068.48	-10.445
3079.25	-10.4027
3090.01	-10.3601
3100.78	-10.3172
3111.55	-10.274
3122.31	-10.2305
3133.08	-10.1866
3143.85	-10.1425
3154.61	-10.098
3165.38	-10.0532
3176.15	-10.0081
3186.91	-9.96266
3197.68	-9.91689
3208.45	-9.87075
3219.21	-9.8243
3229.98	-9.77749
3240.75	-9.73033
3251.51	-9.68282
3262.28	-9.63496
3273.05	-9.58673
3283.81	-9.53814
3294.58	-9.48919
3305.35	-9.43984
3316.11	-9.39014
3326.88	-9.34005
3337.65	-9.28957
3348.41	-9.2387
3359.18	-9.18744
3369.95	-9.13578
3380.71	-9.08371
3391.48	-9.03123
3402.25	-8.97834
3413.01	-8.92502
3423.78	-8.87129
3434.55	-8.81712
3445.31	-8.76251
3456.08	-8.70746
3466.85	-8.65197
3477.61	-8.59602
3488.38	-8.53961
3499.15	-8.48274
3509.91	-8.42539
3520.68	-8.36757
3531.45	-8.30926
3542.21	-8.25046
3552.98	-8.19116
3563.75	-8.13136
3574.51	-8.07104
3585.28	-8.0102
3596.04	-7.94885
3606.81	-7.88694
3617.58	-7.82451
3628.34	-7.76151
3639.11	-7.69796
3649.88	-7.63385
3660.64	-7.56916
3671.41	-7.50388
3682.18	-7.43801
3692.94	-7.37154
3703.71	-7.30445
3714.48	-7.23674
3725.24	-7.1684
3736.01	-7.09942
3746.78	-7.02979
3757.54	-6.95949
3768.31	-6.88852
3779.08	-6.81686
3789.84	-6.7445
3800.61	-6.67144
3811.38	-6.59765
3822.14	-6.52313
3832.91	-6.44786
3843.68	-6.37184
3854.44	-6.29503
3865.21	-6.21744
3875.98	-6.13905
3886.74	-6.05984
3897.51	-5.97979
3908.28	-5.89891
3919.04	-5.81715
3929.81	-5.73451
3940.58	-5.65097
3951.34	-5.56652
3962.11	-5.48113
3972.88	-5.39479
3983.64	-5.30747
3994.41	-5.21917
4005.18	-5.12984
4015.94	-5.03948
4026.71	-4.94807
4037.48	-4.85557
4048.24	-4.76197
4059.01	-4.66724
4069.78	-4.57136
4080.54	-4.47429
4091.31	-4.37602
4102.08	-4.27652
4112.84	-4.17575
4123.61	-4.07368
4134.38	-3.97029
4145.14	-3.86554
4155.91	-3.7594
4166.67	-3.65184
4177.44	-3.54281
4188.21	-3.43228
4198.97	-3.3202
4209.74	-3.20656
4220.51	-3.09128
4231.27	-2.97434
4242.04	-2.85569
4252.81	-2.73527
4263.57	-2.61304
4274.34	-2.48895
4285.11	-2.36294
4295.87	-2.23496
4306.64	-2.10494
4317.41	-1.97282
4328.17	-1.83854
4338.94	-1.70203
4349.71	-1.56321
4360.47	-1.42202
4371.24	-1.27836
4382.01	-1.13217
4392.77	-0.983347
4403.54	-0.831801
4414.31	-0.677438
4425.07	-0.520153
4435.84	-0.359839
4446.61	-0.196381
4457.37	-0.0296571
4468.14	0.14046
4478.91	0.314106
4489.67	0.491425
4500.44	0.672571
4511.21	0.857708
4521.97	1.04701
4532.74	1.24066
4543.51	1.43885
4554.27	1.64181
4565.04	1.84975
4575.81	2.06292
4586.57	2.28159
4597.34	2.50602
4608.11	2.73654
4618.87	2.97346
4629.64	3.21714
4640.41	3.46796
4651.17	3.72635
4661.94	3.99277
4672.71	4.2677
4683.47	4.55171
4694.24	4.84538
4705	5.14937
4715.77	5.46443
4726.54	5.79135
4737.3	6.13102
4748.07	6.48446
4758.84	6.85276
4769.6	7.23719
4780.37	7.63916
4791.14	8.06026
4801.9	8.50229
4812.67	8.96731
4823.44	9.45767
4834.2	9.97603
4844.97	10.5255
4855.74	11.1094
4866.5	11.7318
4877.27	12.397
4888.04	13.1094
4898.8	13.873
4909.57	14.6899
4920.34	15.5558
4931.1	16.4482
4941.87	17.2881
4952.64	17.7865
4963.4	16.4584
4974.17	12.681
4984.94	44.9795
4995.7	59.7642
5006.47	58.3239
5017.24	38.3894
5028	-24.7448
5038.77	17.0579
5049.54	17.7094
5060.3	17.094
5071.07	16.2293
5081.84	15.3357
5092.6	14.4753
5103.37	13.6653
5114.14	12.9084
5124.9	12.2018
5135.67	11.5415
5146.44	10.923
5157.2	10.342
5167.97	9.79481
5178.74	9.278
5189.5	8.78859
5200.27	8.324
5211.04	7.88195
5221.8	7.46042
5232.57	7.05768
5243.33	6.67216
5254.1	6.30248
5264.87	5.94744
5275.63	5.60593
5286.4	5.27698
5297.17	4.95971
5307.93	4.65334
5318.7	4.35715
5329.47	4.0705
5340.23	3.79279
5351	3.5235
5361.77	3.26212
5372.53	3.00822
5383.3	2.76137
5394.07	2.52121
5404.83	2.28738
5415.6	2.05955
5426.37	1.83744
5437.13	1.62075
5447.9	1.40924
5458.67	1.20266
5469.43	1.00079
5480.2	0.803419
5490.97	0.610354
5501.73	0.421412
5512.5	0.236419
5523.27	0.0552163
5534.03	-0.122349
5544.8	-0.29642
5555.57	-0.46713
5566.33	-0.634606
5577.1	-0.798968
5587.87	-0.960331
5598.63	-1.1188
5609.4	-1.27447
5620.17	-1.42745
5630.93	-1.57783
5641.7	-1.72569
5652.47	-1.87111
5663.23	-2.01418
5674	-2.15496
5684.77	-2.29354
5695.53	-2.42997
5706.3	-2.56432
5717.07	-2.69666
5727.83	-2.82704
5738.6	-2.95553
5749.37	-3.08217
5760.13	-3.20701
5770.9	-3.33011
5781.67	-3.45151
5792.43	-3.57127
5803.2	-3.68941
5813.96	-3.806
5824.73	-3.92106
5835.5	-4.03464
5846.26	-4.14677
5857.03	-4.25749
5867.8	-4.36683
5878.56	-4.47483
5889.33	-4.58152
5900.1	-4.68693
5910.86	-4.79109
5921.63	-4.89403
5932.4	-4.99578
5943.16	-5.09637
5953.93	-5.19581
5964.7	-5.29414
5975.46	-5.39138
5986.23	-5.48756
5997	-5.58268
6007.76	-5.6768
6018.53	-5.76991
6029.3	-5.86204
6040.06	-5.95321
6050.83	-6.04345
6061.6	-6.13276
6072.36	-6.22117
6083.13	-6.30869
6093.9	-6.39535
6104.66	-6.48116
6115.43	-6.56614
6126.2	-6.65029
6136.96	-6.73364
6147.73	-6.81621
6158.5	-6.898
6169.26	-6.97903
6180.03	-7.05931
6190.8	-7.13887
6201.56	-7.2177
6212.33	-7.29583
6223.1	-7.37326
6233.86	-7.45
6244.63	-7.52608
6255.4	-7.6015
6266.16	-7.67627
6276.93	-7.7504
6287.7	-7.82391
6298.46	-7.89679
6309.23	-7.96907
6320	-8.04075
6330.76	-8.11185
6341.53	-8.18237
6352.29	-8.25231
6363.06	-8.3217
6373.83	-8.39054
6384.59	-8.45883
6395.36	-8.52659
6406.13	-8.59381
6416.89	-8.66053
6427.66	-8.72673
6438.43	-8.79242
6449.19	-8.85762
6459.96	-8.92234
6470.73	-8.98656
6481.49	-9.05032
6492.26	-9.1136
6503.03	-9.17643
6513.79	-9.23879
6524.56	-9.30071
6535.33	-9.36218
6546.09	-9.42322
6556.86	-9.48383
6567.63	-9.54401
6578.39	-9.60378
6589.16	-9.66312
6599.93	-9.72207
6610.69	-9.7806
6621.46	-9.83874
6632.23	-9.89649
6642.99	-9.95385
6653.76	-10.0108
6664.53	-10.0674
6675.29	-10.1237
6686.06	-10.1795
6696.83	-10.235
6707.59	-10.2901
6718.36	-10.3449
6729.13	-10.3994
6739.89	-10.4534
6750.66	-10.5072
6761.43	-10.5606
6772.19	-10.6137
6782.96	-10.6664
6793.73	-10.7188
6804.49	-10.7709
6815.26	-10.8227
6826.03	-10.8741
6836.79	-10.9253
6847.56	-10.9761
6858.33	-11.0267
6869.09	-11.0769
6879.86	-11.1268
6890.62	-11.1765
6901.39	-11.2258
6912.16	-11.2749
6922.92	-11.3237
6933.69	-11.3722
6944.46	-11.4204
6955.22	-11.4683
6965.99	-11.516
6976.76	-11.5634
6987.52	-11.6106
6998.29	-11.6574
7009.06	-11.7041
7019.82	-11.7504
7030.59	-11.7965
7041.36	-11.8423
7052.12	-11.8879
7062.89	-11.9333
7073.66	-11.9784
7084.42	-12.0233
7095.19	-12.0679
7105.96	-12.1123
7116.72	-12.1564
7127.49	-12.2003
7138.26	-12.244
7149.02	-12.2874
7159.79	-12.3307
7170.56	-12.3737
7181.32	-12.4164
7192.09	-12.459
7202.86	-12.5014
7213.62	-12.5435
7224.39	-12.5854
7235.16	-12.6271
7245.92	-12.6686
7256.69	-12.7099
7267.46	-12.7509
7278.22	-12.7918
7288.99	-12.8325
7299.76	-12.8729
7310.52	-12.9132
7321.29	-12.9533
7332.06	-12.9932
7342.82	-13.0328
7353.59	-13.0723
7364.36	-13.1116
7375.12	-13.1507
7385.89	-13.1897
7396.66	-13.2284
7407.42	-13.267
7418.19	-13.3054
7428.96	-13.3436
7439.72	-13.3816
7450.49	-13.4194
7461.25	-13.4571
7472.02	-13.4946
7482.79	-13.5319
7493.55	-13.569
7504.32	-13.606
7515.09	-13.6428
7525.85	-13.6795
7536.62	-13.7159
7547.39	-13.7523
7558.15	-13.7884
7568.92	-13.8244
7579.69	-13.8602
7590.45	-13.8959
7601.22	-13.9314
7611.99	-13.9668
7622.75	-14.002
7633.52	-14.037
7644.29	-14.0719
7655.05	-14.1066
7665.82	-14.1412
7676.59	-14.1757
7687.35	-14.21
7698.12	-14.2441
7708.89	-14.2781
7719.65	-14.312
7730.42	-14.3457
7741.19	-14.3793
7751.95	-14.4127
7762.72	-14.446
7773.49	-14.4791
7784.25	-14.5121
7795.02	-14.545
7805.79	-14.5777
7816.55	-14.6104
7827.32	-14.6428
7838.09	-14.6752
7848.85	-14.7074
7859.62	-14.7394
7870.39	-14.7714
7881.15	-14.8032
7891.92	-14.8349
7902.69	-14.8664
7913.45	-14.8979
7924.22	-14.9292
7934.99	-14.9603
7945.75	-14.9914
7956.52	-15.0223
7967.29	-15.0531
7978.05	-15.0838
7988.82	-15.1144
7999.58	-15.1448
8010.35	-15.1752
8021.12	-15.2054
8031.88	-15.2355
8042.65	-15.2655
8053.42	-15.2953
8064.18	-15.3251
8074.95	-15.3547
8085.72	-15.3842
8096.48	-15.4136
8107.25	-15.4429
8118.02	-15.4721
8128.78	-15.5012
8139.55	-15.5302
8150.32	-15.559
8161.08	-15.5878
8171.85	-15.6164
8182.62	-15.6449
8193.38	-15.6734
8204.15	-15.7017
8214.92	-15.7299
8225.68	-15.758
8236.45	-15.786
8247.22	-15.814
8257.98	-15.8418
8268.75	-15.8695
8279.52	-15.8971
8290.28	-15.9246
8301.05	-15.952
8311.82	-15.9793
8322.58	-16.0065
8333.35	-16.0336
8344.12	-16.0606
8354.88	-16.0875
8365.65	-16.1144
8376.42	-16.1411
8387.18	-16.1677
8397.95	-16.1942
8408.72	-16.2207
8419.48	-16.2471
8430.25	-16.2733
8441.02	-16.2995
8451.78	-16.3256
8462.55	-16.3515
8473.32	-16.3774
8484.08	-16.4032
8494.85	-16.429
8505.62	-16.4546
8516.38	-16.4801
8527.15	-16.5056
8537.92	-16.5309
8548.68	-16.5562
8559.45	-16.5814
8570.21	-16.6065
8580.98	-16.6316
8591.75	-16.6565
8602.51	-16.6813
8613.28	-16.7061
8624.05	-16.7308
8634.81	-16.7554
8645.58	-16.7799
8656.35	-16.8044
8667.11	-16.8287
8677.88	-16.853
8688.65	-16.8772
8699.41	-16.9013
8710.18	-16.9254
8720.95	-16.9493
8731.71	-16.9732
8742.48	-16.997
8753.25	-17.0207
8764.01	-17.0444
8774.78	-17.068
8785.55	-17.0915
8796.31	-17.1149
8807.08	-17.1382
8817.85	-17.1615
8828.61	-17.1847
8839.38	-17.2078
8850.15	-17.2309
8860.91	-17.2538
8871.68	-17.2767
8882.45	-17.2996
8893.21	-17.3223
8903.98	-17.345
8914.75	-17.3676
8925.51	-17.3901
8936.28	-17.4126
8947.05	-17.435
8957.81	-17.4573
8968.58	-17.4796
8979.35	-17.5018
8990.11	-17.5239
9000.88	-17.546
9011.65	-17.5679
9022.41	-17.5899
9033.18	-17.6117
9043.95	-17.6335
9054.71	-17.6552
9065.48	-17.6768
9076.25	-17.6984
9087.01	-17.7199
9097.78	-17.7414
9108.54	-17.7628
9119.31	-17.7841
9130.08	-17.8053
9140.84	-17.8265
9151.61	-17.8477
9162.38	-17.8687
9173.14	-17.8897
9183.91	-17.9106
9194.68	-17.9316
9205.44	-17.9523
9216.21	-17.9731
9226.98	-17.9938
9237.74	-18.0144
9248.51	-18.035
9259.28	-18.0555
9270.04	-18.0759
9280.81	-18.0963
9291.58	-18.1166
9302.34	-18.1369
9313.11	-18.1571
9323.88	-18.1772
9334.64	-18.1973
9345.41	-18.2173
9356.18	-18.2373
9366.94	-18.2572
9377.71	-18.277
9388.48	-18.2968
9399.24	-18.3166
9410.01	-18.3363
9420.78	-18.3559
9431.54	-18.3754
9442.31	-18.395
9453.08	-18.4144
9463.84	-18.4338
9474.61	-18.4532
9485.38	-18.4724
9496.14	-18.4917
9506.91	-18.5108
9517.68	-18.53
9528.44	-18.549
9539.21	-18.5681
9549.98	-18.587
9560.74	-18.6059
9571.51	-18.6248
9582.28	-18.6436
9593.04	-18.6623
9603.81	-18.681
9614.58	-18.6997
9625.34	-18.7183
9636.11	-18.7368
9646.88	-18.7553
9657.64	-18.7737
9668.41	-18.7921
9679.17	-18.8105
9689.94	-18.8287
9700.71	-18.847
9711.47	-18.8652
9722.24	-18.8833
9733.01	-18.9014
9743.77	-18.9194
9754.54	-18.9374
9765.31	-18.9553
9776.07	-18.9732
9786.84	-18.9911
9797.61	-19.0089
9808.37	-19.0266
9819.14	-19.0443
9829.91	-19.0619
9840.67	-19.0795
9851.44	-19.0971
9862.21	-19.1146
9872.97	-19.132
9883.74	-19.1495
9894.51	-19.1668
9905.27	-19.1842
9916.04	-19.2014
9926.81	-19.2186
9937.57	-19.2358
9948.34	-19.2529
9959.11	-19.27
9969.87	-19.2871
9980.64	-19.304
9991.41	-19.321
10002.2	-19.3379
10012.9	-19.3548
10023.7	-19.3716
10034.5	-19.3884
10045.2	-19.4051
10056	-19.4218
10066.8	-19.4384
10077.5	-19.455
10088.3	-19.4716
10099.1	-19.4881
10109.8	-19.5045
10120.6	-19.521
10131.4	-19.5373
10142.1	-19.5537
10152.9	-19.57
10163.7	-19.5862
10174.4	-19.6024
10185.2	-19.6186
10196	-19.6347
10206.7	-19.6509
10217.5	-19.6669
10228.3	-19.6829
10239	-19.6988
10249.8	-19.7148
10260.6	-19.7306
10271.3	-19.7465
10282.1	-19.7623
10292.9	-19.778
10303.6	-19.7938
10314.4	-19.8094
10325.2	-19.8251
10335.9	-19.8407
10346.7	-19.8562
10357.5	-19.8718
10368.2	-19.8872
10379	-19.9027
10389.8	-19.9181
10400.5	-19.9335
10411.3	-19.9488
10422.1	-19.9641
10432.8	-19.9793
10443.6	-19.9945
10454.4	-20.0097
10465.1	-20.0248
10475.9	-20.0399
10486.7	-20.055
10497.4	-20.07
10508.2	-20.085
10519	-20.1
10529.7	-20.1149
10540.5	-20.1297
10551.3	-20.1446
10562	-20.1594
10572.8	-20.1742
10583.6	-20.1889
10594.3	-20.2035
10605.1	-20.2183
10615.9	-20.2328
10626.6	-20.2474
10637.4	-20.262
10648.2	-20.2765
10658.9	-20.291
10669.7	-20.3054
10680.5	-20.3198
10691.2	-20.3342
10702	-20.3485
10712.8	-20.3628
10723.5	-20.3771
10734.3	-20.3913
10745.1	-20.4055
10755.8	-20.4197
10766.6	-20.4338
10777.4	-20.4479
10788.1	-20.462
10798.9	-20.476
10809.7	-20.49
10820.4	-20.5039
10831.2	-20.5179
10842	-20.5318
10852.7	-20.5456
10863.5	-20.5594
10874.3	-20.5732
10885	-20.587
10895.8	-20.6007
10906.6	-20.6144
10917.3	-20.6281
10928.1	-20.6417
10938.9	-20.6553
10949.6	-20.6689
10960.4	-20.6824
10971.2	-20.6959
10981.9	-20.7094
10992.7	-20.7228
11003.5	-20.7362
11014.2	-20.7496
11025	-20.7629
11035.8	-20.7762
11046.5	-20.7895
11057.3	-20.8027
11068.1	-20.816
11078.8	-20.8291
11089.6	-20.8423
11100.4	-20.8554
11111.1	-20.8685
11121.9	-20.8816
11132.7	-20.8946
11143.4	-20.9076
11154.2	-20.9206
11165	-20.9335
11175.7	-20.9464
11186.5	-20.9593
11197.3	-20.9721
11208	-20.985
11218.8	-20.9978
11229.6	-21.0105
11240.3	-21.0232
11251.1	-21.0359
11261.9	-21.0486
11272.6	-21.0613
11283.4	-21.0739
11294.2	-21.0865
11304.9	-21.099
11315.7	-21.1115
11326.5	-21.124
11337.2	-21.1365
11348	-21.1489
11358.8	-21.1614
11369.5	-21.1737
11380.3	-21.1861
11391.1	-21.1984
11401.8	-21.2107
11412.6	-21.223
11423.4	-21.2352
11434.1	-21.2474
11444.9	-21.2596
11455.7	-21.2718
11466.4	-21.2839
11477.2	-21.296
11488	-21.3081
11498.7	-21.3201
11509.5	-21.3322
11520.3	-21.3442
11531	-21.3561
11541.8	-21.3681
11552.6	-21.38
11563.3	-21.3919
11574.1	-21.4037
11584.9	-21.4156
11595.6	-21.4273
11606.4	-21.4392
11617.2	-21.4509
11627.9	-21.4626
11638.7	-21.4743
11649.5	-21.486
11660.2	-21.4976
11671	-21.5093
11681.8	-21.5208
11692.5	-21.5324
11703.3	-21.544
11714.1	-21.5555
11724.8	-21.567
11735.6	-21.5784
11746.4	-21.5899
11757.1	-21.6013
11767.9	-21.6127
11778.7	-21.624
11789.4	-21.6354
11800.2	-21.6467
11811	-21.658
11821.7	-21.6692
11832.5	-21.6805
11843.3	-21.6917
11854	-21.7029
11864.8	-21.714
11875.6	-21.7252
11886.3	-21.7363
11897.1	-21.7474
11907.9	-21.7584
11918.6	-21.7695
11929.4	-21.7805
11940.2	-21.7915
11950.9	-21.8025
11961.7	-21.8134
11972.5	-21.8243
11983.2	-21.8352
11994	-21.8461
12004.8	-21.8569
12015.5	-21.8678
12026.3	-21.8786
12037.1	-21.8893
12047.8	-21.9001
12058.6	-21.9108
12069.4	-21.9215
12080.1	-21.9322
12090.9	-21.9429
12101.7	-21.9535
12112.4	-21.9641
12123.2	-21.9747
12134	-21.9853
12144.7	-21.9958
12155.5	-22.0063
12166.3	-22.0168
12177	-22.0273
12187.8	-22.0378
12198.6	-22.0482
12209.3	-22.0586
12220.1	-22.069
12230.9	-22.0793
12241.6	-22.0897
12252.4	-22.1
12263.2	-22.1103
12273.9	-22.1206
12284.7	-22.1308
12295.5	-22.141
12306.2	-22.1512
12317	-22.1614
12327.8	-22.1716
12338.5	-22.1817
12349.3	-22.1918
12360.1	-22.2019
12370.8	-22.212
12381.6	-22.2221
12392.4	-22.2321
12403.1	-22.2421
12413.9	-22.2521
12424.7	-22.262
12435.4	-22.272
12446.2	-22.2819
12457	-22.2918
12467.7	-22.3017
12478.5	-22.3116
12489.3	-22.3214
12500	-22.3312
12510.8	-22.341
12521.6	-22.3508
12532.3	-22.3605
12543.1	-22.3703
12553.9	-22.38
12564.6	-22.3897
12575.4	-22.3993
12586.2	-22.409
12596.9	-22.4186
12607.7	-22.4282
12618.5	-22.4378
12629.2	-22.4474
12640	-22.4569
12650.8	-22.4665
12661.5	-22.476
12672.3	-22.4854
12683.1	-22.4949
12693.8	-22.5044
12704.6	-22.5138
12715.4	-22.5232
12726.1	-22.5326
12736.9	-22.5419
12747.7	-22.5513
12758.4	-22.5606
12769.2	-22.5699
12780	-22.5792
12790.7	-22.5885
12801.5	-22.5977
12812.3	-22.6069
12823	-22.6162
12833.8	-22.6253
12844.6	-22.6345
12855.3	-22.6437
12866.1	-22.6528
12876.9	-22.6619
12887.6	-22.671
12898.4	-22.6801
12909.2	-22.6891
12919.9	-22.6982
12930.7	-22.7072
12941.5	-22.7162
12952.2	-22.7251
12963	-22.7341
12973.8	-22.743
12984.5	-22.752
12995.3	-22.7608
13006.1	-22.7698
13016.8	-22.7786
13027.6	-22.7874
13038.4	-22.7963
13049.1	-22.8051
13059.9	-22.8139
13070.7	-22.8226
13081.4	-22.8314
13092.2	-22.8401
13103	-22.8488
13113.7	-22.8575
13124.5	-22.8662
13135.3	-22.8749
13146	-22.8835
13156.8	-22.8921
13167.6	-22.9007
13178.3	-22.9093
13189.1	-22.9179
13199.9	-22.9265
13210.6	-22.935
13221.4	-22.9435
13232.2	-22.952
13242.9	-22.9605
13253.7	-22.9689
13264.5	-22.9774
13275.2	-22.9858
13286	-22.9942
13296.8	-23.0026
13307.5	-23.011
13318.3	-23.0194
13329.1	-23.0277
13339.8	-23.036
13350.6	-23.0443
13361.4	-23.0526
13372.1	-23.0609
13382.9	-23.0691
13393.7	-23.0774
13404.4	-23.0856
13415.2	-23.0938
13426	-23.102
13436.7	-23.1101
13447.5	-23.1183
13458.3	-23.1264
13469	-23.1345
13479.8	-23.1426
13490.6	-23.1507
13501.3	-23.1588
13512.1	-23.1668
13522.9	-23.1748
13533.6	-23.1828
13544.4	-23.1908
13555.2	-23.1988
13565.9	-23.2068
13576.7	-23.2147
13587.5	-23.2226
13598.2	-23.2306
13609	-23.2384
13619.8	-23.2464
13630.5	-23.2542
13641.3	-23.2621
13652.1	-23.2699
13662.8	-23.2777
13673.6	-23.2855
13684.4	-23.2933
13695.1	-23.301
13705.9	-23.3089
13716.7	-23.3165
13727.4	-23.3243
13738.2	-23.332
13749	-23.3396
13759.7	-23.3473
13770.5	-23.355
13781.2	-23.3626
13792	-23.3702
13802.8	-23.3778
13813.5	-23.3854
13824.3	-23.393
13835.1	-23.4005
13845.8	-23.4081
13856.6	-23.4156
13867.4	-23.4231
13878.1	-23.4306
13888.9	-23.4381
13899.7	-23.4456
13910.4	-23.453
13921.2	-23.4604
13932	-23.4679
13942.7	-23.4753
13953.5	-23.4826
13964.3	-23.49
13975	-23.4974
13985.8	-23.5047
13996.6	-23.512
14007.3	-23.5193
14018.1	-23.5266
14028.9	-23.5339
14039.6	-23.5412
14050.4	-23.5484
14061.2	-23.5556
14071.9	-23.5629
14082.7	-23.5701
14093.5	-23.5773
14104.2	-23.5844
14115	-23.5916
14125.8	-23.5987
14136.5	-23.6058
14147.3	-23.613
14158.1	-23.6201
14168.8	-23.6271
14179.6	-23.6342
14190.4	-23.6413
14201.1	-23.6483
14211.9	-23.6553
14222.7	-23.6623
14233.4	-23.6693
14244.2	-23.6763
14255	-23.6833
14265.7	-23.6902
14276.5	-23.6971
14287.3	-23.7041
14298	-23.711
14308.8	-23.7179
14319.6	-23.7247
14330.3	-23.7316
14341.1	-23.7384
14351.9	-23.7453
14362.6	-23.7521
14373.4	-23.7589
14384.2	-23.7657
14394.9	-23.7724
14405.7	-23.7793
14416.5	-23.786
14427.2	-23.7927
14438	-23.7994
14448.8	-23.8061
14459.5	-23.8128
14470.3	-23.8195
14481.1	-23.8262
14491.8	-23.8328
14502.6	-23.8395
14513.4	-23.8461
14524.1	-23.8527
14534.9	-23.8593
14545.7	-23.8659
14556.4	-23.8724
14567.2	-23.879
14578	-23.8855
14588.7	-23.892
14599.5	-23.8985
14610.3	-23.905
14621	-23.9115
14631.8	-23.918
14642.6	-23.9244
14653.3	-23.9309
14664.1	-23.9373
14674.9	-23.9437
14685.6	-23.9501
14696.4	-23.9565
14707.2	-23.9629
14717.9	-23.9692
14728.7	-23.9756
14739.5	-23.9819
14750.2	-23.9882
14761	-23.9945
14771.8	-24.0008
14782.5	-24.0071
14793.3	-24.0133
14804.1	-24.0197
14814.8	-24.0259
14825.6	-24.0321
14836.4	-24.0383
14847.1	-24.0445
14857.9	-24.0507
14868.7	-24.0569
14879.4	-24.063
14890.2	-24.0692
14901	-24.0753
14911.7	-24.0814
14922.5	-24.0875
14933.3	-24.0936
14944	-24.0997
14954.8	-24.1058
14965.6	-24.1118
14976.3	-24.1179
14987.1	-24.1239
14997.9	-24.1299
15008.6	-24.136
15019.4	-24.1419
15030.2	-24.1479
15040.9	-24.1539
15051.7	-24.1598
15062.5	-24.1658
15073.2	-24.1717
15084	-24.1776
15094.8	-24.1834
15105.5	-24.1894
15116.3	-24.1953
15127.1	-24.2011
15137.8	-24.207
15148.6	-24.2128
15159.4	-24.2186
15170.1	-24.2244
15180.9	-24.2302
15191.7	-24.236
15202.4	-24.2418
15213.2	-24.2476
15224	-24.2533
15234.7	-24.2591
15245.5	-24.2648
15256.3	-24.2705
15267	-24.2762
15277.8	-24.2819
15288.6	-24.2876
15299.3	-24.2932
15310.1	-24.2989
15320.9	-24.3045
15331.6	-24.3101
15342.4	-24.3158
15353.2	-24.3214
15363.9	-24.3269
15374.7	-24.3325
15385.5	-24.3381
15396.2	-24.3436
15407	-24.3492
15417.8	-24.3547
15428.5	-24.3602
15439.3	-24.3657
15450.1	-24.3712
15460.8	-24.3767
15471.6	-24.3822
15482.4	-24.3876
15493.1	-24.393
15503.9	-24.3985
15514.7	-24.4039
15525.4	-24.4093
15536.2	-24.4147
15547	-24.4201
15557.7	-24.4255
15568.5	-24.4308
15579.3	-24.4362
15590	-24.4415
15600.8	-24.4469
15611.6	-24.4522
15622.3	-24.4575
15633.1	-24.4628
15643.9	-24.468
15654.6	-24.4733
15665.4	-24.4786
15676.2	-24.4838
15686.9	-24.489
15697.7	-24.4942
15708.5	-24.4995
15719.2	-24.5047
15730	-24.5098
15740.8	-24.515
15751.5	-24.5202
15762.3	-24.5253
15773.1	-24.5305
15783.8	-24.5356
15794.6	-24.5407
15805.4	-24.5459
15816.1	-24.5509
15826.9	-24.556
15837.7	-24.5611
15848.4	-24.5661
15859.2	-24.5712
15870	-24.5762
15880.7	-24.5812
15891.5	-24.5862
15902.3	-24.5912
15913	-24.5962
15923.8	-24.6012
15934.6	-24.6062
15945.3	-24.6111
15956.1	-24.6161
15966.9	-24.621
15977.6	-24.6259
15988.4	-24.6308
15999.2	-24.6358
16009.9	-24.6406
16020.7	-24.6455
16031.5	-24.6504
16042.2	-24.6552
16053	-24.6601
16063.8	-24.6649
16074.5	-24.6697
16085.3	-24.6745
16096.1	-24.6794
16106.8	-24.6841
16117.6	-24.6889
16128.4	-24.6937
16139.1	-24.6984
16149.9	-24.7032
16160.7	-24.7079
16171.4	-24.7126
16182.2	-24.7174
16193	-24.722
16203.7	-24.7268
16214.5	-24.7314
16225.3	-24.7361
16236	-24.7408
16246.8	-24.7454
16257.6	-24.75
16268.3	-24.7547
16279.1	-24.7593
16289.9	-24.7639
16300.6	-24.7685
16311.4	-24.7731
16322.2	-24.7776
16332.9	-24.7822
16343.7	-24.7867
16354.5	-24.7913
16365.2	-24.7958
16376	-24.8003
16386.8	-24.8048
16397.5	-24.8093
16408.3	-24.8138
16419.1	-24.8183
16429.8	-24.8228
16440.6	-24.8272
16451.4	-24.8317
16462.1	-24.8361
16472.9	-24.8405
16483.7	-24.8449
16494.4	-24.8493
16505.2	-24.8537
16516	-24.8581
16526.7	-24.8625
16537.5	-24.8668
16548.3	-24.8712
16559	-24.8755
16569.8	-24.8798
16580.6	-24.8842
16591.3	-24.8885
16602.1	-24.8928
16612.9	-24.8971
16623.6	-24.9013
16634.4	-24.9056
16645.2	-24.9099
16655.9	-24.9141
16666.7	-24.9183
16677.5	-24.9226
16688.2	-24.9268
16699	-24.931
16709.8	-24.9352
16720.5	-24.9394
16731.3	-24.9435
16742.1	-24.9477
16752.8	-24.9518
16763.6	-24.956
16774.4	-24.9601
16785.1	-24.9642
16795.9	-24.9684
16806.7	-24.9724
16817.4	-24.9766
16828.2	-24.9806
16839	-24.9847
16849.7	-24.9888
16860.5	-24.9928
16871.3	-24.9969
16882	-25.0009
16892.8	-25.0049
16903.6	-25.0089
16914.3	-25.0129
16925.1	-25.0169
16935.9	-25.0209
16946.6	-25.0249
16957.4	-25.0288
16968.2	-25.0328
16978.9	-25.0367
16989.7	-25.0407
17000.5	-25.0446
17011.2	-25.0485
17022	-25.0524
17032.8	-25.0563
17043.5	-25.0602
17054.3	-25.064
17065.1	-25.0679
17075.8	-25.0718
17086.6	-25.0756
17097.4	-25.0794
17108.1	-25.0833
17118.9	-25.0871
17129.7	-25.0909
17140.4	-25.0947
17151.2	-25.0985
17162	-25.1022
17172.7	-25.106
17183.5	-25.1097
17194.3	-25.1136
17205	-25.1171
17215.8	-25.121
17226.6	-25.1247
17237.3	-25.1284
17248.1	-25.1321
17258.9	-25.1358
17269.6	-25.1394
17280.4	-25.1431
17291.2	-25.1468
17301.9	-25.1504
17312.7	-25.154
17323.5	-25.1577
17334.2	-25.1613
17345	-25.1649
17355.8	-25.1685
17366.5	-25.1721
17377.3	-25.1757
17388.1	-25.1793
17398.8	-25.1828
17409.6	-25.1864
17420.4	-25.1899
17431.1	-25.1934
17441.9	-25.197
17452.7	-25.2005
17463.4	-25.204
17474.2	-25.2075
17485	-25.2109
17495.7	-25.2145
17506.5	-25.2178
17517.3	-25.2214
17528	-25.2248
17538.8	-25.2282
17549.6	-25.2317
17560.3	-25.2351
17571.1	-25.2385
17581.9	-25.2419
17592.6	-25.2453
17603.4	-25.2487
17614.2	-25.2521
17624.9	-25.2554
17635.7	-25.2588
17646.5	-25.2621
17657.2	-25.2655
17668	-25.2688
17678.8	-25.2721
17689.5	-25.2754
17700.3	-25.2787
17711.1	-25.282
17721.8	-25.2853
17732.6	-25.2885
17743.4	-25.2918
17754.1	-25.2951
17764.9	-25.2983
17775.7	-25.3015
17786.4	-25.3048
17797.2	-25.308
17808	-25.3112
17818.7	-25.3144
17829.5	-25.3176
17840.3	-25.3207
17851	-25.3239
17861.8	-25.3271
17872.6	-25.3302
17883.3	-25.3334
17894.1	-25.3365
17904.9	-25.3396
17915.6	-25.3428
17926.4	-25.3459
17937.2	-25.3489
17947.9	-25.352
17958.7	-25.3551
17969.5	-25.3582
17980.2	-25.3612
17991	-25.3643
18001.8	-25.3674
18012.5	-25.3704
18023.3	-25.3734
18034.1	-25.3764
18044.8	-25.3794
18055.6	-25.3824
18066.4	-25.3854
18077.1	-25.3884
18087.9	-25.3914
18098.7	-25.3943
18109.4	-25.3973
18120.2	-25.4002
18131	-25.4032
18141.7	-25.4061
18152.5	-25.409
18163.3	-25.4119
18174	-25.4148
18184.8	-25.4177
18195.6	-25.4205
18206.3	-25.4235
18217.1	-25.4263
18227.9	-25.4292
18238.6	-25.432
18249.4	-25.4349
18260.2	-25.4377
18270.9	-25.4405
18281.7	-25.4433
18292.5	-25.4461
18303.2	-25.4489
18314	-25.4517
18324.8	-25.4545
18335.5	-25.4572
18346.3	-25.46
18357.1	-25.4627
18367.8	-25.4655
18378.6	-25.4682
18389.4	-25.4709
18400.1	-25.4736
18410.9	-25.4763
18421.7	-25.479
18432.4	-25.4817
18443.2	-25.4844
18454	-25.4871
18464.7	-25.4897
18475.5	-25.4924
18486.3	-25.4951
18497	-25.4976
18507.8	-25.5004
18518.6	-25.5029
18529.3	-25.5055
18540.1	-25.5081
18550.9	-25.5107
18561.6	-25.5133
18572.4	-25.5159
18583.2	-25.5185
18593.9	-25.521
18604.7	-25.5236
18615.5	-25.5261
18626.2	-25.5286
18637	-25.5312
18647.8	-25.5337
18658.5	-25.5362
18669.3	-25.5387
18680.1	-25.5412
18690.8	-25.5436
18701.6	-25.5461
18712.4	-25.5486
18723.1	-25.551
18733.9	-25.5535
18744.7	-25.5559
18755.4	-25.5583
18766.2	-25.5608
18777	-25.5632
18787.7	-25.5656
18798.5	-25.568
18809.3	-25.5704
18820	-25.5727
18830.8	-25.5751
18841.6	-25.5775
18852.3	-25.5798
18863.1	-25.5822
18873.9	-25.5845
18884.6	-25.5868
18895.4	-25.5891
18906.2	-25.5915
18916.9	-25.5938
18927.7	-25.5961
18938.5	-25.5983
18949.2	-25.6006
18960	-25.6029
18970.8	-25.6051
18981.5	-25.6074
18992.3	-25.6096
19003.1	-25.6119
19013.8	-25.6141
19024.6	-25.6163
19035.4	-25.6185
19046.1	-25.6207
19056.9	-25.6229
19067.7	-25.6251
19078.4	-25.6273
19089.2	-25.6295
19100	-25.6316
19110.7	-25.6338
19121.5	-25.6359
19132.3	-25.638
19143	-25.6402
19153.8	-25.6423
19164.6	-25.6444
19175.3	-25.6465
19186.1	-25.6486
19196.9	-25.6506
19207.6	-25.6528
19218.4	-25.6548
19229.2	-25.6569
19239.9	-25.6589
19250.7	-25.661
19261.5	-25.663
19272.2	-25.665
19283	-25.667
19293.8	-25.6691
19304.5	-25.671
19315.3	-25.6731
19326	-25.675
19336.8	-25.677
19347.6	-25.679
19358.3	-25.6809
19369.1	-25.6829
19379.9	-25.6848
19390.6	-25.6868
19401.4	-25.6887
19412.2	-25.6906
19422.9	-25.6925
19433.7	-25.6944
19444.5	-25.6963
19455.2	-25.6982
19466	-25.7001
19476.8	-25.702
19487.5	-25.7038
19498.3	-25.7057
19509.1	-25.7075
19519.8	-25.7094
19530.6	-25.7112
19541.4	-25.713
19552.1	-25.7148
19562.9	-25.7166
19573.7	-25.7184
19584.4	-25.7202
19595.2	-25.722
19606	-25.7238
19616.7	-25.7255
19627.5	-25.7273
19638.3	-25.7291
19649	-25.7308
19659.8	-25.7325
19670.6	-25.7342
19681.3	-25.736
19692.1	-25.7377
19702.9	-25.7394
19713.6	-25.7411
19724.4	-25.7427
19735.2	-25.7444
19745.9	-25.7461
19756.7	-25.7478
19767.5	-25.7494
19778.2	-25.751
19789	-25.7527
19799.8	-25.7543
19810.5	-25.7559
19821.3	-25.7575
19832.1	-25.7591
19842.8	-25.7607
19853.6	-25.7623
19864.4	-25.7639
19875.1	-25.7655
19885.9	-25.767
19896.7	-25.7686
19907.4	-25.7701
19918.2	-25.7717
19929	-25.7732
19939.7	-25.7747
19950.5	-25.7763
19961.3	-25.7778
19972	-25.7793
19982.8	-25.7808
19993.6	-25.7822
20004.3	-25.7837
20015.1	-25.7852
20025.9	-25.7866
20036.6	-25.7881
20047.4	-25.7895
20058.2	-25.791
20068.9	-25.7924
20079.7	-25.7938
20090.5	-25.7952
20101.2	-25.7966
20112	-25.798
20122.8	-25.7994
20133.5	-25.8008
20144.3	-25.8022
20155.1	-25.8035
20165.8	-25.8049
20176.6	-25.8062
20187.4	-25.8076
20198.1	-25.8089
20208.9	-25.8102
20219.7	-25.8116
20230.4	-25.8129
20241.2	-25.8142
20252	-25.8155
20262.7	-25.8167
20273.5	-25.818
20284.3	-25.8193
20295	-25.8205
20305.8	-25.8219
20316.6	-25.823
20327.3	-25.8243
20338.1	-25.8255
20348.9	-25.8267
20359.6	-25.828
20370.4	-25.8292
20381.2	-25.8304
20391.9	-25.8315
20402.7	-25.8328
20413.5	-25.8339
20424.2	-25.8351
20435	-25.8362
20445.8	-25.8374
20456.5	-25.8385
20467.3	-25.8397
20478.1	-25.8408
20488.8	-25.8419
20499.6	-25.843
20510.4	-25.8441
20521.1	-25.8452
20531.9	-25.8463
20542.7	-25.8474
20553.4	-25.8485
20564.2	-25.8495
20575	-25.8506
20585.7	-25.8516
20596.5	-25.8527
20607.3	-25.8537
20618	-25.8547
20628.8	-25.8558
20639.6	-25.8568
20650.3	-25.8578
20661.1	-25.8588
20671.9	-25.8598
20682.6	-25.8607
20693.4	-25.8617
20704.2	-25.8626
20714.9	-25.8636
20725.7	-25.8646
20736.5	-25.8655
20747.2	-25.8665
20758	-25.8674
20768.8	-25.8683
20779.5	-25.8692
20790.3	-25.8701
20801.1	-25.871
20811.8	-25.8719
20822.6	-25.8728
20833.4	-25.8736
20844.1	-25.8745
20854.9	-25.8754
20865.7	-25.8762
20876.4	-25.8771
20887.2	-25.8779
20898	-25.8787
20908.7	-25.8795
20919.5	-25.8803
20930.3	-25.8811
20941	-25.8819
20951.8	-25.8827
20962.6	-25.8835
20973.3	-25.8843
20984.1	-25.885
20994.9	-25.8858
21005.6	-25.8865
21016.4	-25.8873
21027.2	-25.888
21037.9	-25.8887
21048.7	-25.8894
21059.5	-25.8901
21070.2	-25.8909
21081	-25.8915
21091.8	-25.8922
21102.5	-25.8929
21113.3	-25.8936
21124.1	-25.8942
21134.8	-25.8949
21145.6	-25.8955
21156.4	-25.8962
21167.1	-25.8968
21177.9	-25.8974
21188.7	-25.8981
21199.4	-25.8987
21210.2	-25.8993
21221	-25.8999
21231.7	-25.9004
21242.5	-25.901
21253.3	-25.9016
21264	-25.9022
21274.8	-25.9027
21285.6	-25.9032
21296.3	-25.9038
21307.1	-25.9043
21317.9	-25.9049
21328.6	-25.9054
21339.4	-25.9059
21350.2	-25.9064
21360.9	-25.9069
21371.7	-25.9074
21382.5	-25.9078
21393.2	-25.9082
21404	-25.9088
21414.8	-25.9092
21425.5	-25.9097
21436.3	-25.9101
21447.1	-25.9105
21457.8	-25.911
21468.6	-25.9114
21479.4	-25.9118
21490.1	-25.9122
21500.9	-25.9126
21511.7	-25.913
21522.4	-25.9133
21533.2	-25.9137
21544	-25.9141
21554.7	-25.9144
21565.5	-25.9148
21576.3	-25.9151
21587	-25.9155
21597.8	-25.9158
21608.6	-25.9161
21619.3	-25.9164
21630.1	-25.9167
21640.9	-25.917
21651.6	-25.9173
21662.4	-25.9176
21673.2	-25.9178
21683.9	-25.9181
21694.7	-25.9184
21705.5	-25.9186
21716.2	-25.9189
21727	-25.9191
21737.8	-25.9193
21748.5	-25.9195
21759.3	-25.9197
21770.1	-25.9199
21780.8	-25.9201
21791.6	-25.9203
21802.4	-25.9205
21813.1	-25.9207
21823.9	-25.9208
21834.7	-25.921
21845.4	-25.9211
21856.2	-25.9213
21867	-25.9214
21877.7	-25.9215
21888.5	-25.9217
21899.3	-25.9218
21910	-25.9219
21920.8	-25.922
21931.6	-25.9221
21942.3	-25.9221
21953.1	-25.9222
21963.9	-25.9223
21974.6	-25.9223
21985.4	-25.9224
21996.2	-25.9225
22006.9	-25.9224
22017.7	-25.9225
22028.5	-25.9225
22039.2	-25.9225
22050	-25.9225
22060.8	-25.9225
22071.5	-25.9225
22082.3	-25.9225
22093.1	-25.9224
22103.8	-25.9225
22114.6	-25.9224
22125.4	-25.9223
22136.1	-25.9223
22146.9	-25.9222
22157.7	-25.9221
22168.4	-25.9221
22179.2	-25.922
22190	-25.9219
22200.7	-25.9218
22211.5	-25.9217
22222.3	-25.9215
22233	-25.9214
22243.8	-25.9213
22254.6	-25.9211
22265.3	-25.921
22276.1	-25.9208
22286.9	-25.9207
22297.6	-25.9205
22308.4	-25.9203
22319.2	-25.9201
22329.9	-25.9199
22340.7	-25.9197
22351.5	-25.9195
22362.2	-25.9193
22373	-25.9191
22383.8	-25.9189
22394.5	-25.9186
22405.3	-25.9184
22416.1	-25.9181
22426.8	-25.9178
22437.6	-25.9176
22448.4	-25.9173
22459.1	-25.917
22469.9	-25.9167
22480.7	-25.9164
22491.4	-25.9161
22502.2	-25.9158
22513	-25.9155
22523.7	-25.9151
22534.5	-25.9148
22545.3	-25.9144
22556	-25.9141
22566.8	-25.9137
22577.6	-25.9133
22588.3	-25.913
22599.1	-25.9126
22609.9	-25.9122
22620.6	-25.9118
22631.4	-25.9114
22642.2	-25.911
22652.9	-25.9105
22663.7	-25.9101
22674.5	-25.9097
22685.2	-25.9092
22696	-25.9088
22706.8	-25.9082
22717.5	-25.9078
22728.3	-25.9074
22739.1	-25.9069
22749.8	-25.9064
22760.6	-25.9059
22771.4	-25.9054
22782.1	-25.9049
22792.9	-25.9043
22803.7	-25.9038
22814.4	-25.9032
22825.2	-25.9027
22836	-25.9022
22846.7	-25.9016
22857.5	-25.901
22868.3	-25.9004
22879	-25.8999
22889.8	-25.8993
22900.6	-25.8987
22911.3	-25.8981
22922.1	-25.8974
22932.9	-25.8968
22943.6	-25.8962
22954.4	-25.8955
22965.2	-25.8949
22975.9	-25.8942
22986.7	-25.8936
22997.5	-25.8929
23008.2	-25.8922
23019	-25.8915
23029.8	-25.8909
23040.5	-25.8901
23051.3	-25.8894
23062.1	-25.8887
23072.8	-25.888
23083.6	-25.8873
23094.4	-25.8865
23105.1	-25.8858
23115.9	-25.885
23126.7	-25.8843
23137.4	-25.8835
23148.2	-25.8827
23159	-25.8819
23169.7	-25.8811
23180.5	-25.8803
23191.3	-25.8795
23202	-25.8787
23212.8	-25.8779
23223.6	-25.8771
23234.3	-25.8762
23245.1	-25.8754
23255.9	-25.8745
23266.6	-25.8736
23277.4	-25.8728
23288.2	-25.8719
23298.9	-25.871
23309.7	-25.8701
23320.5	-25.8692
23331.2	-25.8683
23342	-25.8674
23352.8	-25.8665
23363.5	-25.8655
23374.3	-25.8646
23385.1	-25.8636
23395.8	-25.8626
23406.6	-25.8617
23417.4	-25.8607
23428.1	-25.8598
23438.9	-25.8588
23449.7	-25.8578
23460.4	-25.8568
23471.2	-25.8558
23482	-25.8547
23492.7	-25.8537
23503.5	-25.8527
23514.3	-25.8516
23525	-25.8506
23535.8	-25.8495
23546.6	-25.8485
23557.3	-25.8474
23568.1	-25.8463
23578.9	-25.8452
23589.6	-25.8441
23600.4	-25.843
23611.2	-25.8419
23621.9	-25.8408
23632.7	-25.8397
23643.5	-25.8385
23654.2	-25.8374
23665	-25.8362
23675.8	-25.8351
23686.5	-25.8339
23697.3	-25.8328
23708.1	-25.8315
23718.8	-25.8304
23729.6	-25.8292
23740.4	-25.828
23751.1	-25.8267
23761.9	-25.8255
23772.7	-25.8243
23783.4	-25.823
23794.2	-25.8219
23805	-25.8205
23815.7	-25.8193
23826.5	-25.818
23837.3	-25.8167
23848	-25.8155
23858.8	-25.8142
23869.6	-25.8129
23880.3	-25.8116
23891.1	-25.8102
23901.9	-25.8089
23912.6	-25.8076
23923.4	-25.8062
23934.2	-25.8049
23944.9	-25.8035
23955.7	-25.8022
23966.5	-25.8008
23977.2	-25.7994
23988	-25.798
23998.8	-25.7966
24009.5	-25.7952
24020.3	-25.7938
24031.1	-25.7924
24041.8	-25.791
24052.6	-25.7895
24063.4	-25.7881
24074.1	-25.7866
24084.9	-25.7852
24095.7	-25.7837
24106.4	-25.7822
24117.2	-25.7808
24128	-25.7793
24138.7	-25.7778
24149.5	-25.7763
24160.3	-25.7747
24171	-25.7732
24181.8	-25.7717
24192.6	-25.7701
24203.3	-25.7686
24214.1	-25.767
24224.9	-25.7655
24235.6	-25.7639
24246.4	-25.7623
24257.2	-25.7607
24267.9	-25.7591
24278.7	-25.7575
24289.5	-25.7559
24300.2	-25.7543
24311	-25.7527
24321.8	-25.751
24332.5	-25.7494
24343.3	-25.7478
24354.1	-25.7461
24364.8	-25.7444
24375.6	-25.7427
24386.4	-25.7411
24397.1	-25.7394
24407.9	-25.7377
24418.7	-25.736
24429.4	-25.7342
24440.2	-25.7325
24451	-25.7308
24461.7	-25.7291
24472.5	-25.7273
24483.3	-25.7255
24494	-25.7238
24504.8	-25.722
24515.6	-25.7202
24526.3	-25.7184
24537.1	-25.7166
24547.9	-25.7148
24558.6	-25.713
24569.4	-25.7112
24580.2	-25.7094
24590.9	-25.7075
24601.7	-25.7057
24612.5	-25.7038
24623.2	-25.702
24634	-25.7001
24644.8	-25.6982
24655.5	-25.6963
24666.3	-25.6944
24677.1	-25.6925
24687.8	-25.6906
24698.6	-25.6887
24709.4	-25.6868
24720.1	-25.6848
24730.9	-25.6829
24741.7	-25.6809
24752.4	-25.679
24763.2	-25.677
24774	-25.675
24784.7	-25.6731
24795.5	-25.671
24806.2	-25.6691
24817	-25.667
24827.8	-25.665
24838.5	-25.663
24849.3	-25.661
24860.1	-25.6589
24870.8	-25.6569
24881.6	-25.6548
24892.4	-25.6528
24903.1	-25.6506
24913.9	-25.6486
24924.7	-25.6465
24935.4	-25.6444
24946.2	-25.6423
24957	-25.6402
24967.7	-25.638
24978.5	-25.6359
24989.3	-25.6338
25000	-25.6316
25010.8	-25.6295
25021.6	-25.6273
25032.3	-25.6251
25043.1	-25.6229
25053.9	-25.6207
25064.6	-25.6185
25075.4	-25.6163
25086.2	-25.6141
25096.9	-25.6119
25107.7	-25.6096
25118.5	-25.6074
25129.2	-25.6051
25140	-25.6029
25150.8	-25.6006
25161.5	-25.5983
25172.3	-25.5961
25183.1	-25.5938
25193.8	-25.5915
25204.6	-25.5891
25215.4	-25.5868
25226.1	-25.5845
25236.9	-25.5822
25247.7	-25.5798
25258.4	-25.5775
25269.2	-25.5751
25280	-25.5727
25290.7	-25.5704
25301.5	-25.568
25312.3	-25.5656
25323	-25.5632
25333.8	-25.5608
25344.6	-25.5583
25355.3	-25.5559
25366.1	-25.5535
25376.9	-25.551
25387.6	-25.5486
25398.4	-25.5461
25409.2	-25.5436
25419.9	-25.5412
25430.7	-25.5387
25441.5	-25.5362
25452.2	-25.5337
25463	-25.5312
25473.8	-25.5286
25484.5	-25.5261
25495.3	-25.5236
25506.1	-25.521
25516.8	-25.5185
25527.6	-25.5159
25538.4	-25.5133
25549.1	-25.5107
25559.9	-25.5081
25570.7	-25.5055
25581.4	-25.5029
25592.2	-25.5004
25603	-25.4976
25613.7	-25.4951
25624.5	-25.4924
25635.3	-25.4897
25646	-25.4871
25656.8	-25.4844
25667.6	-25.4817
25678.3	-25.479
25689.1	-25.4763
25699.9	-25.4736
25710.6	-25.4709
25721.4	-25.4682
25732.2	-25.4655
25742.9	-25.4627
25753.7	-25.46
25764.5	-25.4572
25775.2	-25.4545
25786	-25.4517
25796.8	-25.4489
25807.5	-25.4461
25818.3	-25.4433
25829.1	-25.4405
25839.8	-25.4377
25850.6	-25.4349
25861.4	-25.432
25872.1	-25.4292
25882.9	-25.4263
25893.7	-25.4235
25904.4	-25.4205
25915.2	-25.4177
25926	-25.4148
25936.7	-25.4119
25947.5	-25.409
25958.3	-25.4061
25969	-25.4032
25979.8	-25.4002
25990.6	-25.3973
26001.3	-25.3943
26012.1	-25.3914
26022.9	-25.3884
26033.6	-25.3854
26044.4	-25.3824
26055.2	-25.3794
26065.9	-25.3764
26076.7	-25.3734
26087.5	-25.3704
26098.2	-25.3674
26109	-25.3643
26119.8	-25.3612
26130.5	-25.3582
26141.3	-25.3551
26152.1	-25.352
26162.8	-25.3489
26173.6	-25.3459
26184.4	-25.3428
26195.1	-25.3396
26205.9	-25.3365
26216.7	-25.3334
26227.4	-25.3302
26238.2	-25.3271
26249	-25.3239
26259.7	-25.3207
26270.5	-25.3176
26281.3	-25.3144
26292	-25.3112
26302.8	-25.308
26313.6	-25.3048
26324.3	-25.3015
26335.1	-25.2983
26345.9	-25.2951
26356.6	-25.2918
26367.4	-25.2885
26378.2	-25.2853
26388.9	-25.282
26399.7	-25.2787
26410.5	-25.2754
26421.2	-25.2721
26432	-25.2688
26442.8	-25.2655
26453.5	-25.2621
26464.3	-25.2588
26475.1	-25.2554
26485.8	-25.2521
26496.6	-25.2487
26507.4	-25.2453
26518.1	-25.2419
26528.9	-25.2385
26539.7	-25.2351
26550.4	-25.2317
26561.2	-25.2282
26572	-25.2248
26582.7	-25.2214
26593.5	-25.2178
26604.3	-25.2145
26615	-25.2109
26625.8	-25.2075
26636.6	-25.204
26647.3	-25.2005
26658.1	-25.197
26668.9	-25.1934
26679.6	-25.1899
26690.4	-25.1864
26701.2	-25.1828
26711.9	-25.1793
26722.7	-25.1757
26733.5	-25.1721
26744.2	-25.1685
26755	-25.1649
26765.8	-25.1613
26776.5	-25.1577
26787.3	-25.154
26798.1	-25.1504
26808.8	-25.1468
26819.6	-25.1431
26830.4	-25.1394
26841.1	-25.1358
26851.9	-25.1321
26862.7	-25.1284
26873.4	-25.1247
26884.2	-25.121
26895	-25.1171
26905.7	-25.1136
26916.5	-25.1097
26927.3	-25.106
26938	-25.1022
26948.8	-25.0985
26959.6	-25.0947
26970.3	-25.0909
26981.1	-25.0871
26991.9	-25.0833
27002.6	-25.0794
27013.4	-25.0756
27024.2	-25.0718
27034.9	-25.0679
27045.7	-25.064
27056.5	-25.0602
27067.2	-25.0563
27078	-25.0524
27088.8	-25.0485
27099.5	-25.0446
27110.3	-25.0407
27121.1	-25.0367
27131.8	-25.0328
27142.6	-25.0288
27153.4	-25.0249
27164.1	-25.0209
27174.9	-25.0169
27185.7	-25.0129
27196.4	-25.0089
27207.2	-25.0049
27218	-25.0009
27228.7	-24.9969
27239.5	-24.9928
27250.3	-24.9888
27261	-24.9847
27271.8	-24.9806
27282.6	-24.9766
27293.3	-24.9724
27304.1	-24.9684
27314.9	-24.9642
27325.6	-24.9601
27336.4	-24.956
27347.2	-24.9518
27357.9	-24.9477
27368.7	-24.9435
27379.5	-24.9394
27390.2	-24.9352
27401	-24.931
27411.8	-24.9268
27422.5	-24.9226
27433.3	-24.9183
27444.1	-24.9141
27454.8	-24.9099
27465.6	-24.9056
27476.4	-24.9013
27487.1	-24.8971
27497.9	-24.8928
27508.7	-24.8885
27519.4	-24.8842
27530.2	-24.8798
27541	-24.8755
27551.7	-24.8712
27562.5	-24.8668
27573.3	-24.8625
27584	-24.8581
27594.8	-24.8537
27605.6	-24.8493
27616.3	-24.8449
27627.1	-24.8405
27637.9	-24.8361
27648.6	-24.8317
27659.4	-24.8272
27670.2	-24.8228
27680.9	-24.8183
27691.7	-24.8138
27702.5	-24.8093
27713.2	-24.8048
27724	-24.8003
27734.8	-24.7958
27745.5	-24.7913
27756.3	-24.7867
27767.1	-24.7822
27777.8	-24.7776
27788.6	-24.7731
27799.4	-24.7685
27810.1	-24.7639
27820.9	-24.7593
27831.7	-24.7547
27842.4	-24.75
27853.2	-24.7454
27864	-24.7408
27874.7	-24.7361
27885.5	-24.7314
27896.3	-24.7268
27907	-24.722
27917.8	-24.7174
27928.6	-24.7126
27939.3	-24.7079
27950.1	-24.7032
27960.9	-24.6984
27971.6	-24.6937
27982.4	-24.6889
27993.2	-24.6841
28003.9	-24.6794
28014.7	-24.6745
28025.5	-24.6697
28036.2	-24.6649
28047	-24.6601
28057.8	-24.6552
28068.5	-24.6504
28079.3	-24.6455
28090.1	-24.6406
28100.8	-24.6358
28111.6	-24.6308
28122.4	-24.6259
28133.1	-24.621
28143.9	-24.6161
28154.7	-24.6111
28165.4	-24.6062
28176.2	-24.6012
28187	-24.5962
28197.7	-24.5912
28208.5	-24.5862
28219.3	-24.5812
28230	-24.5762
28240.8	-24.5712
28251.6	-24.5661
28262.3	-24.5611
28273.1	-24.556
28283.9	-24.5509
28294.6	-24.5459
28305.4	-24.5407
28316.2	-24.5356
28326.9	-24.5305
28337.7	-24.5253
28348.5	-24.5202
28359.2	-24.515
28370	-24.5098
28380.8	-24.5047
28391.5	-24.4995
28402.3	-24.4942
28413.1	-24.489
28423.8	-24.4838
28434.6	-24.4786
28445.4	-24.4733
28456.1	-24.468
28466.9	-24.4628
28477.7	-24.4575
28488.4	-24.4522
28499.2	-24.4469
28510	-24.4415
28520.7	-24.4362
28531.5	-24.4308
28542.3	-24.4255
28553	-24.4201
28563.8	-24.4147
28574.6	-24.4093
28585.3	-24.4039
28596.1	-24.3985
28606.9	-24.393
28617.6	-24.3876
28628.4	-24.3822
28639.2	-24.3767
28649.9	-24.3712
28660.7	-24.3657
28671.5	-24.3602
28682.2	-24.3547
28693	-24.3492
28703.8	-24.3436
28714.5	-24.3381
28725.3	-24.3325
28736.1	-24.3269
28746.8	-24.3214
28757.6	-24.3158
28768.4	-24.3101
28779.1	-24.3045
28789.9	-24.2989
28800.7	-24.2932
28811.4	-24.2876
28822.2	-24.2819
28833	-24.2762
28843.7	-24.2705
28854.5	-24.2648
28865.3	-24.2591
28876	-24.2533
28886.8	-24.2476
28897.6	-24.2418
28908.3	-24.236
28919.1	-24.2302
28929.9	-24.2244
28940.6	-24.2186
28951.4	-24.2128
28962.2	-24.207
28972.9	-24.2011
28983.7	-24.1953
28994.5	-24.1894
29005.2	-24.1834
29016	-24.1776
29026.8	-24.1717
29037.5	-24.1658
29048.3	-24.1598
29059.1	-24.1539
29069.8	-24.1479
29080.6	-24.1419
29091.4	-24.136
29102.1	-24.1299
29112.9	-24.1239
29123.7	-24.1179
29134.4	-24.1118
29145.2	-24.1058
29156	-24.0997
29166.7	-24.0936
29177.5	-24.0875
29188.3	-24.0814
29199	-24.0753
29209.8	-24.0692
29220.6	-24.063
29231.3	-24.0569
29242.1	-24.0507
29252.9	-24.0445
29263.6	-24.0383
29274.4	-24.0321
29285.2	-24.0259
29295.9	-24.0197
29306.7	-24.0133
29317.5	-24.0071
29328.2	-24.0008
29339	-23.9945
29349.8	-23.9882
29360.5	-23.9819
29371.3	-23.9756
29382.1	-23.9692
29392.8	-23.9629
29403.6	-23.9565
29414.4	-23.9501
29425.1	-23.9437
29435.9	-23.9373
29446.7	-23.9309
29457.4	-23.9244
29468.2	-23.918
29479	-23.9115
29489.7	-23.905
29500.5	-23.8985
29511.3	-23.892
29522	-23.8855
29532.8	-23.879
29543.6	-23.8724
29554.3	-23.8659
29565.1	-23.8593
29575.9	-23.8527
29586.6	-23.8461
29597.4	-23.8395
29608.2	-23.8328
29618.9	-23.8262
29629.7	-23.8195
29640.5	-23.8128
29651.2	-23.8061
29662	-23.7994
29672.8	-23.7927
29683.5	-23.786
29694.3	-23.7793
29705.1	-23.7724
29715.8	-23.7657
29726.6	-23.7589
29737.4	-23.7521
29748.1	-23.7453
29758.9	-23.7384
29769.7	-23.7316
29780.4	-23.7247
29791.2	-23.7179
29802	-23.711
29812.7	-23.7041
29823.5	-23.6971
29834.3	-23.6902
29845	-23.6833
29855.8	-23.6763
29866.6	-23.6693
29877.3	-23.6623
29888.1	-23.6553
29898.9	-23.6483
29909.6	-23.6413
29920.4	-23.6342
29931.2	-23.6271
29941.9	-23.6201
29952.7	-23.613
29963.5	-23.6058
29974.2	-23.5987
29985	-23.5916
29995.8	-23.5844
30006.5	-23.5773
30017.3	-23.5701
30028.1	-23.5629
30038.8	-23.5556
30049.6	-23.5484
30060.4	-23.5412
30071.1	-23.5339
30081.9	-23.5266
30092.7	-23.5193
30103.4	-23.512
30114.2	-23.5047
30125	-23.4974
30135.7	-23.49
30146.5	-23.4826
30157.3	-23.4753
30168	-23.4679
30178.8	-23.4604
30189.6	-23.453
30200.3	-23.4456
30211.1	-23.4381
30221.9	-23.4306
30232.6	-23.4231
30243.4	-23.4156
30254.2	-23.4081
30264.9	-23.4005
30275.7	-23.393
30286.5	-23.3854
30297.2	-23.3778
30308	-23.3702
30318.8	-23.3626
30329.5	-23.355
30340.3	-23.3473
30351	-23.3396
30361.8	-23.332
30372.6	-23.3243
30383.3	-23.3165
30394.1	-23.3089
30404.9	-23.301
30415.6	-23.2933
30426.4	-23.2855
30437.2	-23.2777
30447.9	-23.2699
30458.7	-23.2621
30469.5	-23.2542
30480.2	-23.2464
30491	-23.2384
30501.8	-23.2306
30512.5	-23.2226
30523.3	-23.2147
30534.1	-23.2068
30544.8	-23.1988
30555.6	-23.1908
30566.4	-23.1828
30577.1	-23.1748
30587.9	-23.1668
30598.7	-23.1588
30609.4	-23.1507
30620.2	-23.1426
30631	-23.1345
30641.7	-23.1264
30652.5	-23.1183
30663.3	-23.1101
30674	-23.102
30684.8	-23.0938
30695.6	-23.0856
30706.3	-23.0774
30717.1	-23.0691
30727.9	-23.0609
30738.6	-23.0526
30749.4	-23.0443
30760.2	-23.036
30770.9	-23.0277
30781.7	-23.0194
30792.5	-23.011
30803.2	-23.0026
30814	-22.9942
30824.8	-22.9858
30835.5	-22.9774
30846.3	-22.9689
30857.1	-22.9605
30867.8	-22.952
30878.6	-22.9435
30889.4	-22.935
30900.1	-22.9265
30910.9	-22.9179
30921.7	-22.9093
30932.4	-22.9007
30943.2	-22.8921
30954	-22.8835
30964.7	-22.8749
30975.5	-22.8662
30986.3	-22.8575
30997	-22.8488
31007.8	-22.8401
31018.6	-22.8314
31029.3	-22.8226
31040.1	-22.8139
31050.9	-22.8051
31061.6	-22.7963
31072.4	-22.7874
31083.2	-22.7786
31093.9	-22.7698
31104.7	-22.7608
31115.5	-22.752
31126.2	-22.743
31137	-22.7341
31147.8	-22.7251
31158.5	-22.7162
31169.3	-22.7072
31180.1	-22.6982
31190.8	-22.6891
31201.6	-22.6801
31212.4	-22.671
31223.1	-22.6619
31233.9	-22.6528
31244.7	-22.6437
31255.4	-22.6345
31266.2	-22.6253
31277	-22.6162
31287.7	-22.6069
31298.5	-22.5977
31309.3	-22.5885
31320	-22.5792
31330.8	-22.5699
31341.6	-22.5606
31352.3	-22.5513
31363.1	-22.5419
31373.9	-22.5326
31384.6	-22.5232
31395.4	-22.5138
31406.2	-22.5044
31416.9	-22.4949
31427.7	-22.4854
31438.5	-22.476
31449.2	-22.4665
31460	-22.4569
31470.8	-22.4474
31481.5	-22.4378
31492.3	-22.4282
31503.1	-22.4186
31513.8	-22.409
31524.6	-22.3993
31535.4	-22.3897
31546.1	-22.38
31556.9	-22.3703
31567.7	-22.3605
31578.4	-22.3508
31589.2	-22.341
31600	-22.3312
31610.7	-22.3214
31621.5	-22.3116
31632.3	-22.3017
31643	-22.2918
31653.8	-22.2819
31664.6	-22.272
31675.3	-22.262
31686.1	-22.2521
31696.9	-22.2421
31707.6	-22.2321
31718.4	-22.2221
31729.2	-22.212
31739.9	-22.2019
31750.7	-22.1918
31761.5	-22.1817
31772.2	-22.1716
31783	-22.1614
31793.8	-22.1512
31804.5	-22.141
31815.3	-22.1308
31826.1	-22.1206
31836.8	-22.1103
31847.6	-22.1
31858.4	-22.0897
31869.1	-22.0793
31879.9	-22.069
31890.7	-22.0586
31901.4	-22.0482
31912.2	-22.0378
31923	-22.0273
31933.7	-22.0168
31944.5	-22.0063
31955.3	-21.9958
31966	-21.9853
31976.8	-21.9747
31987.6	-21.9641
31998.3	-21.9535
32009.1	-21.9429
32019.9	-21.9322
32030.6	-21.9215
32041.4	-21.9108
32052.2	-21.9001
32062.9	-21.8893
32073.7	-21.8786
32084.5	-21.8678
32095.2	-21.8569
32106	-21.8461
32116.8	-21.8352
32127.5	-21.8243
32138.3	-21.8134
32149.1	-21.8025
32159.8	-21.7915
32170.6	-21.7805
32181.4	-21.7695
32192.1	-21.7584
32202.9	-21.7474
32213.7	-21.7363
32224.4	-21.7252
32235.2	-21.714
32246	-21.7029
32256.7	-21.6917
32267.5	-21.6805
32278.3	-21.6692
32289	-21.658
32299.8	-21.6467
32310.6	-21.6354
32321.3	-21.624
32332.1	-21.6127
32342.9	-21.6013
32353.6	-21.5899
32364.4	-21.5784
32375.2	-21.567
32385.9	-21.5555
32396.7	-21.544
32407.5	-21.5324
32418.2	-21.5208
32429	-21.5093
32439.8	-21.4976
32450.5	-21.486
32461.3	-21.4743
32472.1	-21.4626
32482.8	-21.4509
32493.6	-21.4392
32504.4	-21.4273
32515.1	-21.4156
32525.9	-21.4037
32536.7	-21.3919
32547.4	-21.38
32558.2	-21.3681
32569	-21.3561
32579.7	-21.3442
32590.5	-21.3322
32601.3	-21.3201
32612	-21.3081
32622.8	-21.296
32633.6	-21.2839
32644.3	-21.2718
32655.1	-21.2596
32665.9	-21.2474
32676.6	-21.2352
32687.4	-21.223
32698.2	-21.2107
32708.9	-21.1984
32719.7	-21.1861
32730.5	-21.1737
32741.2	-21.1614
32752	-21.1489
32762.8	-21.1365
32773.5	-21.124
32784.3	-21.1115
32795.1	-21.099
32805.8	-21.0865
32816.6	-21.0739
32827.4	-21.0613
32838.1	-21.0486
32848.9	-21.0359
32859.7	-21.0232
32870.4	-21.0105
32881.2	-20.9978
32892	-20.985
32902.7	-20.9721
32913.5	-20.9593
32924.3	-20.9464
32935	-20.9335
32945.8	-20.9206
32956.6	-20.9076
32967.3	-20.8946
32978.1	-20.8816
32988.9	-20.8685
32999.6	-20.8554
33010.4	-20.8423
33021.2	-20.8291
33031.9	-20.816
33042.7	-20.8027
33053.5	-20.7895
33064.2	-20.7762
33075	-20.7629
33085.8	-20.7496
33096.5	-20.7362
33107.3	-20.7228
33118.1	-20.7094
33128.8	-20.6959
33139.6	-20.6824
33150.4	-20.6689
33161.1	-20.6553
33171.9	-20.6417
33182.7	-20.6281
33193.4	-20.6144
33204.2	-20.6007
33215	-20.587
33225.7	-20.5732
33236.5	-20.5594
33247.3	-20.5456
33258	-20.5318
33268.8	-20.5179
33279.6	-20.5039
33290.3	-20.49
33301.1	-20.476
33311.9	-20.462
33322.6	-20.4479
33333.4	-20.4338
33344.2	-20.4197
33354.9	-20.4055
33365.7	-20.3913
33376.5	-20.3771
33387.2	-20.3628
33398	-20.3485
33408.8	-20.3342
33419.5	-20.3198
33430.3	-20.3054
33441.1	-20.291
33451.8	-20.2765
33462.6	-20.262
33473.4	-20.2474
33484.1	-20.2328
33494.9	-20.2183
33505.7	-20.2035
33516.4	-20.1889
33527.2	-20.1742
33538	-20.1594
33548.7	-20.1446
33559.5	-20.1297
33570.3	-20.1149
33581	-20.1
33591.8	-20.085
33602.6	-20.07
33613.3	-20.055
33624.1	-20.0399
33634.9	-20.0248
33645.6	-20.0097
33656.4	-19.9945
33667.2	-19.9793
33677.9	-19.9641
33688.7	-19.9488
33699.5	-19.9335
33710.2	-19.9181
33721	-19.9027
33731.8	-19.8872
33742.5	-19.8718
33753.3	-19.8562
33764.1	-19.8407
33774.8	-19.8251
33785.6	-19.8094
33796.4	-19.7938
33807.1	-19.778
33817.9	-19.7623
33828.7	-19.7465
33839.4	-19.7306
33850.2	-19.7148
33861	-19.6988
33871.7	-19.6829
33882.5	-19.6669
33893.3	-19.6509
33904	-19.6347
33914.8	-19.6186
33925.6	-19.6024
33936.3	-19.5862
33947.1	-19.57
33957.9	-19.5537
33968.6	-19.5373
33979.4	-19.521
33990.2	-19.5045
34000.9	-19.4881
34011.7	-19.4716
34022.5	-19.455
34033.2	-19.4384
34044	-19.4218
34054.8	-19.4051
34065.5	-19.3884
34076.3	-19.3716
34087.1	-19.3548
34097.8	-19.3379
34108.6	-19.321
34119.4	-19.304
34130.1	-19.2871
34140.9	-19.27
34151.7	-19.2529
34162.4	-19.2358
34173.2	-19.2186
34184	-19.2014
34194.7	-19.1842
34205.5	-19.1668
34216.3	-19.1495
34227	-19.132
34237.8	-19.1146
34248.6	-19.0971
34259.3	-19.0795
34270.1	-19.0619
34280.9	-19.0443
34291.6	-19.0266
34302.4	-19.0089
34313.2	-18.9911
34323.9	-18.9732
34334.7	-18.9553
34345.5	-18.9374
34356.2	-18.9194
34367	-18.9014
34377.8	-18.8833
34388.5	-18.8652
34399.3	-18.847
34410.1	-18.8287
34420.8	-18.8105
34431.6	-18.7921
34442.4	-18.7737
34453.1	-18.7553
34463.9	-18.7368
34474.7	-18.7183
34485.4	-18.6997
34496.2	-18.681
34507	-18.6623
34517.7	-18.6436
34528.5	-18.6248
34539.3	-18.6059
34550	-18.587
34560.8	-18.5681
34571.6	-18.549
34582.3	-18.53
34593.1	-18.5108
34603.9	-18.4917
34614.6	-18.4724
34625.4	-18.4532
34636.2	-18.4338
34646.9	-18.4144
34657.7	-18.395
34668.5	-18.3754
34679.2	-18.3559
34690	-18.3363
34700.8	-18.3166
34711.5	-18.2968
34722.3	-18.277
34733.1	-18.2572
34743.8	-18.2373
34754.6	-18.2173
34765.4	-18.1973
34776.1	-18.1772
34786.9	-18.1571
34797.7	-18.1369
34808.4	-18.1166
34819.2	-18.0963
34830	-18.0759
34840.7	-18.0555
34851.5	-18.035
34862.3	-18.0144
34873	-17.9938
34883.8	-17.9731
34894.6	-17.9523
34905.3	-17.9316
34916.1	-17.9106
34926.9	-17.8897
34937.6	-17.8687
34948.4	-17.8477
34959.2	-17.8265
34969.9	-17.8053
34980.7	-17.7841
34991.5	-17.7628
35002.2	-17.7414
35013	-17.7199
35023.8	-17.6984
35034.5	-17.6768
35045.3	-17.6552
35056.1	-17.6335
35066.8	-17.6117
35077.6	-17.5899
35088.4	-17.5679
35099.1	-17.546
35109.9	-17.5239
35120.7	-17.5018
35131.4	-17.4796
35142.2	-17.4573
35153	-17.435
35163.7	-17.4126
35174.5	-17.3901
35185.3	-17.3676
35196	-17.345
35206.8	-17.3223
35217.6	-17.2996
35228.3	-17.2767
35239.1	-17.2538
35249.9	-17.2309
35260.6	-17.2078
35271.4	-17.1847
35282.2	-17.1615
35292.9	-17.1382
35303.7	-17.1149
35314.5	-17.0915
35325.2	-17.068
35336	-17.0444
35346.8	-17.0207
35357.5	-16.997
35368.3	-16.9732
35379.1	-16.9493
35389.8	-16.9254
35400.6	-16.9013
35411.4	-16.8772
35422.1	-16.853
35432.9	-16.8287
35443.7	-16.8044
35454.4	-16.7799
35465.2	-16.7554
35476	-16.7308
35486.7	-16.7061
35497.5	-16.6813
35508.3	-16.6565
35519	-16.6316
35529.8	-16.6065
35540.6	-16.5814
35551.3	-16.5562
35562.1	-16.5309
35572.9	-16.5056
35583.6	-16.4801
35594.4	-16.4546
35605.2	-16.429
35615.9	-16.4032
35626.7	-16.3774
35637.5	-16.3515
35648.2	-16.3256
35659	-16.2995
35669.8	-16.2733
35680.5	-16.2471
35691.3	-16.2207
35702.1	-16.1942
35712.8	-16.1677
35723.6	-16.1411
35734.4	-16.1144
35745.1	-16.0875
35755.9	-16.0606
35766.7	-16.0336
35777.4	-16.0065
35788.2	-15.9793
35799	-15.952
35809.7	-15.9246
35820.5	-15.8971
35831.2	-15.8695
35842	-15.8418
35852.8	-15.814
35863.5	-15.786
35874.3	-15.758
35885.1	-15.7299
35895.8	-15.7017
35906.6	-15.6734
35917.4	-15.6449
35928.1	-15.6164
35938.9	-15.5878
35949.7	-15.559
35960.4	-15.5302
35971.2	-15.5012
35982	-15.4721
35992.7	-15.4429
36003.5	-15.4136
36014.3	-15.3842
36025	-15.3547
36035.8	-15.3251
36046.6	-15.2953
36057.3	-15.2655
36068.1	-15.2355
36078.9	-15.2054
36089.6	-15.1752
36100.4	-15.1448
36111.2	-15.1144
36121.9	-15.0838
36132.7	-15.0531
36143.5	-15.0223
36154.2	-14.9914
36165	-14.9603
36175.8	-14.9292
36186.5	-14.8979
36197.3	-14.8664
36208.1	-14.8349
36218.8	-14.8032
36229.6	-14.7714
36240.4	-14.7394
36251.1	-14.7074
36261.9	-14.6752
36272.7	-14.6428
36283.4	-14.6104
36294.2	-14.5777
36305	-14.545
36315.7	-14.5121
36326.5	-14.4791
36337.3	-14.446
36348	-14.4127
36358.8	-14.3793
36369.6	-14.3457
36380.3	-14.312
36391.1	-14.2781
36401.9	-14.2441
36412.6	-14.21
36423.4	-14.1757
36434.2	-14.1412
36444.9	-14.1066
36455.7	-14.0719
36466.5	-14.037
36477.2	-14.002
36488	-13.9668
36498.8	-13.9314
36509.5	-13.8959
36520.3	-13.8602
36531.1	-13.8244
36541.8	-13.7884
36552.6	-13.7523
36563.4	-13.7159
36574.1	-13.6795
36584.9	-13.6428
36595.7	-13.606
36606.4	-13.569
36617.2	-13.5319
36628	-13.4946
36638.7	-13.4571
36649.5	-13.4194
36660.3	-13.3816
36671	-13.3436
36681.8	-13.3054
36692.6	-13.267
36703.3	-13.2284
36714.1	-13.1897
36724.9	-13.1507
36735.6	-13.1116
36746.4	-13.0723
36757.2	-13.0328
36767.9	-12.9932
36778.7	-12.9533
36789.5	-12.9132
36800.2	-12.8729
36811	-12.8325
36821.8	-12.7918
36832.5	-12.7509
36843.3	-12.7099
36854.1	-12.6686
36864.8	-12.6271
36875.6	-12.5854
36886.4	-12.5435
36897.1	-12.5014
36907.9	-12.459
36918.7	-12.4164
36929.4	-12.3737
36940.2	-12.3307
36951	-12.2874
36961.7	-12.244
36972.5	-12.2003
36983.3	-12.1564
36994	-12.1123
37004.8	-12.0679
37015.6	-12.0233
37026.3	-11.9784
37037.1	-11.9333
37047.9	-11.8879
37058.6	-11.8423
37069.4	-11.7965
37080.2	-11.7504
37090.9	-11.7041
37101.7	-11.6574
37112.5	-11.6106
37123.2	-11.5634
37134	-11.516
37144.8	-11.4683
37155.5	-11.4204
37166.3	-11.3722
37177.1	-11.3237
37187.8	-11.2749
37198.6	-11.2258
37209.4	-11.1765
37220.1	-11.1268
37230.9	-11.0769
37241.7	-11.0267
37252.4	-10.9761
37263.2	-10.9253
37274	-10.8741
37284.7	-10.8227
37295.5	-10.7709
37306.3	-10.7188
37317	-10.6664
37327.8	-10.6137
37338.6	-10.5606
37349.3	-10.5072
37360.1	-10.4534
37370.9	-10.3994
37381.6	-10.3449
37392.4	-10.2901
37403.2	-10.235
37413.9	-10.1795
37424.7	-10.1237
37435.5	-10.0674
37446.2	-10.0108
37457	-9.95385
37467.8	-9.89649
37478.5	-9.83874
37489.3	-9.7806
37500.1	-9.72207
37510.8	-9.66312
37521.6	-9.60378
37532.4	-9.54401
37543.1	-9.48383
37553.9	-9.42322
37564.7	-9.36218
37575.4	-9.30071
37586.2	-9.23879
37597	-9.17643
37607.7	-9.1136
37618.5	-9.05032
37629.3	-8.98656
37640	-8.92234
37650.8	-8.85762
37661.6	-8.79242
37672.3	-8.72673
37683.1	-8.66053
37693.9	-8.59381
37704.6	-8.52659
37715.4	-8.45883
37726.2	-8.39054
37736.9	-8.3217
37747.7	-8.25231
37758.5	-8.18237
37769.2	-8.11185
37780	-8.04075
37790.8	-7.96907
37801.5	-7.89679
37812.3	-7.82391
37823.1	-7.7504
37833.8	-7.67627
37844.6	-7.6015
37855.4	-7.52608
37866.1	-7.45
37876.9	-7.37326
37887.7	-7.29583
37898.4	-7.2177
37909.2	-7.13887
37920	-7.05931
37930.7	-6.97903
37941.5	-6.898
37952.3	-6.81621
37963	-6.73364
37973.8	-6.65029
37984.6	-6.56614
37995.3	-6.48116
38006.1	-6.39535
38016.9	-6.30869
38027.6	-6.22117
38038.4	-6.13276
38049.2	-6.04345
38059.9	-5.95321
38070.7	-5.86204
38081.5	-5.76991
38092.2	-5.6768
38103	-5.58268
38113.8	-5.48756
38124.5	-5.39138
38135.3	-5.29414
38146.1	-5.19581
38156.8	-5.09637
38167.6	-4.99578
38178.4	-4.89403
38189.1	-4.79109
38199.9	-4.68693
38210.7	-4.58152
38221.4	-4.47483
38232.2	-4.36683
38243	-4.25749
38253.7	-4.14677
38264.5	-4.03464
38275.3	-3.92106
38286	-3.806
38296.8	-3.68941
38307.6	-3.57127
38318.3	-3.45151
38329.1	-3.33011
38339.9	-3.20701
38350.6	-3.08217
38361.4	-2.95553
38372.2	-2.82704
38382.9	-2.69666
38393.7	-2.56432
38404.5	-2.42997
38415.2	-2.29354
38426	-2.15496
38436.8	-2.01418
38447.5	-1.87111
38458.3	-1.72569
38469.1	-1.57783
38479.8	-1.42745
38490.6	-1.27447
38501.4	-1.1188
38512.1	-0.960331
38522.9	-0.798968
38533.7	-0.634606
38544.4	-0.46713
38555.2	-0.29642
38566	-0.122349
38576.7	0.0552163
38587.5	0.236419
38598.3	0.421412
38609	0.610354
38619.8	0.803419
38630.6	1.00079
38641.3	1.20266
38652.1	1.40924
38662.9	1.62075
38673.6	1.83744
38684.4	2.05955
38695.2	2.28738
38705.9	2.52121
38716.7	2.76137
38727.5	3.00822
38738.2	3.26212
38749	3.5235
38759.8	3.79279
38770.5	4.0705
38781.3	4.35715
38792.1	4.65334
38802.8	4.95971
38813.6	5.27698
38824.4	5.60593
38835.1	5.94744
38845.9	6.30248
38856.7	6.67216
38867.4	7.05768
38878.2	7.46042
38889	7.88195
38899.7	8.324
38910.5	8.78859
38921.3	9.278
38932	9.79481
38942.8	10.342
38953.6	10.923
38964.3	11.5415
38975.1	12.2018
38985.9	12.9084
38996.6	13.6653
39007.4	14.4753
39018.2	15.3357
39028.9	16.2293
39039.7	17.094
39050.5	17.7094
39061.2	17.0579
39072	-24.7448
39082.8	38.3894
39093.5	58.3239
39104.3	59.7642
39115.1	44.9795
39125.8	12.681
39136.6	16.4584
39147.4	17.7865
39158.1	17.2881
39168.9	16.4482
39179.7	15.5558
39190.4	14.6899
39201.2	13.873
39212	13.1094
39222.7	12.397
39233.5	11.7318
39244.3	11.1094
39255	10.5255
39265.8	9.97603
39276.6	9.45767
39287.3	8.96731
39298.1	8.50229
39308.9	8.06026
39319.6	7.63916
39330.4	7.23719
39341.2	6.85276
39351.9	6.48446
39362.7	6.13102
39373.5	5.79135
39384.2	5.46443
39395	5.14937
39405.8	4.84538
39416.5	4.55171
39427.3	4.2677
39438.1	3.99277
39448.8	3.72635
39459.6	3.46796
39470.4	3.21714
39481.1	2.97346
39491.9	2.73654
39502.7	2.50602
39513.4	2.28159
39524.2	2.06292
39535	1.84975
39545.7	1.64181
39556.5	1.43885
39567.3	1.24066
39578	1.04701
39588.8	0.857708
39599.6	0.672571
39610.3	0.491425
39621.1	0.314106
39631.9	0.14046
39642.6	-0.0296571
39653.4	-0.196381
39664.2	-0.359839
39674.9	-0.520153
39685.7	-0.677438
39696.5	-0.831801
39707.2	-0.983347
39718	-1.13217
39728.8	-1.27836
39739.5	-1.42202
39750.3	-1.56321
39761.1	-1.70203
39771.8	-1.83854
39782.6	-1.97282
39793.4	-2.10494
39804.1	-2.23496
39814.9	-2.36294
39825.7	-2.48895
39836.4	-2.61304
39847.2	-2.73527
39858	-2.85569
39868.7	-2.97434
39879.5	-3.09128
39890.3	-3.20656
39901	-3.3202
39911.8	-3.43228
39922.6	-3.54281
39933.3	-3.65184
39944.1	-3.7594
39954.9	-3.86554
39965.6	-3.97029
39976.4	-4.07368
39987.2	-4.17575
39997.9	-4.27652
40008.7	-4.37602
40019.5	-4.47429
40030.2	-4.57136
40041	-4.66724
40051.8	-4.76197
40062.5	-4.85557
40073.3	-4.94807
40084.1	-5.03948
40094.8	-5.12984
40105.6	-5.21917
40116.4	-5.30747
40127.1	-5.39479
40137.9	-5.48113
40148.7	-5.56652
40159.4	-5.65097
40170.2	-5.73451
40181	-5.81715
40191.7	-5.89891
40202.5	-5.97979
40213.3	-6.05984
40224	-6.13905
40234.8	-6.21744
40245.6	-6.29503
40256.3	-6.37184
40267.1	-6.44786
40277.9	-6.52313
40288.6	-6.59765
40299.4	-6.67144
40310.2	-6.7445
40320.9	-6.81686
40331.7	-6.88852
40342.5	-6.95949
40353.2	-7.02979
40364	-7.09942
40374.8	-7.1684
40385.5	-7.23674
40396.3	-7.30445
40407.1	-7.37154
40417.8	-7.43801
40428.6	-7.50388
40439.4	-7.56916
40450.1	-7.63385
40460.9	-7.69796
40471.7	-7.76151
40482.4	-7.82451
40493.2	-7.88694
40504	-7.94885
40514.7	-8.0102
40525.5	-8.07104
40536.3	-8.13136
40547	-8.19116
40557.8	-8.25046
40568.6	-8.30926
40579.3	-8.36757
40590.1	-8.42539
40600.9	-8.48274
40611.6	-8.53961
40622.4	-8.59602
40633.2	-8.65197
40643.9	-8.70746
40654.7	-8.76251
40665.5	-8.81712
40676.2	-8.87129
40687	-8.92502
40697.8	-8.97834
40708.5	-9.03123
40719.3	-9.08371
40730.1	-9.13578
40740.8	-9.18744
40751.6	-9.2387
40762.4	-9.28957
40773.1	-9.34005
40783.9	-9.39014
40794.7	-9.43984
40805.4	-9.48919
40816.2	-9.53814
40827	-9.58673
40837.7	-9.63496
40848.5	-9.68282
40859.3	-9.73033
40870	-9.77749
40880.8	-9.8243
40891.6	-9.87075
40902.3	-9.91689
40913.1	-9.96266
40923.9	-10.0081
40934.6	-10.0532
40945.4	-10.098
40956.2	-10.1425
40966.9	-10.1866
40977.7	-10.2305
40988.5	-10.274
40999.2	-10.3172
41010	-10.3601
41020.8	-10.4027
41031.5	-10.445
41042.3	-10.487
41053.1	-10.5287
41063.8	-10.5701
41074.6	-10.6112
41085.4	-10.6521
41096.1	-10.6926
41106.9	-10.7329
41117.7	-10.7729
41128.4	-10.8126
41139.2	-10.852
41150	-10.8912
41160.7	-10.9301
41171.5	-10.9687
41182.3	-11.007
41193	-11.0451
41203.8	-11.083
41214.6	-11.1206
41225.3	-11.1579
41236.1	-11.195
41246.9	-11.2318
41257.6	-11.2684
41268.4	-11.3047
41279.2	-11.3408
41289.9	-11.3766
41300.7	-11.4122
41311.5	-11.4476
41322.2	-11.4827
41333	-11.5176
41343.8	-11.5522
41354.5	-11.5867
41365.3	-11.6209
41376	-11.6548
41386.8	-11.6886
41397.6	-11.7221
41408.3	-11.7554
41419.1	-11.7884
41429.9	-11.8213
41440.6	-11.8539
41451.4	-11.8864
41462.2	-11.9186
41472.9	-11.9506
41483.7	-11.9823
41494.5	-12.0139
41505.2	-12.0453
41516	-12.0764
41526.8	-12.1074
41537.5	-12.1381
41548.3	-12.1687
41559.1	-12.199
41569.8	-12.2292
41580.6	-12.2591
41591.4	-12.2889
41602.1	-12.3184
41612.9	-12.3478
41623.7	-12.3769
41634.4	-12.4059
41645.2	-12.4347
41656	-12.4633
41666.7	-12.4917
41677.5	-12.5199
41688.3	-12.548
41699	-12.5758
41709.8	-12.6035
41720.6	-12.631
41731.3	-12.6583
41742.1	-12.6854
41752.9	-12.7123
41763.6	-12.7391
41774.4	-12.7657
41785.2	-12.7921
41795.9	-12.8183
41806.7	-12.8444
41817.5	-12.8703
41828.2	-12.896
41839	-12.9215
41849.8	-12.9469
41860.5	-12.9721
41871.3	-12.9972
41882.1	-13.0221
41892.8	-13.0467
41903.6	-13.0713
41914.4	-13.0957
41925.1	-13.1199
41935.9	-13.1439
41946.7	-13.1678
41957.4	-13.1916
41968.2	-13.2151
41979	-13.2385
41989.7	-13.2618
42000.5	-13.2849
42011.3	-13.3078
42022	-13.3306
42032.8	-13.3532
42043.6	-13.3757
42054.3	-13.398
42065.1	-13.4202
42075.9	-13.4422
42086.6	-13.464
42097.4	-13.4858
42108.2	-13.5073
42118.9	-13.5287
42129.7	-13.55
42140.5	-13.5711
42151.2	-13.5921
42162	-13.6129
42172.8	-13.6335
42183.5	-13.6541
42194.3	-13.6745
42205.1	-13.6947
42215.8	-13.7148
42226.6	-13.7347
42237.4	-13.7545
42248.1	-13.7742
42258.9	-13.7937
42269.7	-13.8131
42280.4	-13.8324
42291.2	-13.8515
42302	-13.8704
42312.7	-13.8893
42323.5	-13.9079
42334.3	-13.9265
42345	-13.9449
42355.8	-13.9632
42366.6	-13.9813
42377.3	-13.9993
42388.1	-14.0172
42398.9	-14.035
42409.6	-14.0526
42420.4	-14.07
42431.2	-14.0874
42441.9	-14.1046
42452.7	-14.1217
42463.5	-14.1386
42474.2	-14.1554
42485	-14.1721
42495.8	-14.1887
42506.5	-14.2051
42517.3	-14.2214
42528.1	-14.2375
42538.8	-14.2536
42549.6	-14.2695
42560.4	-14.2853
42571.1	-14.3009
42581.9	-14.3165
42592.7	-14.3319
42603.4	-14.3471
42614.2	-14.3623
42625	-14.3773
42635.7	-14.3922
42646.5	-14.407
42657.3	-14.4217
42668	-14.4362
42678.8	-14.4506
42689.6	-14.4649
42700.3	-14.4791
42711.1	-14.4931
42721.9	-14.507
42732.6	-14.5208
42743.4	-14.5345
42754.2	-14.5481
42764.9	-14.5615
42775.7	-14.5748
42786.5	-14.588
42797.2	-14.6011
42808	-14.6141
42818.8	-14.6269
42829.5	-14.6396
42840.3	-14.6522
42851.1	-14.6647
42861.8	-14.6771
42872.6	-14.6894
42883.4	-14.7015
42894.1	-14.7135
42904.9	-14.7254
42915.7	-14.7372
42926.4	-14.7489
42937.2	-14.7604
42948	-14.7719
42958.7	-14.7832
42969.5	-14.7944
42980.3	-14.8055
42991	-14.8165
43001.8	-14.8274
43012.6	-14.8381
43023.3	-14.8488
43034.1	-14.8593
43044.9	-14.8697
43055.6	-14.88
43066.4	-14.8902
43077.2	-14.9003
43087.9	-14.9103
43098.7	-14.9201
43109.5	-14.9299
43120.2	-14.9395
43131	-14.949
43141.8	-14.9584
43152.5	-14.9677
43163.3	-14.9769
43174.1	-14.986
43184.8	-14.995
43195.6	-15.0038
43206.4	-15.0126
43217.1	-15.0212
43227.9	-15.0297
43238.7	-15.0382
43249.4	-15.0465
43260.2	-15.0547
43271	-15.0628
43281.7	-15.0707
43292.5	-15.0786
43303.3	-15.0864
43314	-15.094
43324.8	-15.1016
43335.6	-15.109
43346.3	-15.1164
43357.1	-15.1236
43367.9	-15.1307
43378.6	-15.1377
43389.4	-15.1447
43400.2	-15.1515
43410.9	-15.1582
43421.7	-15.1647
43432.5	-15.1712
43443.2	-15.1776
43454	-15.1839
43464.8	-15.19
43475.5	-15.1961
43486.3	-15.202
43497.1	-15.2079
43507.8	-15.2136
43518.6	-15.2193
43529.4	-15.2248
43540.1	-15.2302
43550.9	-15.2355
43561.7	-15.2407
43572.4	-15.2459
43583.2	-15.2509
43594	-15.2558
43604.7	-15.2605
43615.5	-15.2652
43626.3	-15.2698
43637	-15.2743
43647.8	-15.2787
43658.6	-15.283
43669.3	-15.2871
43680.1	-15.2912
43690.9	-15.2952
43701.6	-15.299
43712.4	-15.3028
43723.2	-15.3064
43733.9	-15.31
43744.7	-15.3134
43755.5	-15.3167
43766.2	-15.32
43777	-15.3231
43787.8	-15.3261
43798.5	-15.3291
43809.3	-15.3319
43820.1	-15.3346
43830.8	-15.3372
43841.6	-15.3397
43852.4	-15.3421
43863.1	-15.3445
43873.9	-15.3467
43884.7	-15.3488
43895.4	-15.3507
43906.2	-15.3527
43917	-15.3545
43927.7	-15.3561
43938.5	-15.3577
43949.3	-15.3592
43960	-15.3606
43970.8	-15.3619
43981.6	-15.3631
43992.3	-15.3641
44003.1	-15.3651
44013.9	-15.366
44024.6	-15.3667
44035.4	-15.3674
44046.2	-15.368
44056.9	-15.3684
44067.7	-15.3688
44078.5	-15.3691
44089.2	-15.3692

