0	10.2535
21.5332	-10.1174
43.0664	-1.86165
64.5996	2.38289
86.1328	13.9469
107.666	18.2439
129.199	-3.46225
150.732	-1.75231
172.266	3.39993
193.799	11.7064
215.332	10.1001
236.865	-0.981721
258.398	-0.426408
279.932	-2.47522
301.465	11.9893
322.998	-5.91735
344.531	-0.198187
366.064	1.14394
387.598	4.49261
409.131	9.50491
430.664	-1.00624
452.197	0.379708
473.73	-2.42988
495.264	10.4126
516.797	0.336828
538.33	1.78546
559.863	1.85343
581.396	-1.05709
602.93	11.3306
624.463	-1.53998
645.996	2.62114
667.529	2.26575
689.062	10.8503
710.596	7.05784
732.129	5.35602
753.662	4.71257
775.195	-2.40085
796.729	15.6355
818.262	-2.1171
839.795	7.52556
861.328	7.90739
882.861	15.3614
904.395	17.733
925.928	11.3081
947.461	-2.19462
968.994	33.8234
990.527	49.5874
1012.06	48.7119
1033.59	30.0659
1055.13	-4.98523
1076.66	10.2949
1098.19	19.0543
1119.73	12.474
1141.26	5.29936
1162.79	3.25233
1184.33	12.3747
1205.86	9.32827
1227.39	6.45449
1248.93	0.319544
1270.46	-2.32116
1291.99	10.4305
1313.53	5.68518
1335.06	-1.63372
1356.59	-3.95839
1378.12	3.76633
1399.66	7.35025
1421.19	3.61909
1442.72	-7.04017
1464.26	-10.6003
1485.79	6.52557
1507.32	5.77878
1528.86	-1.70694
1550.39	-9.16179
1571.92	-3.6091
1593.46	7.8022
1614.99	4.94315
1636.52	-9.80107
1658.06	-11.5548
1679.59	4.56659
1701.12	9.01698
1722.66	3.11828
1744.19	-10.8615
1765.72	-12.9237
1787.26	10.6436
1808.79	10.6102
1830.32	-0.0918543
1851.86	-6.81369
1873.39	6.88141
1894.92	17.2452
1916.46	13.9874
1937.99	-12.9768
1959.52	6.42045
1981.05	39.2776
2002.59	44.807
2024.12	35.4123
2045.65	-0.407626
2067.19	-1.41153
2088.72	16.8007
2110.25	16.9244
2131.79	1.4172
2153.32	-8.59195
2174.85	4.16416
2196.39	12.0205
2217.92	8.61018
2239.45	-16.9507
2260.99	-12.8603
2282.52	5.09407
2304.05	9.81091
2325.59	-1.23016
2347.12	-14.1415
2368.65	-5.35294
2390.19	6.30765
2411.72	7.08139
2433.25	-17.7086
2454.79	-14.5398
2476.32	-1.83694
2497.85	8.29082
2519.38	1.36299
2540.92	-11.8421
2562.45	-9.37714
2583.98	3.13952
2605.52	8.71816
2627.05	-7.61064
2648.58	-11.0955
2670.12	-6.22688
2691.65	9.14552
2713.18	6.54858
2734.72	-5.54327
2756.25	-7.6385
2777.78	1.9271
2799.32	13.2791
2820.85	2.79053
2842.38	-4.5437
2863.92	-2.97562
2885.45	14.6413
2906.98	16.8319
2928.52	4.81689
2950.05	-4.24937
2971.58	27.574
2993.12	40.6778
3014.65	38.0967
3036.18	15.5849
3057.71	-18.077
3079.25	11.8431
3100.78	18.9371
3122.31	10.6411
3143.85	-4.78937
3165.38	-11.87
3186.91	11.3602
3208.45	10.9104
3229.98	0.712244
3251.51	-8.91832
3273.05	-4.06929
3294.58	10.083
3316.11	5.16194
3337.65	-9.4859
3359.18	-13.2489
3380.71	3.35321
3402.25	8.1351
3423.78	0.113037
3445.31	-14.9328
3466.85	-22.5851
3488.38	6.66579
3509.91	5.76032
3531.45	-5.95489
3552.98	-14.844
3574.51	-2.83375
3596.04	8.35741
3617.58	3.11497
3639.11	-13.1933
3660.64	-16.3405
3682.18	5.43942
3703.71	9.02458
3725.24	0.599357
3746.78	-12.7811
3768.31	-9.48154
3789.84	11.2957
3811.38	9.62
3832.91	-2.8078
3854.44	-8.28614
3875.98	8.58382
3897.51	17.2277
3919.04	12.1257
3940.58	-20.3922
3962.11	9.11685
3983.64	34.7501
4005.18	38.4895
4026.71	26.9315
4048.24	-5.13455
4069.78	2.69936
4091.31	17.9901
4112.84	16.3921
4134.38	-1.41287
4155.91	-9.22016
4177.44	6.10278
4198.97	12.4336
4220.51	7.21837
4242.04	-14.5202
4263.57	-13.0987
4285.11	6.74467
4306.64	9.31803
4328.17	-3.14821
4349.71	-15.9427
4371.24	-3.69337
4392.77	7.26874
4414.31	5.91169
4435.84	-27.4182
4457.37	-19.387
4478.91	0.843111
4500.44	8.05938
4521.97	0.0675256
4543.51	-18.2583
4565.04	-10.5096
4586.57	5.02827
4608.11	7.77165
4629.64	-9.44581
4651.17	-18.925
4672.71	-3.20814
4694.24	9.26719
4715.77	5.5705
4737.3	-12.351
4758.84	-13.2686
4780.37	5.29354
4801.9	12.5681
4823.44	1.90571
4844.97	-12.8716
4866.5	-2.81295
4888.04	15.1529
4909.57	15.9193
4931.1	0.373039
4952.64	-7.26297
4974.17	25.8777
4995.7	36.674
5017.24	32.3393
5038.77	4.55468
5060.3	-13.9192
5081.84	14.0365
5103.37	19.0904
5124.9	8.94266
5146.44	-12.5723
5167.97	-9.32304
5189.5	11.8251
5211.04	10.8102
5232.57	-3.74596
5254.1	-15.5055
5275.63	-0.618326
5297.17	10.2627
5318.7	3.98919
5340.23	-15.4547
5361.77	-17.5372
5383.3	4.34511
5404.83	8.14653
5426.37	-2.84332
5447.9	-19.6615
5469.43	-11.4852
5490.97	7.21386
5512.5	5.05447
5534.03	-9.50423
5555.57	-17.2698
5577.1	-0.788883
5598.63	8.56717
5620.17	1.25503
5641.7	-15.748
5663.23	-17.5675
5684.77	6.47819
5706.3	8.64529
5727.83	-1.96569
5749.37	-14.2994
5770.9	-4.83544
5792.43	11.7449
5813.96	8.42528
5835.5	-5.78062
5857.03	-10.0985
5878.56	10.1158
5900.1	17.0118
5921.63	10.0015
5943.16	-22.973
5964.7	11.4159
5986.23	32.4672
6007.76	34.4686
6029.3	20.5046
6050.83	-11.3925
6072.36	6.30627
6093.9	18.9724
6115.43	15.6766
6136.96	-4.79249
6158.5	-11.3103
6180.03	7.80935
6201.56	12.6627
6223.1	5.5279
6244.63	-13.9516
6266.16	-11.1743
6287.7	7.98328
6309.23	8.72005
6330.76	-5.70171
6352.29	-17.3285
6373.83	-1.72093
6395.36	7.92228
6416.89	4.5711
6438.43	-36.8691
6459.96	-23.0168
6481.49	2.75649
6503.03	7.80454
6524.56	-1.74855
6546.09	-22.2969
6567.63	-8.98916
6589.16	6.27315
6610.69	6.79206
6632.23	-12.1364
6653.76	-26.3042
6675.29	-0.435289
6696.83	9.39102
6718.36	4.24024
6739.89	-20.7859
6761.43	-14.9763
6782.96	7.26829
6804.49	11.9139
6826.03	0.126915
6847.56	-21.3255
6869.09	0.453381
6890.62	15.5887
6912.16	14.793
6933.69	-4.71993
6955.22	-14.0532
6976.76	25.2795
6998.29	33.9852
7019.82	27.8312
7041.36	-9.32444
7062.89	-8.68965
7084.42	15.9524
7105.96	19.127
7127.49	6.9121
7149.02	-22.3407
7170.56	-2.47639
7192.09	12.432
7213.62	10.272
7235.16	-8.90796
7256.69	-21.3155
7278.22	2.0781
7299.76	10.3702
7321.29	2.44835
7342.82	-21.3617
7364.36	-14.1636
7385.89	5.44778
7407.42	7.83775
7428.96	-6.10602
7450.49	-23.1879
7472.02	-6.64435
7493.55	7.68136
7515.09	4.03429
7536.62	-13.218
7558.15	-17.9909
7579.69	1.18294
7601.22	8.53856
7622.75	-0.846373
7644.29	-18.3802
7665.82	-13.8495
7687.35	7.38031
7708.89	8.02792
7730.42	-4.87183
7751.95	-16.1317
7773.49	-1.2285
7795.02	11.9937
7816.55	7.01597
7838.09	-9.15311
7859.62	-12.0643
7881.15	11.4147
7902.69	16.6144
7924.22	7.54441
7945.75	-18.4406
7967.29	13.3932
7988.82	30.9727
8010.35	31.2621
8031.88	14.5369
8053.42	-20.4953
8074.95	9.45572
8096.48	19.7733
8118.02	14.7498
8139.55	-8.6216
8161.08	-16.2858
8182.62	9.31005
8204.15	12.7049
8225.68	3.48978
8247.22	-14.7047
8268.75	-7.8634
8290.28	8.96387
8311.82	7.93379
8333.35	-8.73939
8354.88	-19.4634
8376.42	0.177612
8397.95	8.33973
8419.48	2.97492
8441.02	-28.4001
8462.55	-23.1887
8484.08	4.27789
8505.62	7.40033
8527.15	-3.92601
8548.68	-23.8823
8570.21	-6.6889
8591.75	7.16612
8613.28	5.64171
8634.81	-15.1937
8656.35	-30.889
8677.88	1.78652
8699.41	9.37897
8720.95	2.62586
8742.48	-34.0479
8764.01	-13.0133
8785.55	8.67677
8807.08	11.148
8828.61	-2.10632
8850.15	-20.0565
8871.68	3.34361
8893.21	15.8667
8914.75	13.4467
8936.28	-11.4112
8957.81	-15.402
8979.35	25.0733
9000.88	31.8389
9022.41	23.7681
9043.95	-19.0846
9065.48	-2.91763
9087.01	17.6141
9108.54	19.0072
9130.08	4.47279
9151.61	-22.0047
9173.14	1.51327
9194.68	12.9757
9216.21	9.43091
9237.74	-16.13
9259.28	-20.9274
9280.81	4.22142
9302.34	10.3238
9323.88	0.577856
9345.41	-24.566
9366.94	-9.95541
9388.48	6.45118
9410.01	7.27163
9431.54	-9.955
9453.08	-25.1549
9474.61	-3.31193
9496.14	7.99219
9517.68	2.74964
9539.21	-17.2479
9560.74	-16.9424
9582.28	2.91061
9603.81	8.29107
9625.34	-3.25136
9646.88	-21.4067
9668.41	-9.31945
9689.94	8.10009
9711.47	7.19471
9733.01	-8.29009
9754.54	-18.1072
9776.07	1.60685
9797.61	12.0468
9819.14	5.37858
9840.67	-13.1311
9862.21	-11.1686
9883.74	12.4857
9905.27	16.0364
9926.81	4.6706
9948.34	-15.6406
9969.87	15.0942
9991.41	29.8186
10012.9	28.3977
10034.5	8.36164
10056	-26.7414
10077.5	12.2211
10099.1	20.4035
10120.6	13.589
10142.1	-12.7387
10163.7	-21.498
10185.2	10.6176
10206.7	12.5571
10228.3	1.03126
10249.8	-16.5673
10271.3	-4.46828
10292.9	9.724
10314.4	6.93047
10335.9	-12.2816
10357.5	-22.7016
10379	1.92162
10400.5	8.5398
10422.1	1.07664
10443.6	-26.6188
10465.1	-17.5898
10486.7	5.50717
10508.2	6.8135
10529.7	-6.44554
10551.3	-24.2127
10572.8	-4.2782
10594.3	7.78584
10615.9	4.27566
10637.4	-18.2205
10658.9	-30.3791
10680.5	3.59609
10702	9.19911
10723.5	0.727332
10745.1	-25.3157
10766.6	-9.57184
10788.1	9.71962
10809.7	10.2211
10831.2	-4.70198
10852.7	-17.6022
10874.3	5.70242
10895.8	15.9736
10917.3	11.8629
10938.9	-22.6516
10960.4	-4.38624
10981.9	25.0052
11003.5	29.9352
11025	19.8085
11046.5	-14.3016
11068.1	1.97056
11089.6	19.0549
11111.1	18.7174
11132.7	1.52802
11154.2	-18.138
11175.7	4.43647
11197.3	13.3955
11218.8	8.30907
11240.3	-27.8577
11261.9	-16.87
11283.4	5.97758
11304.9	10.0969
11326.5	-1.63165
11348	-23.7232
11369.5	-6.54999
11391.1	7.29677
11412.6	6.45882
11434.1	-14.716
11455.7	-25.7635
11477.2	-0.709633
11498.7	8.12421
11520.3	1.20657
11541.8	-21.4782
11563.3	-14.5649
11584.9	4.37414
11606.4	7.82857
11627.9	-6.00991
11649.5	-25.072
11671	-5.56831
11692.5	8.62853
11714.1	6.14777
11735.6	-12.4795
11757.1	-19.3912
11778.7	3.88463
11800.2	11.9073
11821.7	3.49586
11843.3	-18.0286
11864.8	-7.03177
11886.3	13.3411
11907.9	15.2745
11929.4	1.24958
11950.9	-14.7971
11972.5	16.5507
11994	28.8091
12015.5	25.6558
12037.1	1.36803
12058.6	-20.2973
12080.1	14.6634
12101.7	20.8698
12123.2	12.166
12144.7	-16.8334
12166.3	-10.3613
12187.8	11.7404
12209.3	12.214
12230.9	-1.96357
12252.4	-19.5418
12273.9	-1.45241
12295.5	10.2781
12317	5.68866
12338.5	-16.375
12360.1	-23.2559
12381.6	3.48445
12403.1	8.52859
12424.7	-1.1745
12446.2	-26.9944
12467.7	-12.4181
12489.3	6.48533
12510.8	6.02822
12532.3	-9.3181
12553.9	-24.0594
12575.4	-2.00037
12596.9	8.16467
12618.5	2.66438
12640	-20.7935
12661.5	-24.2084
12683.1	5.07663
12704.6	8.8401
12726.1	-1.48216
12747.7	-22.4373
12769.2	-6.0584
12790.7	10.4756
12812.3	9.1086
12833.8	-7.6412
12855.3	-17.4942
12876.9	7.6399
12898.4	15.9073
12919.9	10.0132
12941.5	-29.5307
12963	1.28656
12984.5	24.9598
13006.1	28.124
13027.6	15.7445
13049.1	-16.2503
13070.7	6.09193
13092.2	20.2994
13113.7	18.2474
13135.3	-2.0721
13156.8	-17.7689
13178.3	6.77644
13199.9	13.667
13221.4	6.89611
13242.9	-22.2544
13264.5	-12.8775
13286	7.42989
13307.5	9.6748
13329.1	-4.20595
13350.6	-23.0117
13372.1	-3.7265
13393.7	7.96436
13415.2	5.39334
13436.7	-21.0623
13458.3	-25.6622
13479.8	1.41597
13501.3	8.06809
13522.9	-0.601828
13544.4	-25.1985
13565.9	-11.6634
13587.5	5.58218
13609	7.14864
13630.5	-9.17373
13652.1	-29.2649
13673.6	-2.5244
13695.1	8.96519
13716.7	4.88147
13738.2	-17.9841
13759.7	-18.5577
13781.2	5.73186
13802.8	11.5761
13824.3	1.34675
13845.8	-22.9915
13867.4	-2.96523
13888.9	13.9928
13910.4	14.3213
13932	-2.94935
13953.5	-16.3778
13975	17.7863
13996.6	27.8414
14018.1	22.908
14039.6	-7.5831
14061.2	-11.5394
14082.7	16.8307
14104.2	21.176
14125.8	10.4427
14147.3	-20.3751
14168.8	-4.18689
14190.4	12.6843
14211.9	11.6678
14233.4	-5.69603
14255	-23.0296
14276.5	1.14343
14298	10.6325
14319.6	4.18603
14341.1	-20.8926
14362.6	-17.7309
14384.2	4.85659
14405.7	8.30654
14427.2	-3.84705
14448.8	-28.0136
14470.3	-8.33508
14491.8	7.23357
14513.4	5.03278
14534.9	-12.5604
14556.4	-23.0706
14578	0.0573919
14599.5	8.3185
14621	0.778486
14642.6	-22.8492
14664.1	-17.5084
14685.6	6.27646
14707.2	8.29589
14728.7	-4.0546
14750.2	-22.0108
14771.8	-2.90126
14793.3	10.984
14814.8	7.79204
14836.4	-10.9458
14857.9	-18.9171
14879.4	9.23761
14901	15.6674
14922.5	7.8543
14944	-21.8059
14965.6	5.22057
14987.1	24.8769
15008.6	26.3162
15030.2	11.402
15051.7	-20.1354
15073.2	9.64871
15094.8	21.3662
15116.3	17.586
15137.8	-6.5673
15159.4	-21.4207
15180.9	8.72196
15202.4	13.7774
15224	5.16238
15245.5	-19.1497
15267	-9.12753
15288.6	8.6236
15310.1	9.04463
15331.6	-7.17758
15353.2	-23.6922
15374.7	-1.31604
15396.2	8.44613
15417.8	4.05937
15439.3	-31.3939
15460.8	-23.5863
15482.4	3.1776
15503.9	7.8179
15525.4	-2.68831
15547	-27.181
15568.5	-8.73828
15590	6.54806
15611.6	6.24447
15633.1	-12.7839
15654.6	-33.345
15676.2	-0.0224195
15697.7	9.11162
15719.2	3.38445
15740.8	-26.1844
15762.3	-15.5854
15783.8	7.22696
15805.4	11.0514
15826.9	-1.09298
15848.4	-22.5803
15870	0.364822
15891.5	14.4508
15913	13.1654
15934.6	-8.41177
15956.1	-21.3407
15977.6	18.8187
15999.2	26.8543
16020.7	20.0635
16042.2	-22.2812
16063.8	-4.34453
16085.3	18.7612
16106.8	21.3243
16128.4	8.36417
16149.9	-21.8939
16171.4	0.0637399
16193	13.4536
16214.5	10.9072
16236	-10.557
16257.6	-22.6998
16279.1	3.36698
16300.6	10.7885
16322.2	2.39668
16343.7	-24.5827
16365.2	-12.6649
16386.8	6.03553
16408.3	7.8702
16429.8	-7.04263
16451.4	-28.2251
16472.9	-5.01844
16494.4	7.76406
16516	3.81604
16537.5	-16.1673
16559	-20.7596
16580.6	1.86886
16602.1	8.25517
16623.6	-1.41759
16645.2	-24.8158
16666.7	-12.2358
16688.2	7.22582
16709.8	7.56153
16731.3	-7.08012
16752.8	-22.6522
16774.4	-0.173419
16795.9	11.2672
16817.4	6.25276
16839	-14.7072
16860.5	-17.2935
16882	10.5481
16903.6	15.2527
16925.1	5.31987
16946.6	-20.0451
16968.2	8.23925
16989.7	24.7217
17011.2	24.4518
17032.8	6.58363
17054.3	-22.6754
17075.8	12.7768
17097.4	22.2699
17118.9	16.7185
17140.4	-12.2698
17162	-25.3421
17183.5	10.3644
17205	13.718
17226.6	3.05804
17248.1	-18.9787
17269.6	-5.69583
17291.2	9.58512
17312.7	8.19234
17334.2	-10.5748
17355.8	-26.2875
17377.3	0.771152
17398.8	8.73838
17420.4	2.43174
17441.9	-42.0152
17463.4	-19.1766
17485	4.63536
17506.5	7.36818
17528	-5.06847
17549.6	-27.5654
17571.1	-5.99466
17592.6	7.28399
17614.2	5.1049
17635.7	-16.7996
17657.2	-40.0467
17678.8	2.05108
17700.3	9.06942
17721.8	1.63876
17743.4	-31.3987
17764.9	-11.8741
17786.4	8.42108
17808	10.3295
17829.5	-3.84819
17851	-20.2206
17872.6	3.07675
17894.1	14.723
17915.6	11.7898
17937.2	-16.5524
17958.7	-14.0997
17980.2	19.6618
18001.8	25.8069
18023.3	17.0454
18044.8	-20.6223
18066.4	1.35809
18087.9	20.4858
18109.4	21.3152
18131	5.84791
18152.5	-20.9498
18174	3.348
18195.6	14.0508
18217.1	9.91701
18238.6	-17.3372
18260.2	-18.4419
18281.7	5.26952
18303.2	10.7447
18324.8	0.290037
18346.3	-25.2135
18367.8	-8.69392
18389.4	7.02171
18410.9	7.21239
18432.4	-10.9251
18454	-27.2995
18475.5	-2.25642
18497	8.08385
18518.6	2.36627
18540.1	-20.0277
18561.6	-17.516
18583.2	3.432
18604.7	7.97743
18626.2	-3.97066
18647.8	-27.075
18669.3	-8.06362
18690.8	7.94481
18712.4	6.63152
18733.9	-10.7201
18755.4	-23.2206
18777	2.14926
18798.5	11.3381
18820	4.46916
18841.6	-19.0894
18863.1	-11.5541
18884.6	11.6063
18906.2	14.6607
18927.7	2.30325
18949.2	-19.2585
18970.8	10.6612
18992.3	24.4723
19013.8	22.4846
19035.4	0.997404
19056.9	-25.5387
19078.4	15.5666
19100	23.0222
19121.5	15.6257
19143	-18.3956
19164.6	-12.8925
19186.1	11.7542
19207.6	13.4807
19229.2	0.504321
19250.7	-20.5828
19272.2	-2.63495
19293.8	10.3303
19315.3	7.10096
19336.8	-14.3882
19358.3	-28.1205
19379.9	2.58472
19401.4	8.83838
19422.9	0.473654
19444.5	-32.7614
19466	-14.5125
19487.5	5.8251
19509.1	6.71274
19530.6	-7.75736
19552.1	-27.3086
19573.7	-3.50323
19595.2	7.79972
19616.7	3.71368
19638.3	-20.8659
19659.8	-32.3605
19681.3	3.7696
19702.9	8.83956
19724.4	-0.383053
19745.9	-26.236
19767.5	-8.2641
19789	9.34898
19810.5	9.40322
19832.1	-6.93965
19853.6	-19.5706
19875.1	5.30823
19896.7	14.8154
19918.2	10.1695
19939.7	-32.8004
19961.3	-6.34029
19982.8	20.326
20004.3	24.6695
20025.9	13.7765
20047.4	-19.2278
20068.9	6.08905
20090.5	22.0304
20112	21.1477
20133.5	2.7606
20155.1	-20.2986
20176.6	6.02515
20198.1	14.4772
20219.7	8.67576
20241.2	-24.1007
20262.7	-14.1925
20284.3	6.8914
20305.8	10.4962
20327.3	-2.16862
20348.9	-24.4217
20370.4	-5.45381
20391.9	7.8167
20413.5	6.32181
20435	-15.7905
20456.5	-25.9833
20478.1	0.0739107
20499.6	8.19641
20521.1	0.671016
20542.7	-23.695
20564.2	-14.0559
20585.7	4.75388
20607.3	7.48398
20628.8	-6.94475
20650.3	-29.3751
20671.9	-4.67335
20693.4	8.44727
20714.9	5.49888
20736.5	-15.2856
20758	-21.9064
20779.5	4.10985
20801.1	11.2042
20822.6	2.41498
20844.1	-23.3847
20865.7	-6.54218
20887.2	12.4367
20908.7	13.8865
20930.3	-1.38304
20951.8	-19.0654
20973.3	12.6448
20994.9	24.1135
21016.4	20.3745
21037.9	-5.90569
21059.5	-15.4196
21081	18.0825
21102.5	23.6335
21124.1	14.2805
21145.6	-19.832
21167.1	-6.11881
21188.7	12.9218
21210.2	13.0571
21231.7	-2.62566
21253.3	-23.2912
21274.8	0.0586243
21296.3	10.8685
21317.9	5.74913
21339.4	-18.4376
21360.9	-21.3808
21382.5	4.15429
21404	8.74288
21425.5	-1.8683
21447.1	-30.922
21468.6	-10.4264
21490.1	6.76967
21511.7	5.84421
21533.2	-10.7615
21554.7	-26.2498
21576.3	-1.28213
21597.8	8.10236
21619.3	2.04771
21640.9	-24.0827
21662.4	-22.2813
21683.9	5.18202
21705.5	8.42221
21727	-2.7239
21748.5	-24.4038
21770.1	-5.01376
21791.6	10.035
21813.1	8.26222
21834.7	-10.3806
21856.2	-21.2417
21877.7	7.1537
21899.3	14.7326
21920.8	8.26725
21942.3	-22.4864
21963.9	-1.1363
21985.4	20.8193
22006.9	23.4179
22028.5	10.1655
22050	-19.9156
22071.5	10.1655
22093.1	23.4179
22114.6	20.8193
22136.1	-1.1363
22157.7	-22.4864
22179.2	8.26725
22200.7	14.7326
22222.3	7.1537
22243.8	-21.2417
22265.3	-10.3806
22286.9	8.26222
22308.4	10.035
22329.9	-5.01376
22351.5	-24.4038
22373	-2.7239
22394.5	8.42221
22416.1	5.18202
22437.6	-22.2813
22459.1	-24.0827
22480.7	2.04771
22502.2	8.10236
22523.7	-1.28213
22545.3	-26.2498
22566.8	-10.7615
22588.3	5.84421
22609.9	6.76967
22631.4	-10.4264
22652.9	-30.922
22674.5	-1.8683
22696	8.74288
22717.5	4.15429
22739.1	-21.3808
22760.6	-18.4376
22782.1	5.74913
22803.7	10.8685
22825.2	0.0586243
22846.7	-23.2912
22868.3	-2.62566
22889.8	13.0571
22911.3	12.9218
22932.9	-6.11881
22954.4	-19.832
22975.9	14.2805
22997.5	23.6335
23019	18.0825
23040.5	-15.4196
23062.1	-5.90569
23083.6	20.3745
23105.1	24.1135
23126.7	12.6448
23148.2	-19.0654
23169.7	-1.38304
23191.3	13.8865
23212.8	12.4367
23234.3	-6.54218
23255.9	-23.3847
23277.4	2.41498
23298.9	11.2042
23320.5	4.10985
23342	-21.9064
23363.5	-15.2856
23385.1	5.49888
23406.6	8.44727
23428.1	-4.67335
23449.7	-29.3751
23471.2	-6.94475
23492.7	7.48398
23514.3	4.75388
23535.8	-14.0559
23557.3	-23.695
23578.9	0.671016
23600.4	8.19641
23621.9	0.0739107
23643.5	-25.9833
23665	-15.7905
23686.5	6.32181
23708.1	7.8167
23729.6	-5.45381
23751.1	-24.4217
23772.7	-2.16862
23794.2	10.4962
23815.7	6.8914
23837.3	-14.1925
23858.8	-24.1007
23880.3	8.67576
23901.9	14.4772
23923.4	6.02515
23944.9	-20.2986
23966.5	2.7606
23988	21.1477
24009.5	22.0304
24031.1	6.08905
24052.6	-19.2278
24074.1	13.7765
24095.7	24.6695
24117.2	20.326
24138.7	-6.34029
24160.3	-32.8004
24181.8	10.1695
24203.3	14.8154
24224.9	5.30823
24246.4	-19.5706
24267.9	-6.93965
24289.5	9.40322
24311	9.34898
24332.5	-8.2641
24354.1	-26.236
24375.6	-0.383053
24397.1	8.83956
24418.7	3.7696
24440.2	-32.3605
24461.7	-20.8659
24483.3	3.71368
24504.8	7.79972
24526.3	-3.50323
24547.9	-27.3086
24569.4	-7.75736
24590.9	6.71274
24612.5	5.8251
24634	-14.5125
24655.5	-32.7614
24677.1	0.473654
24698.6	8.83838
24720.1	2.58472
24741.7	-28.1205
24763.2	-14.3882
24784.7	7.10096
24806.2	10.3303
24827.8	-2.63495
24849.3	-20.5828
24870.8	0.504321
24892.4	13.4807
24913.9	11.7542
24935.4	-12.8925
24957	-18.3956
24978.5	15.6257
25000	23.0222
25021.6	15.5666
25043.1	-25.5387
25064.6	0.997404
25086.2	22.4846
25107.7	24.4723
25129.2	10.6612
25150.8	-19.2585
25172.3	2.30325
25193.8	14.6607
25215.4	11.6063
25236.9	-11.5541
25258.4	-19.0894
25280	4.46916
25301.5	11.3381
25323	2.14926
25344.6	-23.2206
25366.1	-10.7201
25387.6	6.63152
25409.2	7.94481
25430.7	-8.06362
25452.2	-27.075
25473.8	-3.97066
25495.3	7.97743
25516.8	3.432
25538.4	-17.516
25559.9	-20.0277
25581.4	2.36627
25603	8.08385
25624.5	-2.25642
25646	-27.2995
25667.6	-10.9251
25689.1	7.21239
25710.6	7.02171
25732.2	-8.69392
25753.7	-25.2135
25775.2	0.290037
25796.8	10.7447
25818.3	5.26952
25839.8	-18.4419
25861.4	-17.3372
25882.9	9.91701
25904.4	14.0508
25926	3.348
25947.5	-20.9498
25969	5.84791
25990.6	21.3152
26012.1	20.4858
26033.6	1.35809
26055.2	-20.6223
26076.7	17.0454
26098.2	25.8069
26119.8	19.6618
26141.3	-14.0997
26162.8	-16.5524
26184.4	11.7898
26205.9	14.723
26227.4	3.07675
26249	-20.2206
26270.5	-3.84819
26292	10.3295
26313.6	8.42108
26335.1	-11.8741
26356.6	-31.3987
26378.2	1.63876
26399.7	9.06942
26421.2	2.05108
26442.8	-40.0467
26464.3	-16.7996
26485.8	5.1049
26507.4	7.28399
26528.9	-5.99466
26550.4	-27.5654
26572	-5.06847
26593.5	7.36818
26615	4.63536
26636.6	-19.1766
26658.1	-42.0152
26679.6	2.43174
26701.2	8.73838
26722.7	0.771152
26744.2	-26.2875
26765.8	-10.5748
26787.3	8.19234
26808.8	9.58512
26830.4	-5.69583
26851.9	-18.9787
26873.4	3.05804
26895	13.718
26916.5	10.3644
26938	-25.3421
26959.6	-12.2698
26981.1	16.7185
27002.6	22.2699
27024.2	12.7768
27045.7	-22.6754
27067.2	6.58363
27088.8	24.4518
27110.3	24.7217
27131.8	8.23925
27153.4	-20.0451
27174.9	5.31987
27196.4	15.2527
27218	10.5481
27239.5	-17.2935
27261	-14.7072
27282.6	6.25276
27304.1	11.2672
27325.6	-0.173419
27347.2	-22.6522
27368.7	-7.08012
27390.2	7.56153
27411.8	7.22582
27433.3	-12.2358
27454.8	-24.8158
27476.4	-1.41759
27497.9	8.25517
27519.4	1.86886
27541	-20.7596
27562.5	-16.1673
27584	3.81604
27605.6	7.76406
27627.1	-5.01844
27648.6	-28.2251
27670.2	-7.04263
27691.7	7.8702
27713.2	6.03553
27734.8	-12.6649
27756.3	-24.5827
27777.8	2.39668
27799.4	10.7885
27820.9	3.36698
27842.4	-22.6998
27864	-10.557
27885.5	10.9072
27907	13.4536
27928.6	0.0637399
27950.1	-21.8939
27971.6	8.36417
27993.2	21.3243
28014.7	18.7612
28036.2	-4.34453
28057.8	-22.2812
28079.3	20.0635
28100.8	26.8543
28122.4	18.8187
28143.9	-21.3407
28165.4	-8.41177
28187	13.1654
28208.5	14.4508
28230	0.364822
28251.6	-22.5803
28273.1	-1.09298
28294.6	11.0514
28316.2	7.22696
28337.7	-15.5854
28359.2	-26.1844
28380.8	3.38445
28402.3	9.11162
28423.8	-0.0224195
28445.4	-33.345
28466.9	-12.7839
28488.4	6.24447
28510	6.54806
28531.5	-8.73828
28553	-27.181
28574.6	-2.68831
28596.1	7.8179
28617.6	3.1776
28639.2	-23.5863
28660.7	-31.3939
28682.2	4.05937
28703.8	8.44613
28725.3	-1.31604
28746.8	-23.6922
28768.4	-7.17758
28789.9	9.04463
28811.4	8.6236
28833	-9.12753
28854.5	-19.1497
28876	5.16238
28897.6	13.7774
28919.1	8.72196
28940.6	-21.4207
28962.2	-6.5673
28983.7	17.586
29005.2	21.3662
29026.8	9.64871
29048.3	-20.1354
29069.8	11.402
29091.4	26.3162
29112.9	24.8769
29134.4	5.22057
29156	-21.8059
29177.5	7.8543
29199	15.6674
29220.6	9.23761
29242.1	-18.9171
29263.6	-10.9458
29285.2	7.79204
29306.7	10.984
29328.2	-2.90126
29349.8	-22.0108
29371.3	-4.0546
29392.8	8.29589
29414.4	6.27646
29435.9	-17.5084
29457.4	-22.8492
29479	0.778486
29500.5	8.3185
29522	0.0573919
29543.6	-23.0706
29565.1	-12.5604
29586.6	5.03278
29608.2	7.23357
29629.7	-8.33508
29651.2	-28.0136
29672.8	-3.84705
29694.3	8.30654
29715.8	4.85659
29737.4	-17.7309
29758.9	-20.8926
29780.4	4.18603
29802	10.6325
29823.5	1.14343
29845	-23.0296
29866.6	-5.69603
29888.1	11.6678
29909.6	12.6843
29931.2	-4.18689
29952.7	-20.3751
29974.2	10.4427
29995.8	21.176
30017.3	16.8307
30038.8	-11.5394
30060.4	-7.5831
30081.9	22.908
30103.4	27.8414
30125	17.7863
30146.5	-16.3778
30168	-2.94935
30189.6	14.3213
30211.1	13.9928
30232.6	-2.96523
30254.2	-22.9915
30275.7	1.34675
30297.2	11.5761
30318.8	5.73186
30340.3	-18.5577
30361.8	-17.9841
30383.3	4.88147
30404.9	8.96519
30426.4	-2.5244
30447.9	-29.2649
30469.5	-9.17373
30491	7.14864
30512.5	5.58218
30534.1	-11.6634
30555.6	-25.1985
30577.1	-0.601828
30598.7	8.06809
30620.2	1.41597
30641.7	-25.6622
30663.3	-21.0623
30684.8	5.39334
30706.3	7.96436
30727.9	-3.7265
30749.4	-23.0117
30770.9	-4.20595
30792.5	9.6748
30814	7.42989
30835.5	-12.8775
30857.1	-22.2544
30878.6	6.89611
30900.1	13.667
30921.7	6.77644
30943.2	-17.7689
30964.7	-2.0721
30986.3	18.2474
31007.8	20.2994
31029.3	6.09193
31050.9	-16.2503
31072.4	15.7445
31093.9	28.124
31115.5	24.9598
31137	1.28656
31158.5	-29.5307
31180.1	10.0132
31201.6	15.9073
31223.1	7.6399
31244.7	-17.4942
31266.2	-7.6412
31287.7	9.1086
31309.3	10.4756
31330.8	-6.0584
31352.3	-22.4373
31373.9	-1.48216
31395.4	8.8401
31416.9	5.07663
31438.5	-24.2084
31460	-20.7935
31481.5	2.66438
31503.1	8.16467
31524.6	-2.00037
31546.1	-24.0594
31567.7	-9.3181
31589.2	6.02822
31610.7	6.48533
31632.3	-12.4181
31653.8	-26.9944
31675.3	-1.1745
31696.9	8.52859
31718.4	3.48445
31739.9	-23.2559
31761.5	-16.375
31783	5.68866
31804.5	10.2781
31826.1	-1.45241
31847.6	-19.5418
31869.1	-1.96357
31890.7	12.214
31912.2	11.7404
31933.7	-10.3613
31955.3	-16.8334
31976.8	12.166
31998.3	20.8698
32019.9	14.6634
32041.4	-20.2973
32062.9	1.36803
32084.5	25.6558
32106	28.8091
32127.5	16.5507
32149.1	-14.7971
32170.6	1.24958
32192.1	15.2745
32213.7	13.3411
32235.2	-7.03177
32256.7	-18.0286
32278.3	3.49586
32299.8	11.9073
32321.3	3.88463
32342.9	-19.3912
32364.4	-12.4795
32385.9	6.14777
32407.5	8.62853
32429	-5.56831
32450.5	-25.072
32472.1	-6.00991
32493.6	7.82857
32515.1	4.37414
32536.7	-14.5649
32558.2	-21.4782
32579.7	1.20657
32601.3	8.12421
32622.8	-0.709633
32644.3	-25.7635
32665.9	-14.716
32687.4	6.45882
32708.9	7.29677
32730.5	-6.54999
32752	-23.7232
32773.5	-1.63165
32795.1	10.0969
32816.6	5.97758
32838.1	-16.87
32859.7	-27.8577
32881.2	8.30907
32902.7	13.3955
32924.3	4.43647
32945.8	-18.138
32967.3	1.52802
32988.9	18.7174
33010.4	19.0549
33031.9	1.97056
33053.5	-14.3016
33075	19.8085
33096.5	29.9352
33118.1	25.0052
33139.6	-4.38624
33161.1	-22.6516
33182.7	11.8629
33204.2	15.9736
33225.7	5.70242
33247.3	-17.6022
33268.8	-4.70198
33290.3	10.2211
33311.9	9.71962
33333.4	-9.57184
33354.9	-25.3157
33376.5	0.727332
33398	9.19911
33419.5	3.59609
33441.1	-30.3791
33462.6	-18.2205
33484.1	4.27566
33505.7	7.78584
33527.2	-4.2782
33548.7	-24.2127
33570.3	-6.44554
33591.8	6.8135
33613.3	5.50717
33634.9	-17.5898
33656.4	-26.6188
33677.9	1.07664
33699.5	8.5398
33721	1.92162
33742.5	-22.7016
33764.1	-12.2816
33785.6	6.93047
33807.1	9.724
33828.7	-4.46828
33850.2	-16.5673
33871.7	1.03126
33893.3	12.5571
33914.8	10.6176
33936.3	-21.498
33957.9	-12.7387
33979.4	13.589
34000.9	20.4035
34022.5	12.2211
34044	-26.7414
34065.5	8.36164
34087.1	28.3977
34108.6	29.8186
34130.1	15.0942
34151.7	-15.6406
34173.2	4.6706
34194.7	16.0364
34216.3	12.4857
34237.8	-11.1686
34259.3	-13.1311
34280.9	5.37858
34302.4	12.0468
34323.9	1.60685
34345.5	-18.1072
34367	-8.29009
34388.5	7.19471
34410.1	8.10009
34431.6	-9.31945
34453.1	-21.4067
34474.7	-3.25136
34496.2	8.29107
34517.7	2.91061
34539.3	-16.9424
34560.8	-17.2479
34582.3	2.74964
34603.9	7.99219
34625.4	-3.31193
34646.9	-25.1549
34668.5	-9.955
34690	7.27163
34711.5	6.45118
34733.1	-9.95541
34754.6	-24.566
34776.1	0.577856
34797.7	10.3238
34819.2	4.22142
34840.7	-20.9274
34862.3	-16.13
34883.8	9.43091
34905.3	12.9757
34926.9	1.51327
34948.4	-22.0047
34969.9	4.47279
34991.5	19.0072
35013	17.6141
35034.5	-2.91763
35056.1	-19.0846
35077.6	23.7681
35099.1	31.8389
35120.7	25.0733
35142.2	-15.402
35163.7	-11.4112
35185.3	13.4467
35206.8	15.8667
35228.3	3.34361
35249.9	-20.0565
35271.4	-2.10632
35292.9	11.148
35314.5	8.67677
35336	-13.0133
35357.5	-34.0479
35379.1	2.62586
35400.6	9.37897
35422.1	1.78652
35443.7	-30.889
35465.2	-15.1937
35486.7	5.64171
35508.3	7.16612
35529.8	-6.6889
35551.3	-23.8823
35572.9	-3.92601
35594.4	7.40033
35615.9	4.27789
35637.5	-23.1887
35659	-28.4001
35680.5	2.97492
35702.1	8.33973
35723.6	0.177612
35745.1	-19.4634
35766.7	-8.73939
35788.2	7.93379
35809.7	8.96387
35831.2	-7.8634
35852.8	-14.7047
35874.3	3.48978
35895.8	12.7049
35917.4	9.31005
35938.9	-16.2858
35960.4	-8.6216
35982	14.7498
36003.5	19.7733
36025	9.45572
36046.6	-20.4953
36068.1	14.5369
36089.6	31.2621
36111.2	30.9727
36132.7	13.3932
36154.2	-18.4406
36175.8	7.54441
36197.3	16.6144
36218.8	11.4147
36240.4	-12.0643
36261.9	-9.15311
36283.4	7.01597
36305	11.9937
36326.5	-1.2285
36348	-16.1317
36369.6	-4.87183
36391.1	8.02792
36412.6	7.38031
36434.2	-13.8495
36455.7	-18.3802
36477.2	-0.846373
36498.8	8.53856
36520.3	1.18294
36541.8	-17.9909
36563.4	-13.218
36584.9	4.03429
36606.4	7.68136
36628	-6.64435
36649.5	-23.1879
36671	-6.10602
36692.6	7.83775
36714.1	5.44778
36735.6	-14.1636
36757.2	-21.3617
36778.7	2.44835
36800.2	10.3702
36821.8	2.0781
36843.3	-21.3155
36864.8	-8.90796
36886.4	10.272
36907.9	12.432
36929.4	-2.47639
36951	-22.3407
36972.5	6.9121
36994	19.127
37015.6	15.9524
37037.1	-8.68965
37058.6	-9.32444
37080.2	27.8312
37101.7	33.9852
37123.2	25.2795
37144.8	-14.0532
37166.3	-4.71993
37187.8	14.793
37209.4	15.5887
37230.9	0.453381
37252.4	-21.3255
37274	0.126915
37295.5	11.9139
37317	7.26829
37338.6	-14.9763
37360.1	-20.7859
37381.6	4.24024
37403.2	9.39102
37424.7	-0.435289
37446.2	-26.3042
37467.8	-12.1364
37489.3	6.79206
37510.8	6.27315
37532.4	-8.98916
37553.9	-22.2969
37575.4	-1.74855
37597	7.80454
37618.5	2.75649
37640	-23.0168
37661.6	-36.8691
37683.1	4.5711
37704.6	7.92228
37726.2	-1.72093
37747.7	-17.3285
37769.2	-5.70171
37790.8	8.72005
37812.3	7.98328
37833.8	-11.1743
37855.4	-13.9516
37876.9	5.5279
37898.4	12.6627
37920	7.80935
37941.5	-11.3103
37963	-4.79249
37984.6	15.6766
38006.1	18.9724
38027.6	6.30627
38049.2	-11.3925
38070.7	20.5046
38092.2	34.4686
38113.8	32.4672
38135.3	11.4159
38156.8	-22.973
38178.4	10.0015
38199.9	17.0118
38221.4	10.1158
38243	-10.0985
38264.5	-5.78062
38286	8.42528
38307.6	11.7449
38329.1	-4.83544
38350.6	-14.2994
38372.2	-1.96569
38393.7	8.64529
38415.2	6.47819
38436.8	-17.5675
38458.3	-15.748
38479.8	1.25503
38501.4	8.56717
38522.9	-0.788883
38544.4	-17.2698
38566	-9.50423
38587.5	5.05447
38609	7.21386
38630.6	-11.4852
38652.1	-19.6615
38673.6	-2.84332
38695.2	8.14653
38716.7	4.34511
38738.2	-17.5372
38759.8	-15.4547
38781.3	3.98919
38802.8	10.2627
38824.4	-0.618326
38845.9	-15.5055
38867.4	-3.74596
38889	10.8102
38910.5	11.8251
38932	-9.32304
38953.6	-12.5723
38975.1	8.94266
38996.6	19.0904
39018.2	14.0365
39039.7	-13.9192
39061.2	4.55468
39082.8	32.3393
39104.3	36.674
39125.8	25.8777
39147.4	-7.26297
39168.9	0.373039
39190.4	15.9193
39212	15.1529
39233.5	-2.81295
39255	-12.8716
39276.6	1.90571
39298.1	12.5681
39319.6	5.29354
39341.2	-13.2686
39362.7	-12.351
39384.2	5.5705
39405.8	9.26719
39427.3	-3.20814
39448.8	-18.925
39470.4	-9.44581
39491.9	7.77165
39513.4	5.02827
39535	-10.5096
39556.5	-18.2583
39578	0.0675256
39599.6	8.05938
39621.1	0.843111
39642.6	-19.387
39664.2	-27.4182
39685.7	5.91169
39707.2	7.26874
39728.8	-3.69337
39750.3	-15.9427
39771.8	-3.14821
39793.4	9.31803
39814.9	6.74467
39836.4	-13.0987
39858	-14.5202
39879.5	7.21837
39901	12.4336
39922.6	6.10278
39944.1	-9.22016
39965.6	-1.41287
39987.2	16.3921
40008.7	17.9901
40030.2	2.69936
40051.8	-5.13455
40073.3	26.9315
40094.8	38.4895
40116.4	34.7501
40137.9	9.11685
40159.4	-20.3922
40181	12.1257
40202.5	17.2277
40224	8.58382
40245.6	-8.28614
40267.1	-2.8078
40288.6	9.62
40310.2	11.2957
40331.7	-9.48154
40353.2	-12.7811
40374.8	0.599357
40396.3	9.02458
40417.8	5.43942
40439.4	-16.3405
40460.9	-13.1933
40482.4	3.11497
40504	8.35741
40525.5	-2.83375
40547	-14.844
40568.6	-5.95489
40590.1	5.76032
40611.6	6.66579
40633.2	-22.5851
40654.7	-14.9328
40676.2	0.113037
40697.8	8.1351
40719.3	3.35321
40740.8	-13.2489
40762.4	-9.4859
40783.9	5.16194
40805.4	10.083
40827	-4.06929
40848.5	-8.91832
40870	0.712244
40891.6	10.9104
40913.1	11.3602
40934.6	-11.87
40956.2	-4.78937
40977.7	10.6411
40999.2	18.9371
41020.8	11.8431
41042.3	-18.077
41063.8	15.5849
41085.4	38.0967
41106.9	40.6778
41128.4	27.574
41150	-4.24937
41171.5	4.81689
41193	16.8319
41214.6	14.6413
41236.1	-2.97562
41257.6	-4.5437
41279.2	2.79053
41300.7	13.2791
41322.2	1.9271
41343.8	-7.6385
41365.3	-5.54327
41386.8	6.54858
41408.3	9.14552
41429.9	-6.22688
41451.4	-11.0955
41472.9	-7.61064
41494.5	8.71816
41516	3.13952
41537.5	-9.37714
41559.1	-11.8421
41580.6	1.36299
41602.1	8.29082
41623.7	-1.83694
41645.2	-14.5398
41666.7	-17.7086
41688.3	7.08139
41709.8	6.30765
41731.3	-5.35294
41752.9	-14.1415
41774.4	-1.23016
41795.9	9.81091
41817.5	5.09407
41839	-12.8603
41860.5	-16.9507
41882.1	8.61018
41903.6	12.0205
41925.1	4.16416
41946.7	-8.59195
41968.2	1.4172
41989.7	16.9244
42011.3	16.8007
42032.8	-1.41153
42054.3	-0.407626
42075.9	35.4123
42097.4	44.807
42118.9	39.2776
42140.5	6.42045
42162	-12.9768
42183.5	13.9874
42205.1	17.2452
42226.6	6.88141
42248.1	-6.81369
42269.7	-0.0918543
42291.2	10.6102
42312.7	10.6436
42334.3	-12.9237
42355.8	-10.8615
42377.3	3.11828
42398.9	9.01698
42420.4	4.56659
42441.9	-11.5548
42463.5	-9.80107
42485	4.94315
42506.5	7.8022
42528.1	-3.6091
42549.6	-9.16179
42571.1	-1.70694
42592.7	5.77878
42614.2	6.52557
42635.7	-10.6003
42657.3	-7.04017
42678.8	3.61909
42700.3	7.35025
42721.9	3.76633
42743.4	-3.95839
42764.9	-1.63372
42786.5	5.68518
42808	10.4305
42829.5	-2.32116
42851.1	0.319544
42872.6	6.45449
42894.1	9.32827
42915.7	12.3747
42937.2	3.25233
42958.7	5.29936
42980.3	12.474
43001.8	19.0543
43023.3	10.2949
43044.9	-4.98523
43066.4	30.0659
43087.9	48.7119
43109.5	49.5874
43131	33.8234
43152.5	-2.19462
43174.1	11.3081
43195.6	17.733
43217.1	15.3614
43238.7	7.90739
43260.2	7.52556
43281.7	-2.1171
43303.3	15.6355
43324.8	-2.40085
43346.3	4.71257
43367.9	5.35602
43389.4	7.05784
43410.9	10.8503
43432.5	2.26575
43454	2.62114
43475.5	-1.53998
43497.1	11.3306
43518.6	-1.05709
43540.1	1.85343
43561.7	1.78546
43583.2	0.336828
43604.7	10.4126
43626.3	-2.42988
43647.8	0.379708
43669.3	-1.00624
43690.9	9.50491
43712.4	4.49261
43733.9	1.14394
43755.5	-0.198187
43777	-5.91735
43798.5	11.9893
43820.1	-2.47522
43841.6	-0.426408
43863.1	-0.981721
43884.7	10.1001
43906.2	11.7064
43927.7	3.39993
43949.3	-1.75231
43970.8	-3.46225
43992.3	18.2439
44013.9	13.9469
44035.4	2.38289
44056.9	-1.86165
44078.5	-10.1174

