0	0.539398
21.5332	0.543509
43.0664	0.555856
64.5996	0.576468
86.1328	0.605402
107.666	0.642728
129.199	0.688553
150.732	0.742993
172.266	0.806198
193.799	0.878339
215.332	0.95962
236.865	1.05027
258.398	1.15055
279.932	1.26077
301.465	1.38125
322.998	1.51238
344.531	1.65457
366.064	1.80831
387.598	1.97412
409.131	2.1526
430.664	2.34442
452.197	2.55033
473.73	2.77116
495.264	3.00786
516.797	3.2615
538.33	3.53329
559.863	3.8246
581.396	4.13696
602.93	4.47217
624.463	4.83225
645.996	5.2195
667.529	5.63661
689.062	6.08662
710.596	6.57302
732.129	7.09978
753.662	7.67129
775.195	8.2922
796.729	8.96689
818.262	9.69801
839.795	10.4826
861.328	11.3013
882.861	12.0835
904.395	12.57
925.928	11.4698
947.461	3.25564
968.994	37.7747
990.527	53.505
1012.06	52.6394
1033.59	33.9434
1055.13	-4.14205
1076.66	10.6676
1098.19	11.4918
1119.73	10.8682
1141.26	9.95829
1162.79	9.00738
1184.33	8.08497
1205.86	7.21116
1227.39	6.38972
1248.93	5.61871
1270.46	4.89429
1291.99	4.21219
1313.53	3.56832
1335.06	2.95892
1356.59	2.38067
1378.12	1.8306
1399.66	1.30614
1421.19	0.805015
1442.72	0.325219
1464.26	-0.135006
1485.79	-0.577217
1507.32	-1.0028
1528.86	-1.41297
1550.39	-1.80885
1571.92	-2.1914
1593.46	-2.56152
1614.99	-2.92002
1636.52	-3.2676
1658.06	-3.60493
1679.59	-3.9326
1701.12	-4.25117
1722.66	-4.56113
1744.19	-4.86294
1765.72	-5.15702
1787.26	-5.44376
1808.79	-5.72353
1830.32	-5.99664
1851.86	-6.26342
1873.39	-6.52415
1894.92	-6.7791
1916.46	-7.0285
1937.99	-7.27261
1959.52	-7.51163
1981.05	-7.74577
2002.59	-7.97522
2024.12	-8.20016
2045.65	-8.42076
2067.19	-8.63718
2088.72	-8.84957
2110.25	-9.05807
2131.79	-9.26282
2153.32	-9.46394
2174.85	-9.66156
2196.39	-9.85579
2217.92	-10.0467
2239.45	-10.2345
2260.99	-10.4192
2282.52	-10.6009
2304.05	-10.7797
2325.59	-10.9557
2347.12	-11.1289
2368.65	-11.2995
2390.19	-11.4676
2411.72	-11.6331
2433.25	-11.7962
2454.79	-11.9569
2476.32	-12.1153
2497.85	-12.2714
2519.38	-12.4254
2540.92	-12.5772
2562.45	-12.7269
2583.98	-12.8746
2605.52	-13.0203
2627.05	-13.1641
2648.58	-13.306
2670.12	-13.446
2691.65	-13.5842
2713.18	-13.7207
2734.72	-13.8554
2756.25	-13.9885
2777.78	-14.1199
2799.32	-14.2497
2820.85	-14.3779
2842.38	-14.5046
2863.92	-14.6298
2885.45	-14.7535
2906.98	-14.8757
2928.52	-14.9965
2950.05	-15.116
2971.58	-15.234
2993.12	-15.3508
3014.65	-15.4662
3036.18	-15.5803
3057.71	-15.6932
3079.25	-15.8048
3100.78	-15.9153
3122.31	-16.0245
3143.85	-16.1326
3165.38	-16.2395
3186.91	-16.3453
3208.45	-16.45
3229.98	-16.5536
3251.51	-16.6561
3273.05	-16.7576
3294.58	-16.8581
3316.11	-16.9575
3337.65	-17.056
3359.18	-17.1535
3380.71	-17.25
3402.25	-17.3455
3423.78	-17.4402
3445.31	-17.5339
3466.85	-17.6267
3488.38	-17.7187
3509.91	-17.8097
3531.45	-17.9
3552.98	-17.9894
3574.51	-18.0779
3596.04	-18.1656
3617.58	-18.2526
3639.11	-18.3387
3660.64	-18.4241
3682.18	-18.5086
3703.71	-18.5925
3725.24	-18.6756
3746.78	-18.7579
3768.31	-18.8396
3789.84	-18.9205
3811.38	-19.0007
3832.91	-19.0802
3854.44	-19.1591
3875.98	-19.2373
3897.51	-19.3148
3919.04	-19.3917
3940.58	-19.4679
3962.11	-19.5435
3983.64	-19.6184
4005.18	-19.6928
4026.71	-19.7665
4048.24	-19.8397
4069.78	-19.9122
4091.31	-19.9842
4112.84	-20.0556
4134.38	-20.1264
4155.91	-20.1967
4177.44	-20.2664
4198.97	-20.3355
4220.51	-20.4042
4242.04	-20.4723
4263.57	-20.5398
4285.11	-20.6069
4306.64	-20.6734
4328.17	-20.7395
4349.71	-20.805
4371.24	-20.87
4392.77	-20.9346
4414.31	-20.9987
4435.84	-21.0623
4457.37	-21.1254
4478.91	-21.1881
4500.44	-21.2503
4521.97	-21.3121
4543.51	-21.3734
4565.04	-21.4343
4586.57	-21.4948
4608.11	-21.5548
4629.64	-21.6144
4651.17	-21.6736
4672.71	-21.7323
4694.24	-21.7907
4715.77	-21.8486
4737.3	-21.9062
4758.84	-21.9633
4780.37	-22.0201
4801.9	-22.0765
4823.44	-22.1325
4844.97	-22.1881
4866.5	-22.2433
4888.04	-22.2982
4909.57	-22.3527
4931.1	-22.4069
4952.64	-22.4606
4974.17	-22.5141
4995.7	-22.5672
5017.24	-22.6199
5038.77	-22.6723
5060.3	-22.7244
5081.84	-22.7761
5103.37	-22.8275
5124.9	-22.8786
5146.44	-22.9293
5167.97	-22.9797
5189.5	-23.0299
5211.04	-23.0796
5232.57	-23.1291
5254.1	-23.1783
5275.63	-23.2272
5297.17	-23.2757
5318.7	-23.324
5340.23	-23.372
5361.77	-23.4197
5383.3	-23.4671
5404.83	-23.5142
5426.37	-23.561
5447.9	-23.6076
5469.43	-23.6539
5490.97	-23.6999
5512.5	-23.7456
5534.03	-23.791
5555.57	-23.8362
5577.1	-23.8812
5598.63	-23.9258
5620.17	-23.9702
5641.7	-24.0144
5663.23	-24.0583
5684.77	-24.1019
5706.3	-24.1453
5727.83	-24.1885
5749.37	-24.2314
5770.9	-24.274
5792.43	-24.3165
5813.96	-24.3586
5835.5	-24.4006
5857.03	-24.4423
5878.56	-24.4838
5900.1	-24.525
5921.63	-24.566
5943.16	-24.6068
5964.7	-24.6474
5986.23	-24.6878
6007.76	-24.7279
6029.3	-24.7679
6050.83	-24.8076
6072.36	-24.8471
6093.9	-24.8863
6115.43	-24.9254
6136.96	-24.9643
6158.5	-25.0029
6180.03	-25.0414
6201.56	-25.0797
6223.1	-25.1177
6244.63	-25.1556
6266.16	-25.1932
6287.7	-25.2307
6309.23	-25.268
6330.76	-25.3051
6352.29	-25.3419
6373.83	-25.3786
6395.36	-25.4152
6416.89	-25.4515
6438.43	-25.4876
6459.96	-25.5236
6481.49	-25.5594
6503.03	-25.595
6524.56	-25.6304
6546.09	-25.6657
6567.63	-25.7007
6589.16	-25.7356
6610.69	-25.7704
6632.23	-25.8049
6653.76	-25.8393
6675.29	-25.8735
6696.83	-25.9076
6718.36	-25.9414
6739.89	-25.9752
6761.43	-26.0087
6782.96	-26.0421
6804.49	-26.0754
6826.03	-26.1084
6847.56	-26.1414
6869.09	-26.1741
6890.62	-26.2067
6912.16	-26.2392
6933.69	-26.2715
6955.22	-26.3036
6976.76	-26.3356
6998.29	-26.3675
7019.82	-26.3992
7041.36	-26.4307
7062.89	-26.4622
7084.42	-26.4934
7105.96	-26.5245
7127.49	-26.5555
7149.02	-26.5863
7170.56	-26.617
7192.09	-26.6476
7213.62	-26.678
7235.16	-26.7083
7256.69	-26.7384
7278.22	-26.7684
7299.76	-26.7983
7321.29	-26.828
7342.82	-26.8576
7364.36	-26.8871
7385.89	-26.9164
7407.42	-26.9456
7428.96	-26.9747
7450.49	-27.0036
7472.02	-27.0325
7493.55	-27.0611
7515.09	-27.0897
7536.62	-27.1182
7558.15	-27.1465
7579.69	-27.1747
7601.22	-27.2028
7622.75	-27.2307
7644.29	-27.2585
7665.82	-27.2863
7687.35	-27.3139
7708.89	-27.3413
7730.42	-27.3687
7751.95	-27.3959
7773.49	-27.423
7795.02	-27.4501
7816.55	-27.4769
7838.09	-27.5037
7859.62	-27.5304
7881.15	-27.557
7902.69	-27.5834
7924.22	-27.6097
7945.75	-27.636
7967.29	-27.6621
7988.82	-27.6881
8010.35	-27.714
8031.88	-27.7398
8053.42	-27.7655
8074.95	-27.791
8096.48	-27.8165
8118.02	-27.8419
8139.55	-27.8671
8161.08	-27.8923
8182.62	-27.9174
8204.15	-27.9423
8225.68	-27.9672
8247.22	-27.9919
8268.75	-28.0166
8290.28	-28.0411
8311.82	-28.0656
8333.35	-28.09
8354.88	-28.1142
8376.42	-28.1384
8397.95	-28.1625
8419.48	-28.1864
8441.02	-28.2103
8462.55	-28.2341
8484.08	-28.2578
8505.62	-28.2814
8527.15	-28.3049
8548.68	-28.3283
8570.21	-28.3516
8591.75	-28.3748
8613.28	-28.398
8634.81	-28.421
8656.35	-28.4439
8677.88	-28.4668
8699.41	-28.4896
8720.95	-28.5123
8742.48	-28.5349
8764.01	-28.5574
8785.55	-28.5798
8807.08	-28.6021
8828.61	-28.6244
8850.15	-28.6466
8871.68	-28.6686
8893.21	-28.6907
8914.75	-28.7125
8936.28	-28.7344
8957.81	-28.7561
8979.35	-28.7778
9000.88	-28.7994
9022.41	-28.8209
9043.95	-28.8423
9065.48	-28.8636
9087.01	-28.8849
9108.54	-28.9061
9130.08	-28.9271
9151.61	-28.9482
9173.14	-28.9691
9194.68	-28.99
9216.21	-29.0107
9237.74	-29.0315
9259.28	-29.0521
9280.81	-29.0726
9302.34	-29.0931
9323.88	-29.1135
9345.41	-29.1338
9366.94	-29.1541
9388.48	-29.1743
9410.01	-29.1943
9431.54	-29.2144
9453.08	-29.2343
9474.61	-29.2542
9496.14	-29.2741
9517.68	-29.2937
9539.21	-29.3134
9560.74	-29.333
9582.28	-29.3525
9603.81	-29.3719
9625.34	-29.3913
9646.88	-29.4106
9668.41	-29.4299
9689.94	-29.449
9711.47	-29.4681
9733.01	-29.4871
9754.54	-29.5061
9776.07	-29.525
9797.61	-29.5438
9819.14	-29.5626
9840.67	-29.5813
9862.21	-29.5999
9883.74	-29.6184
9905.27	-29.6369
9926.81	-29.6553
9948.34	-29.6737
9969.87	-29.692
9991.41	-29.7102
10012.9	-29.7284
10034.5	-29.7464
10056	-29.7645
10077.5	-29.7824
10099.1	-29.8004
10120.6	-29.8182
10142.1	-29.836
10163.7	-29.8537
10185.2	-29.8713
10206.7	-29.8889
10228.3	-29.9064
10249.8	-29.9239
10271.3	-29.9413
10292.9	-29.9587
10314.4	-29.9759
10335.9	-29.9931
10357.5	-30.0103
10379	-30.0274
10400.5	-30.0444
10422.1	-30.0614
10443.6	-30.0783
10465.1	-30.0952
10486.7	-30.112
10508.2	-30.1288
10529.7	-30.1454
10551.3	-30.1621
10572.8	-30.1786
10594.3	-30.1951
10615.9	-30.2116
10637.4	-30.228
10658.9	-30.2443
10680.5	-30.2606
10702	-30.2769
10723.5	-30.293
10745.1	-30.3091
10766.6	-30.3252
10788.1	-30.3412
10809.7	-30.3572
10831.2	-30.373
10852.7	-30.3889
10874.3	-30.4047
10895.8	-30.4204
10917.3	-30.4361
10938.9	-30.4517
10960.4	-30.4673
10981.9	-30.4828
11003.5	-30.4983
11025	-30.5137
11046.5	-30.529
11068.1	-30.5443
11089.6	-30.5596
11111.1	-30.5748
11132.7	-30.5899
11154.2	-30.605
11175.7	-30.6201
11197.3	-30.6351
11218.8	-30.65
11240.3	-30.6649
11261.9	-30.6798
11283.4	-30.6945
11304.9	-30.7093
11326.5	-30.724
11348	-30.7386
11369.5	-30.7532
11391.1	-30.7678
11412.6	-30.7822
11434.1	-30.7967
11455.7	-30.8111
11477.2	-30.8254
11498.7	-30.8397
11520.3	-30.854
11541.8	-30.8682
11563.3	-30.8823
11584.9	-30.8964
11606.4	-30.9105
11627.9	-30.9245
11649.5	-30.9384
11671	-30.9523
11692.5	-30.9661
11714.1	-30.9801
11735.6	-30.9938
11757.1	-31.0075
11778.7	-31.0212
11800.2	-31.0348
11821.7	-31.0484
11843.3	-31.062
11864.8	-31.0754
11886.3	-31.0889
11907.9	-31.1023
11929.4	-31.1156
11950.9	-31.129
11972.5	-31.1422
11994	-31.1554
12015.5	-31.1686
12037.1	-31.1818
12058.6	-31.1949
12080.1	-31.2079
12101.7	-31.2209
12123.2	-31.2339
12144.7	-31.2468
12166.3	-31.2596
12187.8	-31.2725
12209.3	-31.2852
12230.9	-31.298
12252.4	-31.3107
12273.9	-31.3233
12295.5	-31.3359
12317	-31.3485
12338.5	-31.361
12360.1	-31.3735
12381.6	-31.3859
12403.1	-31.3983
12424.7	-31.4107
12446.2	-31.423
12467.7	-31.4353
12489.3	-31.4475
12510.8	-31.4597
12532.3	-31.4719
12553.9	-31.484
12575.4	-31.496
12596.9	-31.508
12618.5	-31.52
12640	-31.532
12661.5	-31.5439
12683.1	-31.5558
12704.6	-31.5676
12726.1	-31.5793
12747.7	-31.5911
12769.2	-31.6028
12790.7	-31.6145
12812.3	-31.6261
12833.8	-31.6377
12855.3	-31.6492
12876.9	-31.6607
12898.4	-31.6721
12919.9	-31.6836
12941.5	-31.695
12963	-31.7063
12984.5	-31.7176
13006.1	-31.7289
13027.6	-31.7401
13049.1	-31.7513
13070.7	-31.7625
13092.2	-31.7735
13113.7	-31.7847
13135.3	-31.7957
13156.8	-31.8067
13178.3	-31.8177
13199.9	-31.8286
13221.4	-31.8395
13242.9	-31.8504
13264.5	-31.8612
13286	-31.8719
13307.5	-31.8827
13329.1	-31.8934
13350.6	-31.9041
13372.1	-31.9147
13393.7	-31.9253
13415.2	-31.9358
13436.7	-31.9464
13458.3	-31.9568
13479.8	-31.9673
13501.3	-31.9777
13522.9	-31.9881
13544.4	-31.9984
13565.9	-32.0087
13587.5	-32.019
13609	-32.0292
13630.5	-32.0394
13652.1	-32.0496
13673.6	-32.0597
13695.1	-32.0698
13716.7	-32.0799
13738.2	-32.0899
13759.7	-32.0998
13781.2	-32.1098
13802.8	-32.1197
13824.3	-32.1296
13845.8	-32.1394
13867.4	-32.1492
13888.9	-32.1591
13910.4	-32.1687
13932	-32.1785
13953.5	-32.1881
13975	-32.1978
13996.6	-32.2074
14018.1	-32.2169
14039.6	-32.2265
14061.2	-32.236
14082.7	-32.2455
14104.2	-32.2549
14125.8	-32.2643
14147.3	-32.2737
14168.8	-32.283
14190.4	-32.2922
14211.9	-32.3016
14233.4	-32.3108
14255	-32.32
14276.5	-32.3291
14298	-32.3383
14319.6	-32.3474
14341.1	-32.3565
14362.6	-32.3655
14384.2	-32.3745
14405.7	-32.3834
14427.2	-32.3924
14448.8	-32.4013
14470.3	-32.4102
14491.8	-32.419
14513.4	-32.4278
14534.9	-32.4366
14556.4	-32.4454
14578	-32.4541
14599.5	-32.4628
14621	-32.4714
14642.6	-32.48
14664.1	-32.4886
14685.6	-32.4972
14707.2	-32.5057
14728.7	-32.5142
14750.2	-32.5226
14771.8	-32.5311
14793.3	-32.5395
14814.8	-32.5478
14836.4	-32.5562
14857.9	-32.5645
14879.4	-32.5727
14901	-32.581
14922.5	-32.5892
14944	-32.5974
14965.6	-32.6055
14987.1	-32.6136
15008.6	-32.6218
15030.2	-32.6298
15051.7	-32.6378
15073.2	-32.6458
15094.8	-32.6538
15116.3	-32.6617
15137.8	-32.6696
15159.4	-32.6775
15180.9	-32.6853
15202.4	-32.6932
15224	-32.7009
15245.5	-32.7087
15267	-32.7164
15288.6	-32.7241
15310.1	-32.7318
15331.6	-32.7394
15353.2	-32.747
15374.7	-32.7546
15396.2	-32.7622
15417.8	-32.7697
15439.3	-32.7772
15460.8	-32.7846
15482.4	-32.7921
15503.9	-32.7994
15525.4	-32.8068
15547	-32.8142
15568.5	-32.8215
15590	-32.8288
15611.6	-32.8359
15633.1	-32.8433
15654.6	-32.8504
15676.2	-32.8576
15697.7	-32.8647
15719.2	-32.8719
15740.8	-32.8789
15762.3	-32.886
15783.8	-32.893
15805.4	-32.9001
15826.9	-32.907
15848.4	-32.9139
15870	-32.9208
15891.5	-32.9278
15913	-32.9345
15934.6	-32.9414
15956.1	-32.9482
15977.6	-32.955
15999.2	-32.9617
16020.7	-32.9684
16042.2	-32.9751
16063.8	-32.9818
16085.3	-32.9884
16106.8	-32.995
16128.4	-33.0016
16149.9	-33.0081
16171.4	-33.0146
16193	-33.0212
16214.5	-33.0276
16236	-33.0341
16257.6	-33.0405
16279.1	-33.0469
16300.6	-33.0532
16322.2	-33.0595
16343.7	-33.0658
16365.2	-33.0721
16386.8	-33.0783
16408.3	-33.0846
16429.8	-33.0908
16451.4	-33.0969
16472.9	-33.1031
16494.4	-33.1092
16516	-33.1153
16537.5	-33.1213
16559	-33.1274
16580.6	-33.1334
16602.1	-33.1393
16623.6	-33.1453
16645.2	-33.1512
16666.7	-33.1571
16688.2	-33.163
16709.8	-33.1688
16731.3	-33.1746
16752.8	-33.1804
16774.4	-33.1862
16795.9	-33.1919
16817.4	-33.1977
16839	-33.2033
16860.5	-33.209
16882	-33.2146
16903.6	-33.2202
16925.1	-33.2258
16946.6	-33.2314
16968.2	-33.2369
16989.7	-33.2425
17011.2	-33.2478
17032.8	-33.2533
17054.3	-33.2587
17075.8	-33.2641
17097.4	-33.2695
17118.9	-33.2748
17140.4	-33.2802
17162	-33.2855
17183.5	-33.2908
17205	-33.296
17226.6	-33.3012
17248.1	-33.3064
17269.6	-33.3116
17291.2	-33.3167
17312.7	-33.3218
17334.2	-33.3269
17355.8	-33.332
17377.3	-33.337
17398.8	-33.3421
17420.4	-33.347
17441.9	-33.352
17463.4	-33.3569
17485	-33.3618
17506.5	-33.3667
17528	-33.3716
17549.6	-33.3764
17571.1	-33.3812
17592.6	-33.3861
17614.2	-33.3907
17635.7	-33.3955
17657.2	-33.4002
17678.8	-33.4049
17700.3	-33.4096
17721.8	-33.4142
17743.4	-33.4188
17764.9	-33.4234
17786.4	-33.428
17808	-33.4325
17829.5	-33.437
17851	-33.4415
17872.6	-33.446
17894.1	-33.4505
17915.6	-33.4548
17937.2	-33.4592
17958.7	-33.4636
17980.2	-33.4679
18001.8	-33.4723
18023.3	-33.4765
18044.8	-33.4808
18066.4	-33.4851
18087.9	-33.4893
18109.4	-33.4935
18131	-33.4976
18152.5	-33.5018
18174	-33.5059
18195.6	-33.51
18217.1	-33.514
18238.6	-33.5181
18260.2	-33.5221
18281.7	-33.5261
18303.2	-33.5301
18324.8	-33.5341
18346.3	-33.538
18367.8	-33.5419
18389.4	-33.5458
18410.9	-33.5496
18432.4	-33.5535
18454	-33.5573
18475.5	-33.5611
18497	-33.5648
18518.6	-33.5685
18540.1	-33.5723
18561.6	-33.5759
18583.2	-33.5796
18604.7	-33.5833
18626.2	-33.5869
18647.8	-33.5905
18669.3	-33.594
18690.8	-33.5975
18712.4	-33.6011
18733.9	-33.6046
18755.4	-33.6081
18777	-33.6115
18798.5	-33.615
18820	-33.6183
18841.6	-33.6217
18863.1	-33.6251
18884.6	-33.6284
18906.2	-33.6317
18927.7	-33.635
18949.2	-33.6383
18970.8	-33.6415
18992.3	-33.6447
19013.8	-33.6479
19035.4	-33.6511
19056.9	-33.6542
19078.4	-33.6573
19100	-33.6604
19121.5	-33.6635
19143	-33.6666
19164.6	-33.6696
19186.1	-33.6726
19207.6	-33.6755
19229.2	-33.6785
19250.7	-33.6815
19272.2	-33.6843
19293.8	-33.6873
19315.3	-33.6901
19336.8	-33.693
19358.3	-33.6958
19379.9	-33.6986
19401.4	-33.7013
19422.9	-33.7041
19444.5	-33.7068
19466	-33.7095
19487.5	-33.7122
19509.1	-33.7148
19530.6	-33.7175
19552.1	-33.7201
19573.7	-33.7227
19595.2	-33.7252
19616.7	-33.7278
19638.3	-33.7303
19659.8	-33.7328
19681.3	-33.7353
19702.9	-33.7377
19724.4	-33.7402
19745.9	-33.7426
19767.5	-33.7449
19789	-33.7472
19810.5	-33.7497
19832.1	-33.7519
19853.6	-33.7542
19875.1	-33.7565
19896.7	-33.7587
19918.2	-33.761
19939.7	-33.7632
19961.3	-33.7653
19982.8	-33.7675
20004.3	-33.7696
20025.9	-33.7717
20047.4	-33.7738
20068.9	-33.7759
20090.5	-33.7779
20112	-33.7799
20133.5	-33.7819
20155.1	-33.7839
20176.6	-33.7859
20198.1	-33.7878
20219.7	-33.7897
20241.2	-33.7916
20262.7	-33.7934
20284.3	-33.7953
20305.8	-33.7971
20327.3	-33.7989
20348.9	-33.8006
20370.4	-33.8024
20391.9	-33.8041
20413.5	-33.8058
20435	-33.8075
20456.5	-33.8091
20478.1	-33.8108
20499.6	-33.8124
20521.1	-33.814
20542.7	-33.8155
20564.2	-33.8171
20585.7	-33.8185
20607.3	-33.8202
20628.8	-33.8216
20650.3	-33.823
20671.9	-33.8245
20693.4	-33.8259
20714.9	-33.8273
20736.5	-33.8286
20758	-33.83
20779.5	-33.8313
20801.1	-33.8326
20822.6	-33.8339
20844.1	-33.8351
20865.7	-33.8364
20887.2	-33.8376
20908.7	-33.8387
20930.3	-33.8399
20951.8	-33.8411
20973.3	-33.8422
20994.9	-33.8433
21016.4	-33.8443
21037.9	-33.8454
21059.5	-33.8464
21081	-33.8474
21102.5	-33.8484
21124.1	-33.8494
21145.6	-33.8503
21167.1	-33.8512
21188.7	-33.8522
21210.2	-33.853
21231.7	-33.8539
21253.3	-33.8547
21274.8	-33.8555
21296.3	-33.8563
21317.9	-33.8571
21339.4	-33.8578
21360.9	-33.8585
21382.5	-33.8592
21404	-33.8599
21425.5	-33.8606
21447.1	-33.8612
21468.6	-33.8618
21490.1	-33.8624
21511.7	-33.8629
21533.2	-33.8635
21554.7	-33.864
21576.3	-33.8645
21597.8	-33.865
21619.3	-33.8654
21640.9	-33.8659
21662.4	-33.8663
21683.9	-33.8666
21705.5	-33.8671
21727	-33.8673
21748.5	-33.8677
21770.1	-33.868
21791.6	-33.8683
21813.1	-33.8685
21834.7	-33.8688
21856.2	-33.869
21877.7	-33.8691
21899.3	-33.8693
21920.8	-33.8695
21942.3	-33.8696
21963.9	-33.8697
21985.4	-33.8698
22006.9	-33.8698
22028.5	-33.8699
22050	-33.8699
22071.5	-33.8699
22093.1	-33.8698
22114.6	-33.8698
22136.1	-33.8697
22157.7	-33.8696
22179.2	-33.8695
22200.7	-33.8693
22222.3	-33.8691
22243.8	-33.869
22265.3	-33.8688
22286.9	-33.8685
22308.4	-33.8683
22329.9	-33.868
22351.5	-33.8677
22373	-33.8673
22394.5	-33.8671
22416.1	-33.8666
22437.6	-33.8663
22459.1	-33.8659
22480.7	-33.8654
22502.2	-33.865
22523.7	-33.8645
22545.3	-33.864
22566.8	-33.8635
22588.3	-33.8629
22609.9	-33.8624
22631.4	-33.8618
22652.9	-33.8612
22674.5	-33.8606
22696	-33.8599
22717.5	-33.8592
22739.1	-33.8585
22760.6	-33.8578
22782.1	-33.8571
22803.7	-33.8563
22825.2	-33.8555
22846.7	-33.8547
22868.3	-33.8539
22889.8	-33.853
22911.3	-33.8522
22932.9	-33.8512
22954.4	-33.8503
22975.9	-33.8494
22997.5	-33.8484
23019	-33.8474
23040.5	-33.8464
23062.1	-33.8454
23083.6	-33.8443
23105.1	-33.8433
23126.7	-33.8422
23148.2	-33.8411
23169.7	-33.8399
23191.3	-33.8387
23212.8	-33.8376
23234.3	-33.8364
23255.9	-33.8351
23277.4	-33.8339
23298.9	-33.8326
23320.5	-33.8313
23342	-33.83
23363.5	-33.8286
23385.1	-33.8273
23406.6	-33.8259
23428.1	-33.8245
23449.7	-33.823
23471.2	-33.8216
23492.7	-33.8202
23514.3	-33.8185
23535.8	-33.8171
23557.3	-33.8155
23578.9	-33.814
23600.4	-33.8124
23621.9	-33.8108
23643.5	-33.8091
23665	-33.8075
23686.5	-33.8058
23708.1	-33.8041
23729.6	-33.8024
23751.1	-33.8006
23772.7	-33.7989
23794.2	-33.7971
23815.7	-33.7953
23837.3	-33.7934
23858.8	-33.7916
23880.3	-33.7897
23901.9	-33.7878
23923.4	-33.7859
23944.9	-33.7839
23966.5	-33.7819
23988	-33.7799
24009.5	-33.7779
24031.1	-33.7759
24052.6	-33.7738
24074.1	-33.7717
24095.7	-33.7696
24117.2	-33.7675
24138.7	-33.7653
24160.3	-33.7632
24181.8	-33.761
24203.3	-33.7587
24224.9	-33.7565
24246.4	-33.7542
24267.9	-33.7519
24289.5	-33.7497
24311	-33.7472
24332.5	-33.7449
24354.1	-33.7426
24375.6	-33.7402
24397.1	-33.7377
24418.7	-33.7353
24440.2	-33.7328
24461.7	-33.7303
24483.3	-33.7278
24504.8	-33.7252
24526.3	-33.7227
24547.9	-33.7201
24569.4	-33.7175
24590.9	-33.7148
24612.5	-33.7122
24634	-33.7095
24655.5	-33.7068
24677.1	-33.7041
24698.6	-33.7013
24720.1	-33.6986
24741.7	-33.6958
24763.2	-33.693
24784.7	-33.6901
24806.2	-33.6873
24827.8	-33.6843
24849.3	-33.6815
24870.8	-33.6785
24892.4	-33.6755
24913.9	-33.6726
24935.4	-33.6696
24957	-33.6666
24978.5	-33.6635
25000	-33.6604
25021.6	-33.6573
25043.1	-33.6542
25064.6	-33.6511
25086.2	-33.6479
25107.7	-33.6447
25129.2	-33.6415
25150.8	-33.6383
25172.3	-33.635
25193.8	-33.6317
25215.4	-33.6284
25236.9	-33.6251
25258.4	-33.6217
25280	-33.6183
25301.5	-33.615
25323	-33.6115
25344.6	-33.6081
25366.1	-33.6046
25387.6	-33.6011
25409.2	-33.5975
25430.7	-33.594
25452.2	-33.5905
25473.8	-33.5869
25495.3	-33.5833
25516.8	-33.5796
25538.4	-33.5759
25559.9	-33.5723
25581.4	-33.5685
25603	-33.5648
25624.5	-33.5611
25646	-33.5573
25667.6	-33.5535
25689.1	-33.5496
25710.6	-33.5458
25732.2	-33.5419
25753.7	-33.538
25775.2	-33.5341
25796.8	-33.5301
25818.3	-33.5261
25839.8	-33.5221
25861.4	-33.5181
25882.9	-33.514
25904.4	-33.51
25926	-33.5059
25947.5	-33.5018
25969	-33.4976
25990.6	-33.4935
26012.1	-33.4893
26033.6	-33.4851
26055.2	-33.4808
26076.7	-33.4765
26098.2	-33.4723
26119.8	-33.4679
26141.3	-33.4636
26162.8	-33.4592
26184.4	-33.4548
26205.9	-33.4505
26227.4	-33.446
26249	-33.4415
26270.5	-33.437
26292	-33.4325
26313.6	-33.428
26335.1	-33.4234
26356.6	-33.4188
26378.2	-33.4142
26399.7	-33.4096
26421.2	-33.4049
26442.8	-33.4002
26464.3	-33.3955
26485.8	-33.3907
26507.4	-33.3861
26528.9	-33.3812
26550.4	-33.3764
26572	-33.3716
26593.5	-33.3667
26615	-33.3618
26636.6	-33.3569
26658.1	-33.352
26679.6	-33.347
26701.2	-33.3421
26722.7	-33.337
26744.2	-33.332
26765.8	-33.3269
26787.3	-33.3218
26808.8	-33.3167
26830.4	-33.3116
26851.9	-33.3064
26873.4	-33.3012
26895	-33.296
26916.5	-33.2908
26938	-33.2855
26959.6	-33.2802
26981.1	-33.2748
27002.6	-33.2695
27024.2	-33.2641
27045.7	-33.2587
27067.2	-33.2533
27088.8	-33.2478
27110.3	-33.2425
27131.8	-33.2369
27153.4	-33.2314
27174.9	-33.2258
27196.4	-33.2202
27218	-33.2146
27239.5	-33.209
27261	-33.2033
27282.6	-33.1977
27304.1	-33.1919
27325.6	-33.1862
27347.2	-33.1804
27368.7	-33.1746
27390.2	-33.1688
27411.8	-33.163
27433.3	-33.1571
27454.8	-33.1512
27476.4	-33.1453
27497.9	-33.1393
27519.4	-33.1334
27541	-33.1274
27562.5	-33.1213
27584	-33.1153
27605.6	-33.1092
27627.1	-33.1031
27648.6	-33.0969
27670.2	-33.0908
27691.7	-33.0846
27713.2	-33.0783
27734.8	-33.0721
27756.3	-33.0658
27777.8	-33.0595
27799.4	-33.0532
27820.9	-33.0469
27842.4	-33.0405
27864	-33.0341
27885.5	-33.0276
27907	-33.0212
27928.6	-33.0146
27950.1	-33.0081
27971.6	-33.0016
27993.2	-32.995
28014.7	-32.9884
28036.2	-32.9818
28057.8	-32.9751
28079.3	-32.9684
28100.8	-32.9617
28122.4	-32.955
28143.9	-32.9482
28165.4	-32.9414
28187	-32.9345
28208.5	-32.9278
28230	-32.9208
28251.6	-32.9139
28273.1	-32.907
28294.6	-32.9001
28316.2	-32.893
28337.7	-32.886
28359.2	-32.8789
28380.8	-32.8719
28402.3	-32.8647
28423.8	-32.8576
28445.4	-32.8504
28466.9	-32.8433
28488.4	-32.8359
28510	-32.8288
28531.5	-32.8215
28553	-32.8142
28574.6	-32.8068
28596.1	-32.7994
28617.6	-32.7921
28639.2	-32.7846
28660.7	-32.7772
28682.2	-32.7697
28703.8	-32.7622
28725.3	-32.7546
28746.8	-32.747
28768.4	-32.7394
28789.9	-32.7318
28811.4	-32.7241
28833	-32.7164
28854.5	-32.7087
28876	-32.7009
28897.6	-32.6932
28919.1	-32.6853
28940.6	-32.6775
28962.2	-32.6696
28983.7	-32.6617
29005.2	-32.6538
29026.8	-32.6458
29048.3	-32.6378
29069.8	-32.6298
29091.4	-32.6218
29112.9	-32.6136
29134.4	-32.6055
29156	-32.5974
29177.5	-32.5892
29199	-32.581
29220.6	-32.5727
29242.1	-32.5645
29263.6	-32.5562
29285.2	-32.5478
29306.7	-32.5395
29328.2	-32.5311
29349.8	-32.5226
29371.3	-32.5142
29392.8	-32.5057
29414.4	-32.4972
29435.9	-32.4886
29457.4	-32.48
29479	-32.4714
29500.5	-32.4628
29522	-32.4541
29543.6	-32.4454
29565.1	-32.4366
29586.6	-32.4278
29608.2	-32.419
29629.7	-32.4102
29651.2	-32.4013
29672.8	-32.3924
29694.3	-32.3834
29715.8	-32.3745
29737.4	-32.3655
29758.9	-32.3565
29780.4	-32.3474
29802	-32.3383
29823.5	-32.3291
29845	-32.32
29866.6	-32.3108
29888.1	-32.3016
29909.6	-32.2922
29931.2	-32.283
29952.7	-32.2737
29974.2	-32.2643
29995.8	-32.2549
30017.3	-32.2455
30038.8	-32.236
30060.4	-32.2265
30081.9	-32.2169
30103.4	-32.2074
30125	-32.1978
30146.5	-32.1881
30168	-32.1785
30189.6	-32.1687
30211.1	-32.1591
30232.6	-32.1492
30254.2	-32.1394
30275.7	-32.1296
30297.2	-32.1197
30318.8	-32.1098
30340.3	-32.0998
30361.8	-32.0899
30383.3	-32.0799
30404.9	-32.0698
30426.4	-32.0597
30447.9	-32.0496
30469.5	-32.0394
30491	-32.0292
30512.5	-32.019
30534.1	-32.0087
30555.6	-31.9984
30577.1	-31.9881
30598.7	-31.9777
30620.2	-31.9673
30641.7	-31.9568
30663.3	-31.9464
30684.8	-31.9358
30706.3	-31.9253
30727.9	-31.9147
30749.4	-31.9041
30770.9	-31.8934
30792.5	-31.8827
30814	-31.8719
30835.5	-31.8612
30857.1	-31.8504
30878.6	-31.8395
30900.1	-31.8286
30921.7	-31.8177
30943.2	-31.8067
30964.7	-31.7957
30986.3	-31.7847
31007.8	-31.7735
31029.3	-31.7625
31050.9	-31.7513
31072.4	-31.7401
31093.9	-31.7289
31115.5	-31.7176
31137	-31.7063
31158.5	-31.695
31180.1	-31.6836
31201.6	-31.6721
31223.1	-31.6607
31244.7	-31.6492
31266.2	-31.6377
31287.7	-31.6261
31309.3	-31.6145
31330.8	-31.6028
31352.3	-31.5911
31373.9	-31.5793
31395.4	-31.5676
31416.9	-31.5558
31438.5	-31.5439
31460	-31.532
31481.5	-31.52
31503.1	-31.508
31524.6	-31.496
31546.1	-31.484
31567.7	-31.4719
31589.2	-31.4597
31610.7	-31.4475
31632.3	-31.4353
31653.8	-31.423
31675.3	-31.4107
31696.9	-31.3983
31718.4	-31.3859
31739.9	-31.3735
31761.5	-31.361
31783	-31.3485
31804.5	-31.3359
31826.1	-31.3233
31847.6	-31.3107
31869.1	-31.298
31890.7	-31.2852
31912.2	-31.2725
31933.7	-31.2596
31955.3	-31.2468
31976.8	-31.2339
31998.3	-31.2209
32019.9	-31.2079
32041.4	-31.1949
32062.9	-31.1818
32084.5	-31.1686
32106	-31.1554
32127.5	-31.1422
32149.1	-31.129
32170.6	-31.1156
32192.1	-31.1023
32213.7	-31.0889
32235.2	-31.0754
32256.7	-31.062
32278.3	-31.0484
32299.8	-31.0348
32321.3	-31.0212
32342.9	-31.0075
32364.4	-30.9938
32385.9	-30.9801
32407.5	-30.9661
32429	-30.9523
32450.5	-30.9384
32472.1	-30.9245
32493.6	-30.9105
32515.1	-30.8964
32536.7	-30.8823
32558.2	-30.8682
32579.7	-30.854
32601.3	-30.8397
32622.8	-30.8254
32644.3	-30.8111
32665.9	-30.7967
32687.4	-30.7822
32708.9	-30.7678
32730.5	-30.7532
32752	-30.7386
32773.5	-30.724
32795.1	-30.7093
32816.6	-30.6945
32838.1	-30.6798
32859.7	-30.6649
32881.2	-30.65
32902.7	-30.6351
32924.3	-30.6201
32945.8	-30.605
32967.3	-30.5899
32988.9	-30.5748
33010.4	-30.5596
33031.9	-30.5443
33053.5	-30.529
33075	-30.5137
33096.5	-30.4983
33118.1	-30.4828
33139.6	-30.4673
33161.1	-30.4517
33182.7	-30.4361
33204.2	-30.4204
33225.7	-30.4047
33247.3	-30.3889
33268.8	-30.373
33290.3	-30.3572
33311.9	-30.3412
33333.4	-30.3252
33354.9	-30.3091
33376.5	-30.293
33398	-30.2769
33419.5	-30.2606
33441.1	-30.2443
33462.6	-30.228
33484.1	-30.2116
33505.7	-30.1951
33527.2	-30.1786
33548.7	-30.1621
33570.3	-30.1454
33591.8	-30.1288
33613.3	-30.112
33634.9	-30.0952
33656.4	-30.0783
33677.9	-30.0614
33699.5	-30.0444
33721	-30.0274
33742.5	-30.0103
33764.1	-29.9931
33785.6	-29.9759
33807.1	-29.9587
33828.7	-29.9413
33850.2	-29.9239
33871.7	-29.9064
33893.3	-29.8889
33914.8	-29.8713
33936.3	-29.8537
33957.9	-29.836
33979.4	-29.8182
34000.9	-29.8004
34022.5	-29.7824
34044	-29.7645
34065.5	-29.7464
34087.1	-29.7284
34108.6	-29.7102
34130.1	-29.692
34151.7	-29.6737
34173.2	-29.6553
34194.7	-29.6369
34216.3	-29.6184
34237.8	-29.5999
34259.3	-29.5813
34280.9	-29.5626
34302.4	-29.5438
34323.9	-29.525
34345.5	-29.5061
34367	-29.4871
34388.5	-29.4681
34410.1	-29.449
34431.6	-29.4299
34453.1	-29.4106
34474.7	-29.3913
34496.2	-29.3719
34517.7	-29.3525
34539.3	-29.333
34560.8	-29.3134
34582.3	-29.2937
34603.9	-29.2741
34625.4	-29.2542
34646.9	-29.2343
34668.5	-29.2144
34690	-29.1943
34711.5	-29.1743
34733.1	-29.1541
34754.6	-29.1338
34776.1	-29.1135
34797.7	-29.0931
34819.2	-29.0726
34840.7	-29.0521
34862.3	-29.0315
34883.8	-29.0107
34905.3	-28.99
34926.9	-28.9691
34948.4	-28.9482
34969.9	-28.9271
34991.5	-28.9061
35013	-28.8849
35034.5	-28.8636
35056.1	-28.8423
35077.6	-28.8209
35099.1	-28.7994
35120.7	-28.7778
35142.2	-28.7561
35163.7	-28.7344
35185.3	-28.7125
35206.8	-28.6907
35228.3	-28.6686
35249.9	-28.6466
35271.4	-28.6244
35292.9	-28.6021
35314.5	-28.5798
35336	-28.5574
35357.5	-28.5349
35379.1	-28.5123
35400.6	-28.4896
35422.1	-28.4668
35443.7	-28.4439
35465.2	-28.421
35486.7	-28.398
35508.3	-28.3748
35529.8	-28.3516
35551.3	-28.3283
35572.9	-28.3049
35594.4	-28.2814
35615.9	-28.2578
35637.5	-28.2341
35659	-28.2103
35680.5	-28.1864
35702.1	-28.1625
35723.6	-28.1384
35745.1	-28.1142
35766.7	-28.09
35788.2	-28.0656
35809.7	-28.0411
35831.2	-28.0166
35852.8	-27.9919
35874.3	-27.9672
35895.8	-27.9423
35917.4	-27.9174
35938.9	-27.8923
35960.4	-27.8671
35982	-27.8419
36003.5	-27.8165
36025	-27.791
36046.6	-27.7655
36068.1	-27.7398
36089.6	-27.714
36111.2	-27.6881
36132.7	-27.6621
36154.2	-27.636
36175.8	-27.6097
36197.3	-27.5834
36218.8	-27.557
36240.4	-27.5304
36261.9	-27.5037
36283.4	-27.4769
36305	-27.4501
36326.5	-27.423
36348	-27.3959
36369.6	-27.3687
36391.1	-27.3413
36412.6	-27.3139
36434.2	-27.2863
36455.7	-27.2585
36477.2	-27.2307
36498.8	-27.2028
36520.3	-27.1747
36541.8	-27.1465
36563.4	-27.1182
36584.9	-27.0897
36606.4	-27.0611
36628	-27.0325
36649.5	-27.0036
36671	-26.9747
36692.6	-26.9456
36714.1	-26.9164
36735.6	-26.8871
36757.2	-26.8576
36778.7	-26.828
36800.2	-26.7983
36821.8	-26.7684
36843.3	-26.7384
36864.8	-26.7083
36886.4	-26.678
36907.9	-26.6476
36929.4	-26.617
36951	-26.5863
36972.5	-26.5555
36994	-26.5245
37015.6	-26.4934
37037.1	-26.4622
37058.6	-26.4307
37080.2	-26.3992
37101.7	-26.3675
37123.2	-26.3356
37144.8	-26.3036
37166.3	-26.2715
37187.8	-26.2392
37209.4	-26.2067
37230.9	-26.1741
37252.4	-26.1414
37274	-26.1084
37295.5	-26.0754
37317	-26.0421
37338.6	-26.0087
37360.1	-25.9752
37381.6	-25.9414
37403.2	-25.9076
37424.7	-25.8735
37446.2	-25.8393
37467.8	-25.8049
37489.3	-25.7704
37510.8	-25.7356
37532.4	-25.7007
37553.9	-25.6657
37575.4	-25.6304
37597	-25.595
37618.5	-25.5594
37640	-25.5236
37661.6	-25.4876
37683.1	-25.4515
37704.6	-25.4152
37726.2	-25.3786
37747.7	-25.3419
37769.2	-25.3051
37790.8	-25.268
37812.3	-25.2307
37833.8	-25.1932
37855.4	-25.1556
37876.9	-25.1177
37898.4	-25.0797
37920	-25.0414
37941.5	-25.0029
37963	-24.9643
37984.6	-24.9254
38006.1	-24.8863
38027.6	-24.8471
38049.2	-24.8076
38070.7	-24.7679
38092.2	-24.7279
38113.8	-24.6878
38135.3	-24.6474
38156.8	-24.6068
38178.4	-24.566
38199.9	-24.525
38221.4	-24.4838
38243	-24.4423
38264.5	-24.4006
38286	-24.3586
38307.6	-24.3165
38329.1	-24.274
38350.6	-24.2314
38372.2	-24.1885
38393.7	-24.1453
38415.2	-24.1019
38436.8	-24.0583
38458.3	-24.0144
38479.8	-23.9702
38501.4	-23.9258
38522.9	-23.8812
38544.4	-23.8362
38566	-23.791
38587.5	-23.7456
38609	-23.6999
38630.6	-23.6539
38652.1	-23.6076
38673.6	-23.561
38695.2	-23.5142
38716.7	-23.4671
38738.2	-23.4197
38759.8	-23.372
38781.3	-23.324
38802.8	-23.2757
38824.4	-23.2272
38845.9	-23.1783
38867.4	-23.1291
38889	-23.0796
38910.5	-23.0299
38932	-22.9797
38953.6	-22.9293
38975.1	-22.8786
38996.6	-22.8275
39018.2	-22.7761
39039.7	-22.7244
39061.2	-22.6723
39082.8	-22.6199
39104.3	-22.5672
39125.8	-22.5141
39147.4	-22.4606
39168.9	-22.4069
39190.4	-22.3527
39212	-22.2982
39233.5	-22.2433
39255	-22.1881
39276.6	-22.1325
39298.1	-22.0765
39319.6	-22.0201
39341.2	-21.9633
39362.7	-21.9062
39384.2	-21.8486
39405.8	-21.7907
39427.3	-21.7323
39448.8	-21.6736
39470.4	-21.6144
39491.9	-21.5548
39513.4	-21.4948
39535	-21.4343
39556.5	-21.3734
39578	-21.3121
39599.6	-21.2503
39621.1	-21.1881
39642.6	-21.1254
39664.2	-21.0623
39685.7	-20.9987
39707.2	-20.9346
39728.8	-20.87
39750.3	-20.805
39771.8	-20.7395
39793.4	-20.6734
39814.9	-20.6069
39836.4	-20.5398
39858	-20.4723
39879.5	-20.4042
39901	-20.3355
39922.6	-20.2664
39944.1	-20.1967
39965.6	-20.1264
39987.2	-20.0556
40008.7	-19.9842
40030.2	-19.9122
40051.8	-19.8397
40073.3	-19.7665
40094.8	-19.6928
40116.4	-19.6184
40137.9	-19.5435
40159.4	-19.4679
40181	-19.3917
40202.5	-19.3148
40224	-19.2373
40245.6	-19.1591
40267.1	-19.0802
40288.6	-19.0007
40310.2	-18.9205
40331.7	-18.8396
40353.2	-18.7579
40374.8	-18.6756
40396.3	-18.5925
40417.8	-18.5086
40439.4	-18.4241
40460.9	-18.3387
40482.4	-18.2526
40504	-18.1656
40525.5	-18.0779
40547	-17.9894
40568.6	-17.9
40590.1	-17.8097
40611.6	-17.7187
40633.2	-17.6267
40654.7	-17.5339
40676.2	-17.4402
40697.8	-17.3455
40719.3	-17.25
40740.8	-17.1535
40762.4	-17.056
40783.9	-16.9575
40805.4	-16.8581
40827	-16.7576
40848.5	-16.6561
40870	-16.5536
40891.6	-16.45
40913.1	-16.3453
40934.6	-16.2395
40956.2	-16.1326
40977.7	-16.0245
40999.2	-15.9153
41020.8	-15.8048
41042.3	-15.6932
41063.8	-15.5803
41085.4	-15.4662
41106.9	-15.3508
41128.4	-15.234
41150	-15.116
41171.5	-14.9965
41193	-14.8757
41214.6	-14.7535
41236.1	-14.6298
41257.6	-14.5046
41279.2	-14.3779
41300.7	-14.2497
41322.2	-14.1199
41343.8	-13.9885
41365.3	-13.8554
41386.8	-13.7207
41408.3	-13.5842
41429.9	-13.446
41451.4	-13.306
41472.9	-13.1641
41494.5	-13.0203
41516	-12.8746
41537.5	-12.7269
41559.1	-12.5772
41580.6	-12.4254
41602.1	-12.2714
41623.7	-12.1153
41645.2	-11.9569
41666.7	-11.7962
41688.3	-11.6331
41709.8	-11.4676
41731.3	-11.2995
41752.9	-11.1289
41774.4	-10.9557
41795.9	-10.7797
41817.5	-10.6009
41839	-10.4192
41860.5	-10.2345
41882.1	-10.0467
41903.6	-9.85579
41925.1	-9.66156
41946.7	-9.46394
41968.2	-9.26282
41989.7	-9.05807
42011.3	-8.84957
42032.8	-8.63718
42054.3	-8.42076
42075.9	-8.20016
42097.4	-7.97522
42118.9	-7.74577
42140.5	-7.51163
42162	-7.27261
42183.5	-7.0285
42205.1	-6.7791
42226.6	-6.52415
42248.1	-6.26342
42269.7	-5.99664
42291.2	-5.72353
42312.7	-5.44376
42334.3	-5.15702
42355.8	-4.86294
42377.3	-4.56113
42398.9	-4.25117
42420.4	-3.9326
42441.9	-3.60493
42463.5	-3.2676
42485	-2.92002
42506.5	-2.56152
42528.1	-2.1914
42549.6	-1.80885
42571.1	-1.41297
42592.7	-1.0028
42614.2	-0.577217
42635.7	-0.135006
42657.3	0.325219
42678.8	0.805015
42700.3	1.30614
42721.9	1.8306
42743.4	2.38067
42764.9	2.95892
42786.5	3.56832
42808	4.21219
42829.5	4.89429
42851.1	5.61871
42872.6	6.38972
42894.1	7.21116
42915.7	8.08497
42937.2	9.00738
42958.7	9.95829
42980.3	10.8682
43001.8	11.4918
43023.3	10.6676
43044.9	-4.14205
43066.4	33.9434
43087.9	52.6394
43109.5	53.505
43131	37.7747
43152.5	3.25564
43174.1	11.4698
43195.6	12.57
43217.1	12.0835
43238.7	11.3013
43260.2	10.4826
43281.7	9.69801
43303.3	8.96689
43324.8	8.2922
43346.3	7.67129
43367.9	7.09978
43389.4	6.57302
43410.9	6.08662
43432.5	5.63661
43454	5.2195
43475.5	4.83225
43497.1	4.47217
43518.6	4.13696
43540.1	3.8246
43561.7	3.53329
43583.2	3.2615
43604.7	3.00786
43626.3	2.77116
43647.8	2.55033
43669.3	2.34442
43690.9	2.1526
43712.4	1.97412
43733.9	1.80831
43755.5	1.65457
43777	1.51238
43798.5	1.38125
43820.1	1.26077
43841.6	1.15055
43863.1	1.05027
43884.7	0.95962
43906.2	0.878339
43927.7	0.806198
43949.3	0.742993
43970.8	0.688553
43992.3	0.642728
44013.9	0.605402
44035.4	0.576468
44056.9	0.555856
44078.5	0.543509

