0	16.3326
21.5332	15.7438
43.0664	10.3027
64.5996	30.2053
86.1328	51.9476
107.666	53.9454
129.199	40.2343
150.732	12.2794
172.266	7.59669
193.799	9.30984
215.332	8.8524
236.865	7.97968
258.398	7.04022
279.932	6.12927
301.465	5.27394
322.998	4.47936
344.531	3.74307
366.064	3.06015
387.598	2.42519
409.131	1.83301
430.664	1.27892
452.197	0.758799
473.73	0.269023
495.264	-0.193542
516.797	-0.631625
538.33	-1.04759
559.863	-1.44351
581.396	-1.82118
602.93	-2.1822
624.463	-2.52796
645.996	-2.85968
667.529	-3.17847
689.062	-3.4853
710.596	-3.78104
732.129	-4.06647
753.662	-4.34229
775.195	-4.60914
796.729	-4.86759
818.262	-5.11817
839.795	-5.36133
861.328	-5.59752
882.861	-5.82714
904.395	-6.05054
925.928	-6.26806
947.461	-6.48
968.994	-6.68666
990.527	-6.88829
1012.06	-7.08513
1033.59	-7.27742
1055.13	-7.46535
1076.66	-7.64914
1098.19	-7.82895
1119.73	-8.00497
1141.26	-8.17734
1162.79	-8.34623
1184.33	-8.51176
1205.86	-8.67409
1227.39	-8.83331
1248.93	-8.98957
1270.46	-9.14296
1291.99	-9.29359
1313.53	-9.44155
1335.06	-9.58695
1356.59	-9.72988
1378.12	-9.87041
1399.66	-10.0086
1421.19	-10.1446
1442.72	-10.2784
1464.26	-10.4101
1485.79	-10.5398
1507.32	-10.6675
1528.86	-10.7933
1550.39	-10.9172
1571.92	-11.0393
1593.46	-11.1597
1614.99	-11.2784
1636.52	-11.3954
1658.06	-11.5109
1679.59	-11.6247
1701.12	-11.7371
1722.66	-11.8479
1744.19	-11.9574
1765.72	-12.0654
1787.26	-12.172
1808.79	-12.2773
1830.32	-12.3814
1851.86	-12.4841
1873.39	-12.5856
1894.92	-12.6859
1916.46	-12.785
1937.99	-12.8829
1959.52	-12.9798
1981.05	-13.0755
2002.59	-13.1701
2024.12	-13.2637
2045.65	-13.3563
2067.19	-13.4478
2088.72	-13.5384
2110.25	-13.628
2131.79	-13.7166
2153.32	-13.8043
2174.85	-13.8911
2196.39	-13.9771
2217.92	-14.0621
2239.45	-14.1463
2260.99	-14.2297
2282.52	-14.3122
2304.05	-14.3939
2325.59	-14.4749
2347.12	-14.5551
2368.65	-14.6345
2390.19	-14.7131
2411.72	-14.791
2433.25	-14.8682
2454.79	-14.9447
2476.32	-15.0205
2497.85	-15.0957
2519.38	-15.1701
2540.92	-15.2439
2562.45	-15.3171
2583.98	-15.3896
2605.52	-15.4615
2627.05	-15.5327
2648.58	-15.6034
2670.12	-15.6734
2691.65	-15.7429
2713.18	-15.8118
2734.72	-15.8802
2756.25	-15.948
2777.78	-16.0152
2799.32	-16.0819
2820.85	-16.148
2842.38	-16.2137
2863.92	-16.2788
2885.45	-16.3434
2906.98	-16.4075
2928.52	-16.4711
2950.05	-16.5343
2971.58	-16.5969
2993.12	-16.6591
3014.65	-16.7208
3036.18	-16.7821
3057.71	-16.8429
3079.25	-16.9032
3100.78	-16.9631
3122.31	-17.0226
3143.85	-17.0817
3165.38	-17.1403
3186.91	-17.1985
3208.45	-17.2563
3229.98	-17.3137
3251.51	-17.3708
3273.05	-17.4274
3294.58	-17.4836
3316.11	-17.5394
3337.65	-17.5949
3359.18	-17.65
3380.71	-17.7047
3402.25	-17.7591
3423.78	-17.813
3445.31	-17.8667
3466.85	-17.92
3488.38	-17.9729
3509.91	-18.0255
3531.45	-18.0777
3552.98	-18.1297
3574.51	-18.1813
3596.04	-18.2325
3617.58	-18.2835
3639.11	-18.3341
3660.64	-18.3844
3682.18	-18.4344
3703.71	-18.4841
3725.24	-18.5335
3746.78	-18.5826
3768.31	-18.6313
3789.84	-18.6798
3811.38	-18.728
3832.91	-18.776
3854.44	-18.8236
3875.98	-18.8709
3897.51	-18.918
3919.04	-18.9648
3940.58	-19.0113
3962.11	-19.0576
3983.64	-19.1036
4005.18	-19.1493
4026.71	-19.1948
4048.24	-19.24
4069.78	-19.2849
4091.31	-19.3296
4112.84	-19.3741
4134.38	-19.4183
4155.91	-19.4622
4177.44	-19.5059
4198.97	-19.5494
4220.51	-19.5926
4242.04	-19.6356
4263.57	-19.6784
4285.11	-19.7209
4306.64	-19.7633
4328.17	-19.8053
4349.71	-19.8472
4371.24	-19.8888
4392.77	-19.9303
4414.31	-19.9714
4435.84	-20.0124
4457.37	-20.0532
4478.91	-20.0938
4500.44	-20.1341
4521.97	-20.1743
4543.51	-20.2142
4565.04	-20.2539
4586.57	-20.2935
4608.11	-20.3328
4629.64	-20.3719
4651.17	-20.4109
4672.71	-20.4496
4694.24	-20.4882
4715.77	-20.5265
4737.3	-20.5647
4758.84	-20.6027
4780.37	-20.6405
4801.9	-20.6781
4823.44	-20.7155
4844.97	-20.7527
4866.5	-20.7898
4888.04	-20.8267
4909.57	-20.8634
4931.1	-20.8999
4952.64	-20.9363
4974.17	-20.9725
4995.7	-21.0085
5017.24	-21.0443
5038.77	-21.08
5060.3	-21.1155
5081.84	-21.1509
5103.37	-21.1861
5124.9	-21.2211
5146.44	-21.256
5167.97	-21.2907
5189.5	-21.3252
5211.04	-21.3596
5232.57	-21.3938
5254.1	-21.4279
5275.63	-21.4618
5297.17	-21.4956
5318.7	-21.5292
5340.23	-21.5626
5361.77	-21.596
5383.3	-21.6291
5404.83	-21.6622
5426.37	-21.695
5447.9	-21.7277
5469.43	-21.7603
5490.97	-21.7928
5512.5	-21.8251
5534.03	-21.8572
5555.57	-21.8893
5577.1	-21.9211
5598.63	-21.9529
5620.17	-21.9845
5641.7	-22.016
5663.23	-22.0473
5684.77	-22.0785
5706.3	-22.1096
5727.83	-22.1406
5749.37	-22.1714
5770.9	-22.2021
5792.43	-22.2326
5813.96	-22.2631
5835.5	-22.2933
5857.03	-22.3235
5878.56	-22.3536
5900.1	-22.3835
5921.63	-22.4133
5943.16	-22.443
5964.7	-22.4725
5986.23	-22.502
6007.76	-22.5313
6029.3	-22.5605
6050.83	-22.5896
6072.36	-22.6185
6093.9	-22.6474
6115.43	-22.6761
6136.96	-22.7047
6158.5	-22.7332
6180.03	-22.7616
6201.56	-22.7899
6223.1	-22.818
6244.63	-22.8461
6266.16	-22.874
6287.7	-22.9019
6309.23	-22.9296
6330.76	-22.9572
6352.29	-22.9847
6373.83	-23.0121
6395.36	-23.0394
6416.89	-23.0666
6438.43	-23.0936
6459.96	-23.1206
6481.49	-23.1475
6503.03	-23.1742
6524.56	-23.2009
6546.09	-23.2275
6567.63	-23.2539
6589.16	-23.2803
6610.69	-23.3065
6632.23	-23.3327
6653.76	-23.3588
6675.29	-23.3847
6696.83	-23.4106
6718.36	-23.4363
6739.89	-23.462
6761.43	-23.4876
6782.96	-23.5131
6804.49	-23.5384
6826.03	-23.5637
6847.56	-23.5889
6869.09	-23.614
6890.62	-23.639
6912.16	-23.6639
6933.69	-23.6888
6955.22	-23.7135
6976.76	-23.7381
6998.29	-23.7627
7019.82	-23.7871
7041.36	-23.8115
7062.89	-23.8358
7084.42	-23.86
7105.96	-23.8841
7127.49	-23.9081
7149.02	-23.9321
7170.56	-23.9559
7192.09	-23.9797
7213.62	-24.0033
7235.16	-24.0269
7256.69	-24.0504
7278.22	-24.0739
7299.76	-24.0972
7321.29	-24.1205
7342.82	-24.1436
7364.36	-24.1667
7385.89	-24.1897
7407.42	-24.2127
7428.96	-24.2355
7450.49	-24.2583
7472.02	-24.281
7493.55	-24.3036
7515.09	-24.3261
7536.62	-24.3486
7558.15	-24.3709
7579.69	-24.3932
7601.22	-24.4154
7622.75	-24.4376
7644.29	-24.4596
7665.82	-24.4816
7687.35	-24.5035
7708.89	-24.5254
7730.42	-24.5471
7751.95	-24.5688
7773.49	-24.5904
7795.02	-24.612
7816.55	-24.6334
7838.09	-24.6548
7859.62	-24.6761
7881.15	-24.6974
7902.69	-24.7185
7924.22	-24.7396
7945.75	-24.7607
7967.29	-24.7816
7988.82	-24.8025
8010.35	-24.8233
8031.88	-24.8441
8053.42	-24.8647
8074.95	-24.8853
8096.48	-24.9059
8118.02	-24.9263
8139.55	-24.9467
8161.08	-24.9671
8182.62	-24.9873
8204.15	-25.0075
8225.68	-25.0277
8247.22	-25.0477
8268.75	-25.0677
8290.28	-25.0876
8311.82	-25.1075
8333.35	-25.1273
8354.88	-25.147
8376.42	-25.1667
8397.95	-25.1863
8419.48	-25.2058
8441.02	-25.2253
8462.55	-25.2447
8484.08	-25.264
8505.62	-25.2833
8527.15	-25.3025
8548.68	-25.3217
8570.21	-25.3408
8591.75	-25.3598
8613.28	-25.3788
8634.81	-25.3977
8656.35	-25.4165
8677.88	-25.4353
8699.41	-25.454
8720.95	-25.4727
8742.48	-25.4913
8764.01	-25.5098
8785.55	-25.5283
8807.08	-25.5467
8828.61	-25.5651
8850.15	-25.5834
8871.68	-25.6016
8893.21	-25.6198
8914.75	-25.6379
8936.28	-25.656
8957.81	-25.674
8979.35	-25.692
9000.88	-25.7099
9022.41	-25.7277
9043.95	-25.7455
9065.48	-25.7632
9087.01	-25.7809
9108.54	-25.7985
9130.08	-25.816
9151.61	-25.8335
9173.14	-25.851
9194.68	-25.8684
9216.21	-25.8857
9237.74	-25.903
9259.28	-25.9202
9280.81	-25.9374
9302.34	-25.9545
9323.88	-25.9715
9345.41	-25.9885
9366.94	-26.0055
9388.48	-26.0224
9410.01	-26.0393
9431.54	-26.056
9453.08	-26.0728
9474.61	-26.0894
9496.14	-26.1061
9517.68	-26.1227
9539.21	-26.1392
9560.74	-26.1557
9582.28	-26.1721
9603.81	-26.1885
9625.34	-26.2048
9646.88	-26.2211
9668.41	-26.2373
9689.94	-26.2534
9711.47	-26.2696
9733.01	-26.2857
9754.54	-26.3017
9776.07	-26.3177
9797.61	-26.3335
9819.14	-26.3495
9840.67	-26.3653
9862.21	-26.381
9883.74	-26.3968
9905.27	-26.4124
9926.81	-26.4281
9948.34	-26.4436
9969.87	-26.4592
9991.41	-26.4747
10012.9	-26.49
10034.5	-26.5055
10056	-26.5208
10077.5	-26.5361
10099.1	-26.5513
10120.6	-26.5665
10142.1	-26.5817
10163.7	-26.5968
10185.2	-26.6118
10206.7	-26.6268
10228.3	-26.6418
10249.8	-26.6567
10271.3	-26.6716
10292.9	-26.6864
10314.4	-26.7012
10335.9	-26.7159
10357.5	-26.7306
10379	-26.7452
10400.5	-26.7599
10422.1	-26.7744
10443.6	-26.7889
10465.1	-26.8034
10486.7	-26.8178
10508.2	-26.8322
10529.7	-26.8465
10551.3	-26.8608
10572.8	-26.875
10594.3	-26.8892
10615.9	-26.9034
10637.4	-26.9175
10658.9	-26.9316
10680.5	-26.9456
10702	-26.9595
10723.5	-26.9735
10745.1	-26.9874
10766.6	-27.0013
10788.1	-27.0151
10809.7	-27.0288
10831.2	-27.0426
10852.7	-27.0563
10874.3	-27.0699
10895.8	-27.0835
10917.3	-27.097
10938.9	-27.1106
10960.4	-27.124
10981.9	-27.1375
11003.5	-27.1509
11025	-27.1642
11046.5	-27.1775
11068.1	-27.1908
11089.6	-27.2041
11111.1	-27.2172
11132.7	-27.2304
11154.2	-27.2435
11175.7	-27.2566
11197.3	-27.2696
11218.8	-27.2826
11240.3	-27.2955
11261.9	-27.3084
11283.4	-27.3213
11304.9	-27.3341
11326.5	-27.3469
11348	-27.3597
11369.5	-27.3724
11391.1	-27.385
11412.6	-27.3977
11434.1	-27.4103
11455.7	-27.4228
11477.2	-27.4354
11498.7	-27.4478
11520.3	-27.4603
11541.8	-27.4727
11563.3	-27.4851
11584.9	-27.4974
11606.4	-27.5097
11627.9	-27.5219
11649.5	-27.5341
11671	-27.5463
11692.5	-27.5584
11714.1	-27.5706
11735.6	-27.5826
11757.1	-27.5946
11778.7	-27.6066
11800.2	-27.6186
11821.7	-27.6305
11843.3	-27.6424
11864.8	-27.6542
11886.3	-27.666
11907.9	-27.6778
11929.4	-27.6895
11950.9	-27.7012
11972.5	-27.7129
11994	-27.7245
12015.5	-27.7361
12037.1	-27.7477
12058.6	-27.7592
12080.1	-27.7707
12101.7	-27.7821
12123.2	-27.7935
12144.7	-27.8049
12166.3	-27.8162
12187.8	-27.8275
12209.3	-27.8388
12230.9	-27.85
12252.4	-27.8612
12273.9	-27.8724
12295.5	-27.8835
12317	-27.8946
12338.5	-27.9057
12360.1	-27.9167
12381.6	-27.9277
12403.1	-27.9387
12424.7	-27.9496
12446.2	-27.9605
12467.7	-27.9713
12489.3	-27.9822
12510.8	-27.9929
12532.3	-28.0037
12553.9	-28.0144
12575.4	-28.0251
12596.9	-28.0358
12618.5	-28.0464
12640	-28.0569
12661.5	-28.0675
12683.1	-28.078
12704.6	-28.0885
12726.1	-28.099
12747.7	-28.1094
12769.2	-28.1198
12790.7	-28.1301
12812.3	-28.1405
12833.8	-28.1507
12855.3	-28.161
12876.9	-28.1712
12898.4	-28.1814
12919.9	-28.1915
12941.5	-28.2017
12963	-28.2118
12984.5	-28.2218
13006.1	-28.2319
13027.6	-28.2419
13049.1	-28.2518
13070.7	-28.2618
13092.2	-28.2716
13113.7	-28.2816
13135.3	-28.2914
13156.8	-28.3012
13178.3	-28.311
13199.9	-28.3207
13221.4	-28.3304
13242.9	-28.3401
13264.5	-28.3497
13286	-28.3594
13307.5	-28.369
13329.1	-28.3785
13350.6	-28.388
13372.1	-28.3975
13393.7	-28.407
13415.2	-28.4164
13436.7	-28.4258
13458.3	-28.4352
13479.8	-28.4445
13501.3	-28.4539
13522.9	-28.4631
13544.4	-28.4724
13565.9	-28.4816
13587.5	-28.4908
13609	-28.4999
13630.5	-28.5091
13652.1	-28.5182
13673.6	-28.5273
13695.1	-28.5363
13716.7	-28.5453
13738.2	-28.5543
13759.7	-28.5632
13781.2	-28.5722
13802.8	-28.5811
13824.3	-28.5899
13845.8	-28.5988
13867.4	-28.6076
13888.9	-28.6163
13910.4	-28.6251
13932	-28.6338
13953.5	-28.6425
13975	-28.6512
13996.6	-28.6597
14018.1	-28.6684
14039.6	-28.6769
14061.2	-28.6855
14082.7	-28.694
14104.2	-28.7025
14125.8	-28.7109
14147.3	-28.7194
14168.8	-28.7278
14190.4	-28.7361
14211.9	-28.7445
14233.4	-28.7528
14255	-28.7611
14276.5	-28.7693
14298	-28.7776
14319.6	-28.7857
14341.1	-28.7939
14362.6	-28.8021
14384.2	-28.8102
14405.7	-28.8182
14427.2	-28.8263
14448.8	-28.8344
14470.3	-28.8424
14491.8	-28.8503
14513.4	-28.8583
14534.9	-28.8662
14556.4	-28.8741
14578	-28.8819
14599.5	-28.8898
14621	-28.8976
14642.6	-28.9054
14664.1	-28.9131
14685.6	-28.9209
14707.2	-28.9286
14728.7	-28.9362
14750.2	-28.9439
14771.8	-28.9515
14793.3	-28.9591
14814.8	-28.9666
14836.4	-28.9742
14857.9	-28.9817
14879.4	-28.9892
14901	-28.9966
14922.5	-29.0041
14944	-29.0115
14965.6	-29.0189
14987.1	-29.0262
15008.6	-29.0336
15030.2	-29.0408
15051.7	-29.0481
15073.2	-29.0553
15094.8	-29.0626
15116.3	-29.0697
15137.8	-29.0769
15159.4	-29.084
15180.9	-29.0912
15202.4	-29.0982
15224	-29.1053
15245.5	-29.1123
15267	-29.1193
15288.6	-29.1263
15310.1	-29.1333
15331.6	-29.1402
15353.2	-29.1471
15374.7	-29.154
15396.2	-29.1609
15417.8	-29.1676
15439.3	-29.1745
15460.8	-29.1812
15482.4	-29.188
15503.9	-29.1947
15525.4	-29.2014
15547	-29.2081
15568.5	-29.2147
15590	-29.2213
15611.6	-29.2279
15633.1	-29.2345
15654.6	-29.241
15676.2	-29.2476
15697.7	-29.254
15719.2	-29.2605
15740.8	-29.267
15762.3	-29.2734
15783.8	-29.2798
15805.4	-29.2861
15826.9	-29.2925
15848.4	-29.2988
15870	-29.3051
15891.5	-29.3114
15913	-29.3175
15934.6	-29.3238
15956.1	-29.33
15977.6	-29.3362
15999.2	-29.3423
16020.7	-29.3484
16042.2	-29.3545
16063.8	-29.3606
16085.3	-29.3666
16106.8	-29.3727
16128.4	-29.3787
16149.9	-29.3846
16171.4	-29.3906
16193	-29.3965
16214.5	-29.4023
16236	-29.4083
16257.6	-29.4141
16279.1	-29.4199
16300.6	-29.4257
16322.2	-29.4315
16343.7	-29.4372
16365.2	-29.443
16386.8	-29.4487
16408.3	-29.4543
16429.8	-29.46
16451.4	-29.4656
16472.9	-29.4712
16494.4	-29.4768
16516	-29.4824
16537.5	-29.4879
16559	-29.4934
16580.6	-29.4989
16602.1	-29.5044
16623.6	-29.5098
16645.2	-29.5152
16666.7	-29.5206
16688.2	-29.526
16709.8	-29.5313
16731.3	-29.5366
16752.8	-29.5419
16774.4	-29.5472
16795.9	-29.5525
16817.4	-29.5577
16839	-29.5629
16860.5	-29.568
16882	-29.5732
16903.6	-29.5783
16925.1	-29.5834
16946.6	-29.5885
16968.2	-29.5936
16989.7	-29.5986
17011.2	-29.6036
17032.8	-29.6086
17054.3	-29.6136
17075.8	-29.6185
17097.4	-29.6235
17118.9	-29.6283
17140.4	-29.6332
17162	-29.6381
17183.5	-29.6429
17205	-29.6477
17226.6	-29.6525
17248.1	-29.6572
17269.6	-29.662
17291.2	-29.6667
17312.7	-29.6714
17334.2	-29.676
17355.8	-29.6807
17377.3	-29.6853
17398.8	-29.6899
17420.4	-29.6944
17441.9	-29.699
17463.4	-29.7035
17485	-29.708
17506.5	-29.7126
17528	-29.717
17549.6	-29.7214
17571.1	-29.7258
17592.6	-29.7302
17614.2	-29.7346
17635.7	-29.7389
17657.2	-29.7433
17678.8	-29.7476
17700.3	-29.7519
17721.8	-29.7561
17743.4	-29.7603
17764.9	-29.7645
17786.4	-29.7688
17808	-29.7729
17829.5	-29.7771
17851	-29.7812
17872.6	-29.7853
17894.1	-29.7894
17915.6	-29.7934
17937.2	-29.7974
17958.7	-29.8014
17980.2	-29.8054
18001.8	-29.8094
18023.3	-29.8133
18044.8	-29.8173
18066.4	-29.8212
18087.9	-29.825
18109.4	-29.8289
18131	-29.8327
18152.5	-29.8365
18174	-29.8403
18195.6	-29.8441
18217.1	-29.8478
18238.6	-29.8515
18260.2	-29.8552
18281.7	-29.8589
18303.2	-29.8626
18324.8	-29.8662
18346.3	-29.8698
18367.8	-29.8734
18389.4	-29.877
18410.9	-29.8805
18432.4	-29.884
18454	-29.8876
18475.5	-29.891
18497	-29.8945
18518.6	-29.8979
18540.1	-29.9013
18561.6	-29.9047
18583.2	-29.9081
18604.7	-29.9115
18626.2	-29.9148
18647.8	-29.9181
18669.3	-29.9214
18690.8	-29.9246
18712.4	-29.9279
18733.9	-29.9311
18755.4	-29.9343
18777	-29.9375
18798.5	-29.9406
18820	-29.9438
18841.6	-29.9469
18863.1	-29.95
18884.6	-29.953
18906.2	-29.9561
18927.7	-29.9591
18949.2	-29.9621
18970.8	-29.9651
18992.3	-29.968
19013.8	-29.971
19035.4	-29.9739
19056.9	-29.9768
19078.4	-29.9797
19100	-29.9825
19121.5	-29.9854
19143	-29.9882
19164.6	-29.991
19186.1	-29.9937
19207.6	-29.9965
19229.2	-29.9992
19250.7	-30.0019
19272.2	-30.0046
19293.8	-30.0073
19315.3	-30.0099
19336.8	-30.0125
19358.3	-30.0151
19379.9	-30.0177
19401.4	-30.0202
19422.9	-30.0228
19444.5	-30.0253
19466	-30.0278
19487.5	-30.0303
19509.1	-30.0327
19530.6	-30.0351
19552.1	-30.0375
19573.7	-30.0399
19595.2	-30.0423
19616.7	-30.0446
19638.3	-30.047
19659.8	-30.0493
19681.3	-30.0515
19702.9	-30.0538
19724.4	-30.056
19745.9	-30.0583
19767.5	-30.0605
19789	-30.0626
19810.5	-30.0648
19832.1	-30.0669
19853.6	-30.069
19875.1	-30.0711
19896.7	-30.0732
19918.2	-30.0752
19939.7	-30.0773
19961.3	-30.0793
19982.8	-30.0813
20004.3	-30.0832
20025.9	-30.0852
20047.4	-30.0871
20068.9	-30.089
20090.5	-30.0909
20112	-30.0927
20133.5	-30.0946
20155.1	-30.0964
20176.6	-30.0982
20198.1	-30.1
20219.7	-30.1018
20241.2	-30.1035
20262.7	-30.1052
20284.3	-30.1069
20305.8	-30.1086
20327.3	-30.1102
20348.9	-30.1119
20370.4	-30.1135
20391.9	-30.1151
20413.5	-30.1167
20435	-30.1182
20456.5	-30.1197
20478.1	-30.1212
20499.6	-30.1227
20521.1	-30.1242
20542.7	-30.1256
20564.2	-30.1271
20585.7	-30.1285
20607.3	-30.1298
20628.8	-30.1312
20650.3	-30.1326
20671.9	-30.1339
20693.4	-30.1352
20714.9	-30.1365
20736.5	-30.1377
20758	-30.139
20779.5	-30.1402
20801.1	-30.1414
20822.6	-30.1426
20844.1	-30.1437
20865.7	-30.1449
20887.2	-30.146
20908.7	-30.1471
20930.3	-30.1482
20951.8	-30.1492
20973.3	-30.1503
20994.9	-30.1512
21016.4	-30.1523
21037.9	-30.1532
21059.5	-30.1542
21081	-30.1551
21102.5	-30.156
21124.1	-30.1569
21145.6	-30.1578
21167.1	-30.1586
21188.7	-30.1595
21210.2	-30.1603
21231.7	-30.1611
21253.3	-30.1618
21274.8	-30.1626
21296.3	-30.1633
21317.9	-30.164
21339.4	-30.1647
21360.9	-30.1653
21382.5	-30.166
21404	-30.1666
21425.5	-30.1672
21447.1	-30.1678
21468.6	-30.1684
21490.1	-30.1689
21511.7	-30.1694
21533.2	-30.1699
21554.7	-30.1704
21576.3	-30.1709
21597.8	-30.1713
21619.3	-30.1717
21640.9	-30.1721
21662.4	-30.1725
21683.9	-30.1729
21705.5	-30.1732
21727	-30.1735
21748.5	-30.1738
21770.1	-30.1741
21791.6	-30.1743
21813.1	-30.1746
21834.7	-30.1748
21856.2	-30.175
21877.7	-30.1752
21899.3	-30.1753
21920.8	-30.1755
21942.3	-30.1756
21963.9	-30.1757
21985.4	-30.1758
22006.9	-30.1757
22028.5	-30.1758
22050	-30.1758
22071.5	-30.1758
22093.1	-30.1757
22114.6	-30.1758
22136.1	-30.1757
22157.7	-30.1756
22179.2	-30.1755
22200.7	-30.1753
22222.3	-30.1752
22243.8	-30.175
22265.3	-30.1748
22286.9	-30.1746
22308.4	-30.1743
22329.9	-30.1741
22351.5	-30.1738
22373	-30.1735
22394.5	-30.1732
22416.1	-30.1729
22437.6	-30.1725
22459.1	-30.1721
22480.7	-30.1717
22502.2	-30.1713
22523.7	-30.1709
22545.3	-30.1704
22566.8	-30.1699
22588.3	-30.1694
22609.9	-30.1689
22631.4	-30.1684
22652.9	-30.1678
22674.5	-30.1672
22696	-30.1666
22717.5	-30.166
22739.1	-30.1653
22760.6	-30.1647
22782.1	-30.164
22803.7	-30.1633
22825.2	-30.1626
22846.7	-30.1618
22868.3	-30.1611
22889.8	-30.1603
22911.3	-30.1595
22932.9	-30.1586
22954.4	-30.1578
22975.9	-30.1569
22997.5	-30.156
23019	-30.1551
23040.5	-30.1542
23062.1	-30.1532
23083.6	-30.1523
23105.1	-30.1512
23126.7	-30.1503
23148.2	-30.1492
23169.7	-30.1482
23191.3	-30.1471
23212.8	-30.146
23234.3	-30.1449
23255.9	-30.1437
23277.4	-30.1426
23298.9	-30.1414
23320.5	-30.1402
23342	-30.139
23363.5	-30.1377
23385.1	-30.1365
23406.6	-30.1352
23428.1	-30.1339
23449.7	-30.1326
23471.2	-30.1312
23492.7	-30.1298
23514.3	-30.1285
23535.8	-30.1271
23557.3	-30.1256
23578.9	-30.1242
23600.4	-30.1227
23621.9	-30.1212
23643.5	-30.1197
23665	-30.1182
23686.5	-30.1167
23708.1	-30.1151
23729.6	-30.1135
23751.1	-30.1119
23772.7	-30.1102
23794.2	-30.1086
23815.7	-30.1069
23837.3	-30.1052
23858.8	-30.1035
23880.3	-30.1018
23901.9	-30.1
23923.4	-30.0982
23944.9	-30.0964
23966.5	-30.0946
23988	-30.0927
24009.5	-30.0909
24031.1	-30.089
24052.6	-30.0871
24074.1	-30.0852
24095.7	-30.0832
24117.2	-30.0813
24138.7	-30.0793
24160.3	-30.0773
24181.8	-30.0752
24203.3	-30.0732
24224.9	-30.0711
24246.4	-30.069
24267.9	-30.0669
24289.5	-30.0648
24311	-30.0626
24332.5	-30.0605
24354.1	-30.0583
24375.6	-30.056
24397.1	-30.0538
24418.7	-30.0515
24440.2	-30.0493
24461.7	-30.047
24483.3	-30.0446
24504.8	-30.0423
24526.3	-30.0399
24547.9	-30.0375
24569.4	-30.0351
24590.9	-30.0327
24612.5	-30.0303
24634	-30.0278
24655.5	-30.0253
24677.1	-30.0228
24698.6	-30.0202
24720.1	-30.0177
24741.7	-30.0151
24763.2	-30.0125
24784.7	-30.0099
24806.2	-30.0073
24827.8	-30.0046
24849.3	-30.0019
24870.8	-29.9992
24892.4	-29.9965
24913.9	-29.9937
24935.4	-29.991
24957	-29.9882
24978.5	-29.9854
25000	-29.9825
25021.6	-29.9797
25043.1	-29.9768
25064.6	-29.9739
25086.2	-29.971
25107.7	-29.968
25129.2	-29.9651
25150.8	-29.9621
25172.3	-29.9591
25193.8	-29.9561
25215.4	-29.953
25236.9	-29.95
25258.4	-29.9469
25280	-29.9438
25301.5	-29.9406
25323	-29.9375
25344.6	-29.9343
25366.1	-29.9311
25387.6	-29.9279
25409.2	-29.9246
25430.7	-29.9214
25452.2	-29.9181
25473.8	-29.9148
25495.3	-29.9115
25516.8	-29.9081
25538.4	-29.9047
25559.9	-29.9013
25581.4	-29.8979
25603	-29.8945
25624.5	-29.891
25646	-29.8876
25667.6	-29.884
25689.1	-29.8805
25710.6	-29.877
25732.2	-29.8734
25753.7	-29.8698
25775.2	-29.8662
25796.8	-29.8626
25818.3	-29.8589
25839.8	-29.8552
25861.4	-29.8515
25882.9	-29.8478
25904.4	-29.8441
25926	-29.8403
25947.5	-29.8365
25969	-29.8327
25990.6	-29.8289
26012.1	-29.825
26033.6	-29.8212
26055.2	-29.8173
26076.7	-29.8133
26098.2	-29.8094
26119.8	-29.8054
26141.3	-29.8014
26162.8	-29.7974
26184.4	-29.7934
26205.9	-29.7894
26227.4	-29.7853
26249	-29.7812
26270.5	-29.7771
26292	-29.7729
26313.6	-29.7688
26335.1	-29.7645
26356.6	-29.7603
26378.2	-29.7561
26399.7	-29.7519
26421.2	-29.7476
26442.8	-29.7433
26464.3	-29.7389
26485.8	-29.7346
26507.4	-29.7302
26528.9	-29.7258
26550.4	-29.7214
26572	-29.717
26593.5	-29.7126
26615	-29.708
26636.6	-29.7035
26658.1	-29.699
26679.6	-29.6944
26701.2	-29.6899
26722.7	-29.6853
26744.2	-29.6807
26765.8	-29.676
26787.3	-29.6714
26808.8	-29.6667
26830.4	-29.662
26851.9	-29.6572
26873.4	-29.6525
26895	-29.6477
26916.5	-29.6429
26938	-29.6381
26959.6	-29.6332
26981.1	-29.6283
27002.6	-29.6235
27024.2	-29.6185
27045.7	-29.6136
27067.2	-29.6086
27088.8	-29.6036
27110.3	-29.5986
27131.8	-29.5936
27153.4	-29.5885
27174.9	-29.5834
27196.4	-29.5783
27218	-29.5732
27239.5	-29.568
27261	-29.5629
27282.6	-29.5577
27304.1	-29.5525
27325.6	-29.5472
27347.2	-29.5419
27368.7	-29.5366
27390.2	-29.5313
27411.8	-29.526
27433.3	-29.5206
27454.8	-29.5152
27476.4	-29.5098
27497.9	-29.5044
27519.4	-29.4989
27541	-29.4934
27562.5	-29.4879
27584	-29.4824
27605.6	-29.4768
27627.1	-29.4712
27648.6	-29.4656
27670.2	-29.46
27691.7	-29.4543
27713.2	-29.4487
27734.8	-29.443
27756.3	-29.4372
27777.8	-29.4315
27799.4	-29.4257
27820.9	-29.4199
27842.4	-29.4141
27864	-29.4083
27885.5	-29.4023
27907	-29.3965
27928.6	-29.3906
27950.1	-29.3846
27971.6	-29.3787
27993.2	-29.3727
28014.7	-29.3666
28036.2	-29.3606
28057.8	-29.3545
28079.3	-29.3484
28100.8	-29.3423
28122.4	-29.3362
28143.9	-29.33
28165.4	-29.3238
28187	-29.3175
28208.5	-29.3114
28230	-29.3051
28251.6	-29.2988
28273.1	-29.2925
28294.6	-29.2861
28316.2	-29.2798
28337.7	-29.2734
28359.2	-29.267
28380.8	-29.2605
28402.3	-29.254
28423.8	-29.2476
28445.4	-29.241
28466.9	-29.2345
28488.4	-29.2279
28510	-29.2213
28531.5	-29.2147
28553	-29.2081
28574.6	-29.2014
28596.1	-29.1947
28617.6	-29.188
28639.2	-29.1812
28660.7	-29.1745
28682.2	-29.1676
28703.8	-29.1609
28725.3	-29.154
28746.8	-29.1471
28768.4	-29.1402
28789.9	-29.1333
28811.4	-29.1263
28833	-29.1193
28854.5	-29.1123
28876	-29.1053
28897.6	-29.0982
28919.1	-29.0912
28940.6	-29.084
28962.2	-29.0769
28983.7	-29.0697
29005.2	-29.0626
29026.8	-29.0553
29048.3	-29.0481
29069.8	-29.0408
29091.4	-29.0336
29112.9	-29.0262
29134.4	-29.0189
29156	-29.0115
29177.5	-29.0041
29199	-28.9966
29220.6	-28.9892
29242.1	-28.9817
29263.6	-28.9742
29285.2	-28.9666
29306.7	-28.9591
29328.2	-28.9515
29349.8	-28.9439
29371.3	-28.9362
29392.8	-28.9286
29414.4	-28.9209
29435.9	-28.9131
29457.4	-28.9054
29479	-28.8976
29500.5	-28.8898
29522	-28.8819
29543.6	-28.8741
29565.1	-28.8662
29586.6	-28.8583
29608.2	-28.8503
29629.7	-28.8424
29651.2	-28.8344
29672.8	-28.8263
29694.3	-28.8182
29715.8	-28.8102
29737.4	-28.8021
29758.9	-28.7939
29780.4	-28.7857
29802	-28.7776
29823.5	-28.7693
29845	-28.7611
29866.6	-28.7528
29888.1	-28.7445
29909.6	-28.7361
29931.2	-28.7278
29952.7	-28.7194
29974.2	-28.7109
29995.8	-28.7025
30017.3	-28.694
30038.8	-28.6855
30060.4	-28.6769
30081.9	-28.6684
30103.4	-28.6597
30125	-28.6512
30146.5	-28.6425
30168	-28.6338
30189.6	-28.6251
30211.1	-28.6163
30232.6	-28.6076
30254.2	-28.5988
30275.7	-28.5899
30297.2	-28.5811
30318.8	-28.5722
30340.3	-28.5632
30361.8	-28.5543
30383.3	-28.5453
30404.9	-28.5363
30426.4	-28.5273
30447.9	-28.5182
30469.5	-28.5091
30491	-28.4999
30512.5	-28.4908
30534.1	-28.4816
30555.6	-28.4724
30577.1	-28.4631
30598.7	-28.4539
30620.2	-28.4445
30641.7	-28.4352
30663.3	-28.4258
30684.8	-28.4164
30706.3	-28.407
30727.9	-28.3975
30749.4	-28.388
30770.9	-28.3785
30792.5	-28.369
30814	-28.3594
30835.5	-28.3497
30857.1	-28.3401
30878.6	-28.3304
30900.1	-28.3207
30921.7	-28.311
30943.2	-28.3012
30964.7	-28.2914
30986.3	-28.2816
31007.8	-28.2716
31029.3	-28.2618
31050.9	-28.2518
31072.4	-28.2419
31093.9	-28.2319
31115.5	-28.2218
31137	-28.2118
31158.5	-28.2017
31180.1	-28.1915
31201.6	-28.1814
31223.1	-28.1712
31244.7	-28.161
31266.2	-28.1507
31287.7	-28.1405
31309.3	-28.1301
31330.8	-28.1198
31352.3	-28.1094
31373.9	-28.099
31395.4	-28.0885
31416.9	-28.078
31438.5	-28.0675
31460	-28.0569
31481.5	-28.0464
31503.1	-28.0358
31524.6	-28.0251
31546.1	-28.0144
31567.7	-28.0037
31589.2	-27.9929
31610.7	-27.9822
31632.3	-27.9713
31653.8	-27.9605
31675.3	-27.9496
31696.9	-27.9387
31718.4	-27.9277
31739.9	-27.9167
31761.5	-27.9057
31783	-27.8946
31804.5	-27.8835
31826.1	-27.8724
31847.6	-27.8612
31869.1	-27.85
31890.7	-27.8388
31912.2	-27.8275
31933.7	-27.8162
31955.3	-27.8049
31976.8	-27.7935
31998.3	-27.7821
32019.9	-27.7707
32041.4	-27.7592
32062.9	-27.7477
32084.5	-27.7361
32106	-27.7245
32127.5	-27.7129
32149.1	-27.7012
32170.6	-27.6895
32192.1	-27.6778
32213.7	-27.666
32235.2	-27.6542
32256.7	-27.6424
32278.3	-27.6305
32299.8	-27.6186
32321.3	-27.6066
32342.9	-27.5946
32364.4	-27.5826
32385.9	-27.5706
32407.5	-27.5584
32429	-27.5463
32450.5	-27.5341
32472.1	-27.5219
32493.6	-27.5097
32515.1	-27.4974
32536.7	-27.4851
32558.2	-27.4727
32579.7	-27.4603
32601.3	-27.4478
32622.8	-27.4354
32644.3	-27.4228
32665.9	-27.4103
32687.4	-27.3977
32708.9	-27.385
32730.5	-27.3724
32752	-27.3597
32773.5	-27.3469
32795.1	-27.3341
32816.6	-27.3213
32838.1	-27.3084
32859.7	-27.2955
32881.2	-27.2826
32902.7	-27.2696
32924.3	-27.2566
32945.8	-27.2435
32967.3	-27.2304
32988.9	-27.2172
33010.4	-27.2041
33031.9	-27.1908
33053.5	-27.1775
33075	-27.1642
33096.5	-27.1509
33118.1	-27.1375
33139.6	-27.124
33161.1	-27.1106
33182.7	-27.097
33204.2	-27.0835
33225.7	-27.0699
33247.3	-27.0563
33268.8	-27.0426
33290.3	-27.0288
33311.9	-27.0151
33333.4	-27.0013
33354.9	-26.9874
33376.5	-26.9735
33398	-26.9595
33419.5	-26.9456
33441.1	-26.9316
33462.6	-26.9175
33484.1	-26.9034
33505.7	-26.8892
33527.2	-26.875
33548.7	-26.8608
33570.3	-26.8465
33591.8	-26.8322
33613.3	-26.8178
33634.9	-26.8034
33656.4	-26.7889
33677.9	-26.7744
33699.5	-26.7599
33721	-26.7452
33742.5	-26.7306
33764.1	-26.7159
33785.6	-26.7012
33807.1	-26.6864
33828.7	-26.6716
33850.2	-26.6567
33871.7	-26.6418
33893.3	-26.6268
33914.8	-26.6118
33936.3	-26.5968
33957.9	-26.5817
33979.4	-26.5665
34000.9	-26.5513
34022.5	-26.5361
34044	-26.5208
34065.5	-26.5055
34087.1	-26.49
34108.6	-26.4747
34130.1	-26.4592
34151.7	-26.4436
34173.2	-26.4281
34194.7	-26.4124
34216.3	-26.3968
34237.8	-26.381
34259.3	-26.3653
34280.9	-26.3495
34302.4	-26.3335
34323.9	-26.3177
34345.5	-26.3017
34367	-26.2857
34388.5	-26.2696
34410.1	-26.2534
34431.6	-26.2373
34453.1	-26.2211
34474.7	-26.2048
34496.2	-26.1885
34517.7	-26.1721
34539.3	-26.1557
34560.8	-26.1392
34582.3	-26.1227
34603.9	-26.1061
34625.4	-26.0894
34646.9	-26.0728
34668.5	-26.056
34690	-26.0393
34711.5	-26.0224
34733.1	-26.0055
34754.6	-25.9885
34776.1	-25.9715
34797.7	-25.9545
34819.2	-25.9374
34840.7	-25.9202
34862.3	-25.903
34883.8	-25.8857
34905.3	-25.8684
34926.9	-25.851
34948.4	-25.8335
34969.9	-25.816
34991.5	-25.7985
35013	-25.7809
35034.5	-25.7632
35056.1	-25.7455
35077.6	-25.7277
35099.1	-25.7099
35120.7	-25.692
35142.2	-25.674
35163.7	-25.656
35185.3	-25.6379
35206.8	-25.6198
35228.3	-25.6016
35249.9	-25.5834
35271.4	-25.5651
35292.9	-25.5467
35314.5	-25.5283
35336	-25.5098
35357.5	-25.4913
35379.1	-25.4727
35400.6	-25.454
35422.1	-25.4353
35443.7	-25.4165
35465.2	-25.3977
35486.7	-25.3788
35508.3	-25.3598
35529.8	-25.3408
35551.3	-25.3217
35572.9	-25.3025
35594.4	-25.2833
35615.9	-25.264
35637.5	-25.2447
35659	-25.2253
35680.5	-25.2058
35702.1	-25.1863
35723.6	-25.1667
35745.1	-25.147
35766.7	-25.1273
35788.2	-25.1075
35809.7	-25.0876
35831.2	-25.0677
35852.8	-25.0477
35874.3	-25.0277
35895.8	-25.0075
35917.4	-24.9873
35938.9	-24.9671
35960.4	-24.9467
35982	-24.9263
36003.5	-24.9059
36025	-24.8853
36046.6	-24.8647
36068.1	-24.8441
36089.6	-24.8233
36111.2	-24.8025
36132.7	-24.7816
36154.2	-24.7607
36175.8	-24.7396
36197.3	-24.7185
36218.8	-24.6974
36240.4	-24.6761
36261.9	-24.6548
36283.4	-24.6334
36305	-24.612
36326.5	-24.5904
36348	-24.5688
36369.6	-24.5471
36391.1	-24.5254
36412.6	-24.5035
36434.2	-24.4816
36455.7	-24.4596
36477.2	-24.4376
36498.8	-24.4154
36520.3	-24.3932
36541.8	-24.3709
36563.4	-24.3486
36584.9	-24.3261
36606.4	-24.3036
36628	-24.281
36649.5	-24.2583
36671	-24.2355
36692.6	-24.2127
36714.1	-24.1897
36735.6	-24.1667
36757.2	-24.1436
36778.7	-24.1205
36800.2	-24.0972
36821.8	-24.0739
36843.3	-24.0504
36864.8	-24.0269
36886.4	-24.0033
36907.9	-23.9797
36929.4	-23.9559
36951	-23.9321
36972.5	-23.9081
36994	-23.8841
37015.6	-23.86
37037.1	-23.8358
37058.6	-23.8115
37080.2	-23.7871
37101.7	-23.7627
37123.2	-23.7381
37144.8	-23.7135
37166.3	-23.6888
37187.8	-23.6639
37209.4	-23.639
37230.9	-23.614
37252.4	-23.5889
37274	-23.5637
37295.5	-23.5384
37317	-23.5131
37338.6	-23.4876
37360.1	-23.462
37381.6	-23.4363
37403.2	-23.4106
37424.7	-23.3847
37446.2	-23.3588
37467.8	-23.3327
37489.3	-23.3065
37510.8	-23.2803
37532.4	-23.2539
37553.9	-23.2275
37575.4	-23.2009
37597	-23.1742
37618.5	-23.1475
37640	-23.1206
37661.6	-23.0936
37683.1	-23.0666
37704.6	-23.0394
37726.2	-23.0121
37747.7	-22.9847
37769.2	-22.9572
37790.8	-22.9296
37812.3	-22.9019
37833.8	-22.874
37855.4	-22.8461
37876.9	-22.818
37898.4	-22.7899
37920	-22.7616
37941.5	-22.7332
37963	-22.7047
37984.6	-22.6761
38006.1	-22.6474
38027.6	-22.6185
38049.2	-22.5896
38070.7	-22.5605
38092.2	-22.5313
38113.8	-22.502
38135.3	-22.4725
38156.8	-22.443
38178.4	-22.4133
38199.9	-22.3835
38221.4	-22.3536
38243	-22.3235
38264.5	-22.2933
38286	-22.2631
38307.6	-22.2326
38329.1	-22.2021
38350.6	-22.1714
38372.2	-22.1406
38393.7	-22.1096
38415.2	-22.0785
38436.8	-22.0473
38458.3	-22.016
38479.8	-21.9845
38501.4	-21.9529
38522.9	-21.9211
38544.4	-21.8893
38566	-21.8572
38587.5	-21.8251
38609	-21.7928
38630.6	-21.7603
38652.1	-21.7277
38673.6	-21.695
38695.2	-21.6622
38716.7	-21.6291
38738.2	-21.596
38759.8	-21.5626
38781.3	-21.5292
38802.8	-21.4956
38824.4	-21.4618
38845.9	-21.4279
38867.4	-21.3938
38889	-21.3596
38910.5	-21.3252
38932	-21.2907
38953.6	-21.256
38975.1	-21.2211
38996.6	-21.1861
39018.2	-21.1509
39039.7	-21.1155
39061.2	-21.08
39082.8	-21.0443
39104.3	-21.0085
39125.8	-20.9725
39147.4	-20.9363
39168.9	-20.8999
39190.4	-20.8634
39212	-20.8267
39233.5	-20.7898
39255	-20.7527
39276.6	-20.7155
39298.1	-20.6781
39319.6	-20.6405
39341.2	-20.6027
39362.7	-20.5647
39384.2	-20.5265
39405.8	-20.4882
39427.3	-20.4496
39448.8	-20.4109
39470.4	-20.3719
39491.9	-20.3328
39513.4	-20.2935
39535	-20.2539
39556.5	-20.2142
39578	-20.1743
39599.6	-20.1341
39621.1	-20.0938
39642.6	-20.0532
39664.2	-20.0124
39685.7	-19.9714
39707.2	-19.9303
39728.8	-19.8888
39750.3	-19.8472
39771.8	-19.8053
39793.4	-19.7633
39814.9	-19.7209
39836.4	-19.6784
39858	-19.6356
39879.5	-19.5926
39901	-19.5494
39922.6	-19.5059
39944.1	-19.4622
39965.6	-19.4183
39987.2	-19.3741
40008.7	-19.3296
40030.2	-19.2849
40051.8	-19.24
40073.3	-19.1948
40094.8	-19.1493
40116.4	-19.1036
40137.9	-19.0576
40159.4	-19.0113
40181	-18.9648
40202.5	-18.918
40224	-18.8709
40245.6	-18.8236
40267.1	-18.776
40288.6	-18.728
40310.2	-18.6798
40331.7	-18.6313
40353.2	-18.5826
40374.8	-18.5335
40396.3	-18.4841
40417.8	-18.4344
40439.4	-18.3844
40460.9	-18.3341
40482.4	-18.2835
40504	-18.2325
40525.5	-18.1813
40547	-18.1297
40568.6	-18.0777
40590.1	-18.0255
40611.6	-17.9729
40633.2	-17.92
40654.7	-17.8667
40676.2	-17.813
40697.8	-17.7591
40719.3	-17.7047
40740.8	-17.65
40762.4	-17.5949
40783.9	-17.5394
40805.4	-17.4836
40827	-17.4274
40848.5	-17.3708
40870	-17.3137
40891.6	-17.2563
40913.1	-17.1985
40934.6	-17.1403
40956.2	-17.0817
40977.7	-17.0226
40999.2	-16.9631
41020.8	-16.9032
41042.3	-16.8429
41063.8	-16.7821
41085.4	-16.7208
41106.9	-16.6591
41128.4	-16.5969
41150	-16.5343
41171.5	-16.4711
41193	-16.4075
41214.6	-16.3434
41236.1	-16.2788
41257.6	-16.2137
41279.2	-16.148
41300.7	-16.0819
41322.2	-16.0152
41343.8	-15.948
41365.3	-15.8802
41386.8	-15.8118
41408.3	-15.7429
41429.9	-15.6734
41451.4	-15.6034
41472.9	-15.5327
41494.5	-15.4615
41516	-15.3896
41537.5	-15.3171
41559.1	-15.2439
41580.6	-15.1701
41602.1	-15.0957
41623.7	-15.0205
41645.2	-14.9447
41666.7	-14.8682
41688.3	-14.791
41709.8	-14.7131
41731.3	-14.6345
41752.9	-14.5551
41774.4	-14.4749
41795.9	-14.3939
41817.5	-14.3122
41839	-14.2297
41860.5	-14.1463
41882.1	-14.0621
41903.6	-13.9771
41925.1	-13.8911
41946.7	-13.8043
41968.2	-13.7166
41989.7	-13.628
42011.3	-13.5384
42032.8	-13.4478
42054.3	-13.3563
42075.9	-13.2637
42097.4	-13.1701
42118.9	-13.0755
42140.5	-12.9798
42162	-12.8829
42183.5	-12.785
42205.1	-12.6859
42226.6	-12.5856
42248.1	-12.4841
42269.7	-12.3814
42291.2	-12.2773
42312.7	-12.172
42334.3	-12.0654
42355.8	-11.9574
42377.3	-11.8479
42398.9	-11.7371
42420.4	-11.6247
42441.9	-11.5109
42463.5	-11.3954
42485	-11.2784
42506.5	-11.1597
42528.1	-11.0393
42549.6	-10.9172
42571.1	-10.7933
42592.7	-10.6675
42614.2	-10.5398
42635.7	-10.4101
42657.3	-10.2784
42678.8	-10.1446
42700.3	-10.0086
42721.9	-9.87041
42743.4	-9.72988
42764.9	-9.58695
42786.5	-9.44155
42808	-9.29359
42829.5	-9.14296
42851.1	-8.98957
42872.6	-8.83331
42894.1	-8.67409
42915.7	-8.51176
42937.2	-8.34623
42958.7	-8.17734
42980.3	-8.00497
43001.8	-7.82895
43023.3	-7.64914
43044.9	-7.46535
43066.4	-7.27742
43087.9	-7.08513
43109.5	-6.88829
43131	-6.68666
43152.5	-6.48
43174.1	-6.26806
43195.6	-6.05054
43217.1	-5.82714
43238.7	-5.59752
43260.2	-5.36133
43281.7	-5.11817
43303.3	-4.86759
43324.8	-4.60914
43346.3	-4.34229
43367.9	-4.06647
43389.4	-3.78104
43410.9	-3.4853
43432.5	-3.17847
43454	-2.85968
43475.5	-2.52796
43497.1	-2.1822
43518.6	-1.82118
43540.1	-1.44351
43561.7	-1.04759
43583.2	-0.631625
43604.7	-0.193542
43626.3	0.269023
43647.8	0.758799
43669.3	1.27892
43690.9	1.83301
43712.4	2.42519
43733.9	3.06015
43755.5	3.74307
43777	4.47936
43798.5	5.27394
43820.1	6.12927
43841.6	7.04022
43863.1	7.97968
43884.7	8.8524
43906.2	9.30984
43927.7	7.59669
43949.3	12.2794
43970.8	40.2343
43992.3	53.9454
44013.9	51.9476
44035.4	30.2053
44056.9	10.3027
44078.5	15.7438

