0	-11.6634
21.5332	-11.9101
43.0664	-11.7483
64.5996	-11.6159
86.1328	-11.4623
107.666	-11.2037
129.199	-10.963
150.732	-10.6699
172.266	-10.3829
193.799	-9.84375
215.332	-9.73136
236.865	-9.22937
258.398	-8.83068
279.932	-8.45633
301.465	-7.90425
322.998	-7.57132
344.531	-7.0972
366.064	-6.64859
387.598	-6.09824
409.131	-5.78716
430.664	-5.20773
452.197	-4.73387
473.73	-4.27527
495.264	-3.59346
516.797	-3.28769
538.33	-2.67385
559.863	-2.13311
581.396	-1.57277
602.93	-1.00099
624.463	-0.401883
645.996	0.210079
667.529	0.828036
689.062	1.66659
710.596	2.07082
732.129	2.96324
753.662	3.71286
775.195	4.46029
796.729	5.57038
818.262	6.20103
839.795	7.24645
861.328	8.20836
882.861	9.28859
904.395	9.47147
925.928	8.53662
947.461	3.88528
968.994	36.0031
990.527	51.6724
1012.06	50.8245
1033.59	32.0399
1055.13	-14.6583
1076.66	10.0034
1098.19	10.3986
1119.73	10.1938
1141.26	9.24241
1162.79	8.40648
1184.33	7.49594
1205.86	6.9866
1227.39	6.08584
1248.93	5.47116
1270.46	4.88551
1291.99	4.16558
1313.53	3.86907
1335.06	3.25007
1356.59	2.79014
1378.12	2.35242
1399.66	1.91426
1421.19	1.53359
1442.72	1.14838
1464.26	0.790993
1485.79	0.383755
1507.32	0.186724
1528.86	-0.224429
1550.39	-0.51221
1571.92	-0.790354
1593.46	-1.15393
1614.99	-1.31165
1636.52	-1.62822
1658.06	-1.87998
1679.59	-2.1335
1701.12	-2.35283
1722.66	-2.60638
1744.19	-2.82716
1765.72	-3.04213
1787.26	-3.32158
1808.79	-3.40433
1830.32	-3.69104
1851.86	-3.87865
1873.39	-4.06115
1894.92	-4.31637
1916.46	-4.42172
1937.99	-4.64115
1959.52	-4.82041
1981.05	-5.01929
2002.59	-5.13509
2024.12	-5.36119
2045.65	-5.51741
2067.19	-5.67535
2088.72	-5.93116
2110.25	-5.93207
2131.79	-6.19095
2153.32	-6.33916
2174.85	-6.48491
2196.39	-6.69994
2217.92	-6.78935
2239.45	-6.97255
2260.99	-7.12611
2282.52	-7.34125
2304.05	-7.34364
2325.59	-7.62721
2347.12	-7.75407
2368.65	-7.88843
2390.19	-8.22235
2411.72	-8.09071
2433.25	-8.41214
2454.79	-8.55995
2476.32	-8.72015
2497.85	-8.90922
2519.38	-9.06661
2540.92	-9.25323
2562.45	-9.42553
2583.98	-9.87524
2605.52	-9.4646
2627.05	-10.1377
2648.58	-10.254
2670.12	-10.3884
2691.65	-11.215
2713.18	-10.5686
2734.72	-11.2865
2756.25	-11.5319
2777.78	-12.1842
2799.32	-10.9501
2820.85	-12.9415
2842.38	-12.5492
2863.92	-12.3067
2885.45	-16.9857
2906.98	-7.96419
2928.52	-14.3853
2950.05	-4.9936
2971.58	20.3437
2993.12	33.1863
3014.65	30.7146
3036.18	7.31311
3057.71	-8.84088
3079.25	-4.5938
3100.78	-4.10131
3122.31	-4.8181
3143.85	-5.4939
3165.38	-5.84968
3186.91	-7.10751
3208.45	-5.74348
3229.98	-7.16977
3251.51	-7.26825
3273.05	-7.41063
3294.58	-8.18168
3316.11	-7.68643
3337.65	-8.19096
3359.18	-8.361
3380.71	-8.60211
3402.25	-8.55778
3423.78	-8.90553
3445.31	-9.00271
3466.85	-9.11395
3488.38	-9.51086
3509.91	-9.15501
3531.45	-9.5651
3552.98	-9.64284
3574.51	-9.72153
3596.04	-9.9708
3617.58	-9.90402
3639.11	-10.0745
3660.64	-10.1692
3682.18	-10.3391
3703.71	-10.2384
3725.24	-10.4936
3746.78	-10.5444
3768.31	-10.6087
3789.84	-10.8731
3811.38	-10.6549
3832.91	-10.9039
3854.44	-10.9661
3875.98	-11.0319
3897.51	-11.1574
3919.04	-11.1808
3940.58	-11.2762
3962.11	-11.3458
3983.64	-11.5167
4005.18	-11.3548
4026.71	-11.6073
4048.24	-11.6394
4069.78	-11.6819
4091.31	-11.929
4112.84	-11.7186
4134.38	-11.9283
4155.91	-11.9826
4177.44	-12.0542
4198.97	-12.0955
4220.51	-12.1883
4242.04	-12.2452
4263.57	-12.2988
4285.11	-12.5376
4306.64	-12.2187
4328.17	-12.5547
4349.71	-12.5664
4371.24	-12.5853
4392.77	-12.8969
4414.31	-12.5995
4435.84	-12.8327
4457.37	-12.8838
4478.91	-13.0124
4500.44	-12.8503
4521.97	-13.1395
4543.51	-13.138
4565.04	-13.1612
4586.57	-13.7409
4608.11	-12.7887
4629.64	-13.5159
4651.17	-13.4721
4672.71	-13.4254
4694.24	-14.0105
4715.77	-13.3734
4737.3	-13.7763
4758.84	-13.8226
4780.37	-14.6775
4801.9	-12.3993
4823.44	-14.6568
4844.97	-14.076
4866.5	-13.458
4888.04	-20.9119
4909.57	-9.22802
4931.1	-15.3995
4952.64	-11.5377
4974.17	14.1219
4995.7	24.7581
5017.24	20.5138
5038.77	-7.71451
5060.3	-13.3249
5081.84	-13.2618
5103.37	-6.9313
5124.9	-13.7425
5146.44	-12.889
5167.97	-12.7174
5189.5	-15.6631
5211.04	-11.3732
5232.57	-13.7233
5254.1	-13.5379
5275.63	-13.4993
5297.17	-13.9506
5318.7	-13.6005
5340.23	-13.8761
5361.77	-13.9295
5383.3	-14.3784
5404.83	-13.5189
5426.37	-14.3084
5447.9	-14.2098
5469.43	-14.1936
5490.97	-14.7412
5512.5	-14.0186
5534.03	-14.4697
5555.57	-14.4828
5577.1	-14.536
5598.63	-14.5502
5620.17	-14.6365
5641.7	-14.6749
5663.23	-14.7074
5684.77	-14.9835
5706.3	-14.514
5727.83	-14.9287
5749.37	-14.8998
5770.9	-14.8984
5792.43	-15.1879
5813.96	-14.8632
5835.5	-15.0794
5857.03	-15.1064
5878.56	-15.1839
5900.1	-15.0901
5921.63	-15.2633
5943.16	-15.2625
5964.7	-15.2831
5986.23	-15.5473
6007.76	-15.1215
6029.3	-15.4673
6050.83	-15.4517
6072.36	-15.4508
6093.9	-15.6695
6115.43	-15.4543
6136.96	-15.6022
6158.5	-15.6301
6180.03	-15.7519
6201.56	-15.5209
6223.1	-15.803
6244.63	-15.7695
6266.16	-15.7717
6287.7	-16.1288
6309.23	-15.5546
6330.76	-15.9608
6352.29	-15.9395
6373.83	-15.9332
6395.36	-16.1239
6416.89	-15.9522
6438.43	-16.0729
6459.96	-16.0951
6481.49	-16.3769
6503.03	-15.7252
6524.56	-16.344
6546.09	-16.2262
6567.63	-16.1662
6589.16	-16.9639
6610.69	-15.6771
6632.23	-16.4432
6653.76	-16.3823
6675.29	-16.3812
6696.83	-16.3576
6718.36	-16.4135
6739.89	-16.4888
6761.43	-16.4434
6782.96	-18.273
6804.49	-14.2105
6826.03	-17.3487
6847.56	-16.5317
6869.09	-15.4648
6890.62	-19.5967
6912.16	-11.5471
6933.69	-17.4046
6955.22	-16.9652
6976.76	10.4209
6998.29	19.2035
7019.82	12.9817
7041.36	-15.5677
7062.89	-16.2208
7084.42	-20.0504
7105.96	-7.08105
7127.49	-22.5109
7149.02	-17.2027
7170.56	-16.4919
7192.09	-19.5505
7213.62	-14.9179
7235.16	-17.3091
7256.69	-17.1424
7278.22	-17.4036
7299.76	-16.3836
7321.29	-17.4834
7342.82	-17.2458
7364.36	-17.2118
7385.89	-18.139
7407.42	-16.3658
7428.96	-17.5842
7450.49	-17.3967
7472.02	-17.3326
7493.55	-17.7786
7515.09	-17.2089
7536.62	-17.516
7558.15	-17.5243
7579.69	-17.713
7601.22	-17.2283
7622.75	-17.7385
7644.29	-17.6313
7665.82	-17.6186
7687.35	-18.0555
7708.89	-17.2978
7730.42	-17.8112
7751.95	-17.7632
7773.49	-17.7562
7795.02	-17.9081
7816.55	-17.7658
7838.09	-17.8662
7859.62	-17.8846
7881.15	-18.0764
7902.69	-17.637
7924.22	-18.0683
7945.75	-17.9898
7967.29	-17.9759
7988.82	-18.331
8010.35	-17.7699
8031.88	-18.1338
8053.42	-18.1161
8074.95	-18.136
8096.48	-18.1599
8118.02	-18.1834
8139.55	-18.2141
8161.08	-18.23
8182.62	-18.4966
8204.15	-17.9129
8225.68	-18.4288
8247.22	-18.3401
8268.75	-18.3103
8290.28	-18.7242
8311.82	-18.108
8333.35	-18.478
8354.88	-18.4685
8376.42	-18.5377
8397.95	-18.3627
8419.48	-18.6097
8441.02	-18.5681
8462.55	-18.5677
8484.08	-19.1331
8505.62	-17.9428
8527.15	-18.869
8548.68	-18.7064
8570.21	-18.6124
8591.75	-19.3626
8613.28	-18.2683
8634.81	-18.8733
8656.35	-18.8593
8677.88	-19.208
8699.41	-17.9851
8720.95	-19.3122
8742.48	-18.9766
8764.01	-18.8116
8785.55	-22.2515
8807.08	-16.1191
8828.61	-19.9554
8850.15	-19.1572
8871.68	-17.8895
8893.21	-16.9474
8914.75	-14.6724
8936.28	-19.4463
8957.81	-18.1483
8979.35	7.84164
9000.88	14.9617
9022.41	6.49337
9043.95	-19.6392
9065.48	-17.0401
9087.01	-15.5269
9108.54	-7.23462
9130.08	-24.462
9151.61	-19.0074
9173.14	-18.4739
9194.68	-18.0841
9216.21	-17.7318
9237.74	-18.9249
9259.28	-18.9203
9280.81	-20.0387
9302.34	-17.1588
9323.88	-19.7685
9345.41	-19.099
9366.94	-18.9993
9388.48	-20.1741
9410.01	-18.1802
9431.54	-19.3768
9453.08	-19.2483
9474.61	-19.281
9496.14	-19.1744
9517.68	-19.3418
9539.21	-19.3443
9560.74	-19.3578
9582.28	-19.7987
9603.81	-18.7704
9625.34	-19.6554
9646.88	-19.4737
9668.41	-19.4362
9689.94	-19.8905
9711.47	-19.1869
9733.01	-19.6095
9754.54	-19.5902
9776.07	-19.6635
9797.61	-19.4589
9819.14	-19.7369
9840.67	-19.6764
9862.21	-19.6847
9883.74	-20.0374
9905.27	-19.2895
9926.81	-19.8948
9948.34	-19.7939
9969.87	-19.7702
9991.41	-20.0646
10012.9	-19.6572
10034.5	-19.9022
10056	-19.9065
10077.5	-20.0282
10099.1	-19.6865
10120.6	-20.0933
10142.1	-19.9955
10163.7	-19.9938
10185.2	-20.4149
10206.7	-19.5875
10228.3	-20.2059
10249.8	-20.1194
10271.3	-20.0992
10292.9	-20.3382
10314.4	-20.0416
10335.9	-20.2297
10357.5	-20.2449
10379	-20.5059
10400.5	-19.7789
10422.1	-20.5444
10443.6	-20.3558
10465.1	-20.323
10486.7	-21.1058
10508.2	-19.6704
10529.7	-20.6421
10551.3	-20.5238
10572.8	-20.5132
10594.3	-20.6309
10615.9	-20.4993
10637.4	-20.6847
10658.9	-20.7101
10680.5	-21.7818
10702	-19.0344
10723.5	-21.6076
10745.1	-20.9408
10766.6	-20.6479
10788.1	-24.3857
10809.7	-18.1816
10831.2	-21.8628
10852.7	-21.4563
10874.3	-20.9559
10895.8	-15.151
10917.3	-18.9005
10938.9	-20.9566
10960.4	-16.0316
10981.9	5.89712
11003.5	11.407
11025	0.376936
11046.5	-22.5308
11068.1	-16.9585
11089.6	-10.9297
11111.1	-7.72793
11132.7	-21.6196
11154.2	-19.7338
11175.7	-20.1991
11197.3	-16.4934
11218.8	-20.4147
11240.3	-19.8249
11261.9	-19.8466
11283.4	-21.9256
11304.9	-17.6892
11326.5	-20.8919
11348	-20.1749
11369.5	-20.0706
11391.1	-20.86
11412.6	-19.6235
11434.1	-20.3795
11455.7	-20.3545
11477.2	-20.6257
11498.7	-19.7462
11520.3	-20.7514
11541.8	-20.4716
11563.3	-20.4663
11584.9	-21.1128
11606.4	-19.8076
11627.9	-20.7741
11649.5	-20.6175
11671	-20.5991
11692.5	-20.8085
11714.1	-20.5401
11735.6	-20.7198
11757.1	-20.7327
11778.7	-20.9574
11800.2	-20.3182
11821.7	-20.9983
11843.3	-20.8224
11864.8	-20.8112
11886.3	-21.2478
11907.9	-20.4307
11929.4	-21.0049
11950.9	-20.9355
11972.5	-20.9476
11994	-20.9733
12015.5	-20.9779
12037.1	-21.0182
12058.6	-21.036
12080.1	-21.3099
12101.7	-20.5923
12123.2	-21.2932
12144.7	-21.1269
12166.3	-21.1052
12187.8	-21.544
12209.3	-20.7813
12230.9	-21.2858
12252.4	-21.2429
12273.9	-21.2994
12295.5	-21.1214
12317	-21.39
12338.5	-21.3312
12360.1	-21.3483
12381.6	-21.8398
12403.1	-20.6488
12424.7	-21.7063
12446.2	-21.4719
12467.7	-21.4204
12489.3	-22.0619
12510.8	-21.0048
12532.3	-21.6725
12553.9	-21.6406
12575.4	-21.8806
12596.9	-20.9652
12618.5	-22.1072
12640	-21.7857
12661.5	-21.7784
12683.1	-23.5604
12704.6	-19.8079
12726.1	-22.749
12747.7	-22.1009
12769.2	-21.8537
12790.7	-22.9165
12812.3	-20.4037
12833.8	-22.6841
12855.3	-22.7279
12876.9	-25.4711
12898.4	-14.2211
12919.9	-25.0816
12941.5	-21.7028
12963	-14.2922
12984.5	4.37081
13006.1	8.20653
13027.6	-5.66259
13049.1	-23.1033
13070.7	-16.933
13092.2	-7.77751
13113.7	-8.57478
13135.3	-20.5154
13156.8	-20.3996
13178.3	-22.791
13199.9	-15.6746
13221.4	-23.095
13242.9	-20.7005
13264.5	-20.6047
13286	-23.1182
13307.5	-18.5268
13329.1	-21.5236
13350.6	-21.0202
13372.1	-21.0231
13393.7	-20.9098
13415.2	-21.0238
13436.7	-21.1501
13458.3	-21.1799
13479.8	-21.7726
13501.3	-20.1695
13522.9	-21.7238
13544.4	-21.3085
13565.9	-21.2716
13587.5	-21.9172
13609	-20.7524
13630.5	-21.5181
13652.1	-21.4348
13673.6	-21.4973
13695.1	-21.2597
13716.7	-21.5996
13738.2	-21.5079
13759.7	-21.5256
13781.2	-21.9146
13802.8	-20.9421
13824.3	-21.8168
13845.8	-21.6148
13867.4	-21.5897
13888.9	-21.9393
13910.4	-21.3573
13932	-21.7286
13953.5	-21.7061
13975	-21.8069
13996.6	-21.4437
14018.1	-21.9123
14039.6	-21.7663
14061.2	-21.7741
14082.7	-22.1744
14104.2	-21.2479
14125.8	-22.0169
14147.3	-21.861
14168.8	-21.8393
14190.4	-22.086
14211.9	-21.7063
14233.4	-21.9495
14255	-21.9487
14276.5	-22.1431
14298	-21.4777
14319.6	-22.2539
14341.1	-22.0127
14362.6	-22.004
14384.2	-22.6162
14405.7	-21.3052
14427.2	-22.3012
14448.8	-22.1226
14470.3	-22.1094
14491.8	-22.2282
14513.4	-22.0407
14534.9	-22.2183
14556.4	-22.2383
14578	-22.8345
14599.5	-20.9837
14621	-22.9521
14642.6	-22.3425
14664.1	-22.2595
14685.6	-23.9985
14707.2	-20.5954
14728.7	-22.9405
14750.2	-22.5773
14771.8	-22.7124
14793.3	-20.9282
14814.8	-22.6424
14836.4	-22.7709
14857.9	-22.8543
14879.4	-34.8362
14901	-14.0059
14922.5	-32.4837
14944	-22.047
14965.6	-13.3415
14987.1	3.13553
15008.6	5.14711
15030.2	-11.4521
15051.7	-22.9009
15073.2	-16.8613
15094.8	-5.43131
15116.3	-9.72459
15137.8	-20.6931
15159.4	-21.2313
15180.9	-27.3965
15202.4	-15.5087
15224	-25.1887
15245.5	-21.6885
15267	-21.4524
15288.6	-23.2345
15310.1	-19.8407
15331.6	-22.0731
15353.2	-21.8454
15374.7	-22.1285
15396.2	-20.8204
15417.8	-22.4217
15439.3	-21.9123
15460.8	-21.9281
15482.4	-22.8199
15503.9	-20.7428
15525.4	-22.4442
15547	-22.0511
15568.5	-22.0076
15590	-22.3613
15611.6	-21.7638
15633.1	-22.1469
15654.6	-22.131
15676.2	-22.3415
15697.7	-21.579
15719.2	-22.4704
15740.8	-22.1783
15762.3	-22.1745
15783.8	-22.6605
15805.4	-21.5851
15826.9	-22.4132
15848.4	-22.2559
15870	-22.2478
15891.5	-22.3243
15913	-22.2128
15934.6	-22.3039
15956.1	-22.312
15977.6	-22.5413
15999.2	-21.7962
16020.7	-22.5993
16042.2	-22.3526
16063.8	-22.3373
16085.3	-22.7579
16106.8	-21.8873
16128.4	-22.5123
16149.9	-22.4133
16171.4	-22.435
16193	-22.3213
16214.5	-22.4902
16236	-22.4448
16257.6	-22.459
16279.1	-22.8135
16300.6	-21.7644
16322.2	-22.8002
16343.7	-22.5016
16365.2	-22.4658
16386.8	-22.9816
16408.3	-21.9708
16429.8	-22.6491
16451.4	-22.5624
16472.9	-22.6699
16494.4	-22.1006
16516	-22.8533
16537.5	-22.5821
16559	-22.5955
16580.6	-23.5042
16602.1	-21.1299
16623.6	-23.2558
16645.2	-22.6624
16666.7	-22.5517
16688.2	-23.4297
16709.8	-21.5732
16731.3	-22.8707
16752.8	-22.7715
16774.4	-23.6353
16795.9	-19.6681
16817.4	-24.4943
16839	-22.7181
16860.5	-22.5418
16882	-33.6324
16903.6	-14.4362
16925.1	-28.3307
16946.6	-22.4984
16968.2	-13.0029
16989.7	2.08815
17011.2	2.07155
17032.8	-16.0168
17054.3	-23.0239
17075.8	-15.5664
17097.4	-3.59482
17118.9	-11.0468
17140.4	-21.7235
17162	-22.0715
17183.5	-31.7373
17205	-15.9106
17226.6	-25.5843
17248.1	-22.6284
17269.6	-22.4275
17291.2	-22.3034
17312.7	-21.665
17334.2	-22.619
17355.8	-22.6059
17377.3	-23.3795
17398.8	-20.8053
17420.4	-23.59
17441.9	-22.6362
17463.4	-22.5965
17485	-23.5569
17506.5	-21.5293
17528	-22.9673
17549.6	-22.7064
17571.1	-22.7277
17592.6	-22.51
17614.2	-22.7916
17635.7	-22.7161
17657.2	-22.7331
17678.8	-23.1324
17700.3	-21.9149
17721.8	-23.1291
17743.4	-22.763
17764.9	-22.7339
17786.4	-23.1562
17808	-22.3058
17829.5	-22.8818
17851	-22.8005
17872.6	-22.8617
17894.1	-22.5302
17915.6	-22.9809
17937.2	-22.8062
17958.7	-22.8181
17980.2	-23.1741
18001.8	-22.1786
18023.3	-23.0945
18044.8	-22.8469
18066.4	-22.8195
18087.9	-23.0939
18109.4	-22.5703
18131	-22.9092
18152.5	-22.8741
18174	-22.9932
18195.6	-22.4466
18217.1	-23.1407
18238.6	-22.8747
18260.2	-22.8774
18281.7	-23.3442
18303.2	-22.1468
18324.8	-23.1586
18346.3	-22.9104
18367.8	-22.881
18389.4	-23.0618
18410.9	-22.7025
18432.4	-22.9432
18454	-22.9308
18475.5	-23.2366
18497	-22.0095
18518.6	-23.4538
18540.1	-22.9173
18561.6	-22.8905
18583.2	-23.8839
18604.7	-21.5699
18626.2	-23.3485
18647.8	-22.9486
18669.3	-22.9355
18690.8	-22.5767
18712.4	-22.771
18733.9	-22.9212
18755.4	-22.9533
18777	-24.8019
18798.5	-19.1441
18820	-25.4106
18841.6	-22.8222
18863.1	-22.3954
18884.6	-25.1167
18906.2	-15.5299
18927.7	-24.9946
18949.2	-23.2671
18970.8	-13.0587
18992.3	1.13012
19013.8	-1.14969
19035.4	-18.7517
19056.9	-23.0722
19078.4	-12.3633
19100	-2.11365
19121.5	-12.2708
19143	-23.1625
19164.6	-22.6713
19186.1	-25.2065
19207.6	-16.8782
19229.2	-24.587
19250.7	-23.2276
19272.2	-23.4767
19293.8	-21.0062
19315.3	-23.8321
19336.8	-23.0488
19358.3	-23.1204
19379.9	-24.4445
19401.4	-20.9452
19422.9	-24.1553
19444.5	-23.159
19466	-23.0871
19487.5	-23.6562
19509.1	-22.4517
19530.6	-23.2643
19552.1	-23.1686
19573.7	-23.3547
19595.2	-22.4308
19616.7	-23.6084
19638.3	-23.1436
19659.8	-23.1546
19681.3	-23.691
19702.9	-22.2884
19724.4	-23.489
19745.9	-23.1823
19767.5	-23.1574
19789	-23.297
19810.5	-23.012
19832.1	-23.2032
19853.6	-23.1907
19875.1	-23.3736
19896.7	-22.6141
19918.2	-23.5227
19939.7	-23.1822
19961.3	-23.1782
19982.8	-23.579
20004.3	-22.5972
20025.9	-23.3786
20047.4	-23.2058
20068.9	-23.2037
20090.5	-23.1598
20112	-23.2046
20133.5	-23.203
20155.1	-23.2111
20176.6	-23.4635
20198.1	-22.5413
20219.7	-23.5631
20241.2	-23.2056
20262.7	-23.1873
20284.3	-23.6224
20305.8	-22.6241
20327.3	-23.3627
20348.9	-23.2221
20370.4	-23.2609
20391.9	-22.9327
20413.5	-23.3895
20435	-23.1968
20456.5	-23.2178
20478.1	-23.7414
20499.6	-22.0638
20521.1	-23.7774
20542.7	-23.2085
20564.2	-23.1533
20585.7	-23.8406
20607.3	-22.2898
20628.8	-23.3855
20650.3	-23.219
20671.9	-23.4755
20693.4	-21.8233
20714.9	-23.9941
20736.5	-23.1127
20758	-23.1489
20779.5	-25.8281
20801.1	-19.2517
20822.6	-25.2717
20844.1	-23.0908
20865.7	-22.6682
20887.2	-21.0197
20908.7	-17.4091
20930.3	-23.5859
20951.8	-24.0948
20973.3	-13.2061
20994.9	0.167286
21016.4	-4.62733
21037.9	-20.6545
21059.5	-22.2549
21081	-8.42181
21102.5	-0.887084
21124.1	-13.036
21145.6	-24.1984
21167.1	-23.0381
21188.7	-20.384
21210.2	-18.4997
21231.7	-23.4304
21253.3	-23.3273
21274.8	-24.4935
21296.3	-19.907
21317.9	-25.6007
21339.4	-23.2266
21360.9	-23.2591
21382.5	-24.7211
21404	-21.2773
21425.5	-24.0081
21447.1	-23.3431
21468.6	-23.3343
21490.1	-23.1087
21511.7	-23.3107
21533.2	-23.3109
21554.7	-23.3329
21576.3	-23.7432
21597.8	-22.2378
21619.3	-23.9413
21640.9	-23.3184
21662.4	-23.305
21683.9	-23.789
21705.5	-22.6521
21727	-23.5088
21748.5	-23.3402
21770.1	-23.3747
21791.6	-23.0719
21813.1	-23.5092
21834.7	-23.3129
21856.2	-23.3349
21877.7	-23.6449
21899.3	-22.6071
21920.8	-23.6877
21942.3	-23.3319
21963.9	-23.3135
21985.4	-23.5952
22006.9	-22.9652
22028.5	-23.4127
22050	-23.3405
22071.5	-23.4127
22093.1	-22.9652
22114.6	-23.5952
22136.1	-23.3135
22157.7	-23.3319
22179.2	-23.6877
22200.7	-22.6071
22222.3	-23.6449
22243.8	-23.3349
22265.3	-23.3129
22286.9	-23.5092
22308.4	-23.0719
22329.9	-23.3747
22351.5	-23.3402
22373	-23.5088
22394.5	-22.6521
22416.1	-23.789
22437.6	-23.305
22459.1	-23.3184
22480.7	-23.9413
22502.2	-22.2378
22523.7	-23.7432
22545.3	-23.3329
22566.8	-23.3109
22588.3	-23.3107
22609.9	-23.1087
22631.4	-23.3343
22652.9	-23.3431
22674.5	-24.0081
22696	-21.2773
22717.5	-24.7211
22739.1	-23.2591
22760.6	-23.2266
22782.1	-25.6007
22803.7	-19.907
22825.2	-24.4935
22846.7	-23.3273
22868.3	-23.4304
22889.8	-18.4997
22911.3	-20.384
22932.9	-23.0381
22954.4	-24.1984
22975.9	-13.036
22997.5	-0.887084
23019	-8.42181
23040.5	-22.2549
23062.1	-20.6545
23083.6	-4.62733
23105.1	0.167286
23126.7	-13.2061
23148.2	-24.0948
23169.7	-23.5859
23191.3	-17.4091
23212.8	-21.0197
23234.3	-22.6682
23255.9	-23.0908
23277.4	-25.2717
23298.9	-19.2517
23320.5	-25.8281
23342	-23.1489
23363.5	-23.1127
23385.1	-23.9941
23406.6	-21.8233
23428.1	-23.4755
23449.7	-23.219
23471.2	-23.3855
23492.7	-22.2898
23514.3	-23.8406
23535.8	-23.1533
23557.3	-23.2085
23578.9	-23.7774
23600.4	-22.0638
23621.9	-23.7414
23643.5	-23.2178
23665	-23.1968
23686.5	-23.3895
23708.1	-22.9327
23729.6	-23.2609
23751.1	-23.2221
23772.7	-23.3627
23794.2	-22.6241
23815.7	-23.6224
23837.3	-23.1873
23858.8	-23.2056
23880.3	-23.5631
23901.9	-22.5413
23923.4	-23.4635
23944.9	-23.2111
23966.5	-23.203
23988	-23.2046
24009.5	-23.1598
24031.1	-23.2037
24052.6	-23.2058
24074.1	-23.3786
24095.7	-22.5972
24117.2	-23.579
24138.7	-23.1782
24160.3	-23.1822
24181.8	-23.5227
24203.3	-22.6141
24224.9	-23.3736
24246.4	-23.1907
24267.9	-23.2032
24289.5	-23.012
24311	-23.297
24332.5	-23.1574
24354.1	-23.1823
24375.6	-23.489
24397.1	-22.2884
24418.7	-23.691
24440.2	-23.1546
24461.7	-23.1436
24483.3	-23.6084
24504.8	-22.4308
24526.3	-23.3547
24547.9	-23.1686
24569.4	-23.2643
24590.9	-22.4517
24612.5	-23.6562
24634	-23.0871
24655.5	-23.159
24677.1	-24.1553
24698.6	-20.9452
24720.1	-24.4445
24741.7	-23.1204
24763.2	-23.0488
24784.7	-23.8321
24806.2	-21.0062
24827.8	-23.4767
24849.3	-23.2276
24870.8	-24.587
24892.4	-16.8782
24913.9	-25.2065
24935.4	-22.6713
24957	-23.1625
24978.5	-12.2708
25000	-2.11365
25021.6	-12.3633
25043.1	-23.0722
25064.6	-18.7517
25086.2	-1.14969
25107.7	1.13012
25129.2	-13.0587
25150.8	-23.2671
25172.3	-24.9946
25193.8	-15.5299
25215.4	-25.1167
25236.9	-22.3954
25258.4	-22.8222
25280	-25.4106
25301.5	-19.1441
25323	-24.8019
25344.6	-22.9533
25366.1	-22.9212
25387.6	-22.771
25409.2	-22.5767
25430.7	-22.9355
25452.2	-22.9486
25473.8	-23.3485
25495.3	-21.5699
25516.8	-23.8839
25538.4	-22.8905
25559.9	-22.9173
25581.4	-23.4538
25603	-22.0095
25624.5	-23.2366
25646	-22.9308
25667.6	-22.9432
25689.1	-22.7025
25710.6	-23.0618
25732.2	-22.881
25753.7	-22.9104
25775.2	-23.1586
25796.8	-22.1468
25818.3	-23.3442
25839.8	-22.8774
25861.4	-22.8747
25882.9	-23.1407
25904.4	-22.4466
25926	-22.9932
25947.5	-22.8741
25969	-22.9092
25990.6	-22.5703
26012.1	-23.0939
26033.6	-22.8195
26055.2	-22.8469
26076.7	-23.0945
26098.2	-22.1786
26119.8	-23.1741
26141.3	-22.8181
26162.8	-22.8062
26184.4	-22.9809
26205.9	-22.5302
26227.4	-22.8617
26249	-22.8005
26270.5	-22.8818
26292	-22.3058
26313.6	-23.1562
26335.1	-22.7339
26356.6	-22.763
26378.2	-23.1291
26399.7	-21.9149
26421.2	-23.1324
26442.8	-22.7331
26464.3	-22.7161
26485.8	-22.7916
26507.4	-22.51
26528.9	-22.7277
26550.4	-22.7064
26572	-22.9673
26593.5	-21.5293
26615	-23.5569
26636.6	-22.5965
26658.1	-22.6362
26679.6	-23.59
26701.2	-20.8053
26722.7	-23.3795
26744.2	-22.6059
26765.8	-22.619
26787.3	-21.665
26808.8	-22.3034
26830.4	-22.4275
26851.9	-22.6284
26873.4	-25.5843
26895	-15.9106
26916.5	-31.7373
26938	-22.0715
26959.6	-21.7235
26981.1	-11.0468
27002.6	-3.59482
27024.2	-15.5664
27045.7	-23.0239
27067.2	-16.0168
27088.8	2.07155
27110.3	2.08815
27131.8	-13.0029
27153.4	-22.4984
27174.9	-28.3307
27196.4	-14.4362
27218	-33.6324
27239.5	-22.5418
27261	-22.7181
27282.6	-24.4943
27304.1	-19.6681
27325.6	-23.6353
27347.2	-22.7715
27368.7	-22.8707
27390.2	-21.5732
27411.8	-23.4297
27433.3	-22.5517
27454.8	-22.6624
27476.4	-23.2558
27497.9	-21.1299
27519.4	-23.5042
27541	-22.5955
27562.5	-22.5821
27584	-22.8533
27605.6	-22.1006
27627.1	-22.6699
27648.6	-22.5624
27670.2	-22.6491
27691.7	-21.9708
27713.2	-22.9816
27734.8	-22.4658
27756.3	-22.5016
27777.8	-22.8002
27799.4	-21.7644
27820.9	-22.8135
27842.4	-22.459
27864	-22.4448
27885.5	-22.4902
27907	-22.3213
27928.6	-22.435
27950.1	-22.4133
27971.6	-22.5123
27993.2	-21.8873
28014.7	-22.7579
28036.2	-22.3373
28057.8	-22.3526
28079.3	-22.5993
28100.8	-21.7962
28122.4	-22.5413
28143.9	-22.312
28165.4	-22.3039
28187	-22.2128
28208.5	-22.3243
28230	-22.2478
28251.6	-22.2559
28273.1	-22.4132
28294.6	-21.5851
28316.2	-22.6605
28337.7	-22.1745
28359.2	-22.1783
28380.8	-22.4704
28402.3	-21.579
28423.8	-22.3415
28445.4	-22.131
28466.9	-22.1469
28488.4	-21.7638
28510	-22.3613
28531.5	-22.0076
28553	-22.0511
28574.6	-22.4442
28596.1	-20.7428
28617.6	-22.8199
28639.2	-21.9281
28660.7	-21.9123
28682.2	-22.4217
28703.8	-20.8204
28725.3	-22.1285
28746.8	-21.8454
28768.4	-22.0731
28789.9	-19.8407
28811.4	-23.2345
28833	-21.4524
28854.5	-21.6885
28876	-25.1887
28897.6	-15.5087
28919.1	-27.3965
28940.6	-21.2313
28962.2	-20.6931
28983.7	-9.72459
29005.2	-5.43131
29026.8	-16.8613
29048.3	-22.9009
29069.8	-11.4521
29091.4	5.14711
29112.9	3.13553
29134.4	-13.3415
29156	-22.047
29177.5	-32.4837
29199	-14.0059
29220.6	-34.8362
29242.1	-22.8543
29263.6	-22.7709
29285.2	-22.6424
29306.7	-20.9282
29328.2	-22.7124
29349.8	-22.5773
29371.3	-22.9405
29392.8	-20.5954
29414.4	-23.9985
29435.9	-22.2595
29457.4	-22.3425
29479	-22.9521
29500.5	-20.9837
29522	-22.8345
29543.6	-22.2383
29565.1	-22.2183
29586.6	-22.0407
29608.2	-22.2282
29629.7	-22.1094
29651.2	-22.1226
29672.8	-22.3012
29694.3	-21.3052
29715.8	-22.6162
29737.4	-22.004
29758.9	-22.0127
29780.4	-22.2539
29802	-21.4777
29823.5	-22.1431
29845	-21.9487
29866.6	-21.9495
29888.1	-21.7063
29909.6	-22.086
29931.2	-21.8393
29952.7	-21.861
29974.2	-22.0169
29995.8	-21.2479
30017.3	-22.1744
30038.8	-21.7741
30060.4	-21.7663
30081.9	-21.9123
30103.4	-21.4437
30125	-21.8069
30146.5	-21.7061
30168	-21.7286
30189.6	-21.3573
30211.1	-21.9393
30232.6	-21.5897
30254.2	-21.6148
30275.7	-21.8168
30297.2	-20.9421
30318.8	-21.9146
30340.3	-21.5256
30361.8	-21.5079
30383.3	-21.5996
30404.9	-21.2597
30426.4	-21.4973
30447.9	-21.4348
30469.5	-21.5181
30491	-20.7524
30512.5	-21.9172
30534.1	-21.2716
30555.6	-21.3085
30577.1	-21.7238
30598.7	-20.1695
30620.2	-21.7726
30641.7	-21.1799
30663.3	-21.1501
30684.8	-21.0238
30706.3	-20.9098
30727.9	-21.0231
30749.4	-21.0202
30770.9	-21.5236
30792.5	-18.5268
30814	-23.1182
30835.5	-20.6047
30857.1	-20.7005
30878.6	-23.095
30900.1	-15.6746
30921.7	-22.791
30943.2	-20.3996
30964.7	-20.5154
30986.3	-8.57478
31007.8	-7.77751
31029.3	-16.933
31050.9	-23.1033
31072.4	-5.66259
31093.9	8.20653
31115.5	4.37081
31137	-14.2922
31158.5	-21.7028
31180.1	-25.0816
31201.6	-14.2211
31223.1	-25.4711
31244.7	-22.7279
31266.2	-22.6841
31287.7	-20.4037
31309.3	-22.9165
31330.8	-21.8537
31352.3	-22.1009
31373.9	-22.749
31395.4	-19.8079
31416.9	-23.5604
31438.5	-21.7784
31460	-21.7857
31481.5	-22.1072
31503.1	-20.9652
31524.6	-21.8806
31546.1	-21.6406
31567.7	-21.6725
31589.2	-21.0048
31610.7	-22.0619
31632.3	-21.4204
31653.8	-21.4719
31675.3	-21.7063
31696.9	-20.6488
31718.4	-21.8398
31739.9	-21.3483
31761.5	-21.3312
31783	-21.39
31804.5	-21.1214
31826.1	-21.2994
31847.6	-21.2429
31869.1	-21.2858
31890.7	-20.7813
31912.2	-21.544
31933.7	-21.1052
31955.3	-21.1269
31976.8	-21.2932
31998.3	-20.5923
32019.9	-21.3099
32041.4	-21.036
32062.9	-21.0182
32084.5	-20.9779
32106	-20.9733
32127.5	-20.9476
32149.1	-20.9355
32170.6	-21.0049
32192.1	-20.4307
32213.7	-21.2478
32235.2	-20.8112
32256.7	-20.8224
32278.3	-20.9983
32299.8	-20.3182
32321.3	-20.9574
32342.9	-20.7327
32364.4	-20.7198
32385.9	-20.5401
32407.5	-20.8085
32429	-20.5991
32450.5	-20.6175
32472.1	-20.7741
32493.6	-19.8076
32515.1	-21.1128
32536.7	-20.4663
32558.2	-20.4716
32579.7	-20.7514
32601.3	-19.7462
32622.8	-20.6257
32644.3	-20.3545
32665.9	-20.3795
32687.4	-19.6235
32708.9	-20.86
32730.5	-20.0706
32752	-20.1749
32773.5	-20.8919
32795.1	-17.6892
32816.6	-21.9256
32838.1	-19.8466
32859.7	-19.8249
32881.2	-20.4147
32902.7	-16.4934
32924.3	-20.1991
32945.8	-19.7338
32967.3	-21.6196
32988.9	-7.72793
33010.4	-10.9297
33031.9	-16.9585
33053.5	-22.5308
33075	0.376936
33096.5	11.407
33118.1	5.89712
33139.6	-16.0316
33161.1	-20.9566
33182.7	-18.9005
33204.2	-15.151
33225.7	-20.9559
33247.3	-21.4563
33268.8	-21.8628
33290.3	-18.1816
33311.9	-24.3857
33333.4	-20.6479
33354.9	-20.9408
33376.5	-21.6076
33398	-19.0344
33419.5	-21.7818
33441.1	-20.7101
33462.6	-20.6847
33484.1	-20.4993
33505.7	-20.6309
33527.2	-20.5132
33548.7	-20.5238
33570.3	-20.6421
33591.8	-19.6704
33613.3	-21.1058
33634.9	-20.323
33656.4	-20.3558
33677.9	-20.5444
33699.5	-19.7789
33721	-20.5059
33742.5	-20.2449
33764.1	-20.2297
33785.6	-20.0416
33807.1	-20.3382
33828.7	-20.0992
33850.2	-20.1194
33871.7	-20.2059
33893.3	-19.5875
33914.8	-20.4149
33936.3	-19.9938
33957.9	-19.9955
33979.4	-20.0933
34000.9	-19.6865
34022.5	-20.0282
34044	-19.9065
34065.5	-19.9022
34087.1	-19.6572
34108.6	-20.0646
34130.1	-19.7702
34151.7	-19.7939
34173.2	-19.8948
34194.7	-19.2895
34216.3	-20.0374
34237.8	-19.6847
34259.3	-19.6764
34280.9	-19.7369
34302.4	-19.4589
34323.9	-19.6635
34345.5	-19.5902
34367	-19.6095
34388.5	-19.1869
34410.1	-19.8905
34431.6	-19.4362
34453.1	-19.4737
34474.7	-19.6554
34496.2	-18.7704
34517.7	-19.7987
34539.3	-19.3578
34560.8	-19.3443
34582.3	-19.3418
34603.9	-19.1744
34625.4	-19.281
34646.9	-19.2483
34668.5	-19.3768
34690	-18.1802
34711.5	-20.1741
34733.1	-18.9993
34754.6	-19.099
34776.1	-19.7685
34797.7	-17.1588
34819.2	-20.0387
34840.7	-18.9203
34862.3	-18.9249
34883.8	-17.7318
34905.3	-18.0841
34926.9	-18.4739
34948.4	-19.0074
34969.9	-24.462
34991.5	-7.23462
35013	-15.5269
35034.5	-17.0401
35056.1	-19.6392
35077.6	6.49337
35099.1	14.9617
35120.7	7.84164
35142.2	-18.1483
35163.7	-19.4463
35185.3	-14.6724
35206.8	-16.9474
35228.3	-17.8895
35249.9	-19.1572
35271.4	-19.9554
35292.9	-16.1191
35314.5	-22.2515
35336	-18.8116
35357.5	-18.9766
35379.1	-19.3122
35400.6	-17.9851
35422.1	-19.208
35443.7	-18.8593
35465.2	-18.8733
35486.7	-18.2683
35508.3	-19.3626
35529.8	-18.6124
35551.3	-18.7064
35572.9	-18.869
35594.4	-17.9428
35615.9	-19.1331
35637.5	-18.5677
35659	-18.5681
35680.5	-18.6097
35702.1	-18.3627
35723.6	-18.5377
35745.1	-18.4685
35766.7	-18.478
35788.2	-18.108
35809.7	-18.7242
35831.2	-18.3103
35852.8	-18.3401
35874.3	-18.4288
35895.8	-17.9129
35917.4	-18.4966
35938.9	-18.23
35960.4	-18.2141
35982	-18.1834
36003.5	-18.1599
36025	-18.136
36046.6	-18.1161
36068.1	-18.1338
36089.6	-17.7699
36111.2	-18.331
36132.7	-17.9759
36154.2	-17.9898
36175.8	-18.0683
36197.3	-17.637
36218.8	-18.0764
36240.4	-17.8846
36261.9	-17.8662
36283.4	-17.7658
36305	-17.9081
36326.5	-17.7562
36348	-17.7632
36369.6	-17.8112
36391.1	-17.2978
36412.6	-18.0555
36434.2	-17.6186
36455.7	-17.6313
36477.2	-17.7385
36498.8	-17.2283
36520.3	-17.713
36541.8	-17.5243
36563.4	-17.516
36584.9	-17.2089
36606.4	-17.7786
36628	-17.3326
36649.5	-17.3967
36671	-17.5842
36692.6	-16.3658
36714.1	-18.139
36735.6	-17.2118
36757.2	-17.2458
36778.7	-17.4834
36800.2	-16.3836
36821.8	-17.4036
36843.3	-17.1424
36864.8	-17.3091
36886.4	-14.9179
36907.9	-19.5505
36929.4	-16.4919
36951	-17.2027
36972.5	-22.5109
36994	-7.08105
37015.6	-20.0504
37037.1	-16.2208
37058.6	-15.5677
37080.2	12.9817
37101.7	19.2035
37123.2	10.4209
37144.8	-16.9652
37166.3	-17.4046
37187.8	-11.5471
37209.4	-19.5967
37230.9	-15.4648
37252.4	-16.5317
37274	-17.3487
37295.5	-14.2105
37317	-18.273
37338.6	-16.4434
37360.1	-16.4888
37381.6	-16.4135
37403.2	-16.3576
37424.7	-16.3812
37446.2	-16.3823
37467.8	-16.4432
37489.3	-15.6771
37510.8	-16.9639
37532.4	-16.1662
37553.9	-16.2262
37575.4	-16.344
37597	-15.7252
37618.5	-16.3769
37640	-16.0951
37661.6	-16.0729
37683.1	-15.9522
37704.6	-16.1239
37726.2	-15.9332
37747.7	-15.9395
37769.2	-15.9608
37790.8	-15.5546
37812.3	-16.1288
37833.8	-15.7717
37855.4	-15.7695
37876.9	-15.803
37898.4	-15.5209
37920	-15.7519
37941.5	-15.6301
37963	-15.6022
37984.6	-15.4543
38006.1	-15.6695
38027.6	-15.4508
38049.2	-15.4517
38070.7	-15.4673
38092.2	-15.1215
38113.8	-15.5473
38135.3	-15.2831
38156.8	-15.2625
38178.4	-15.2633
38199.9	-15.0901
38221.4	-15.1839
38243	-15.1064
38264.5	-15.0794
38286	-14.8632
38307.6	-15.1879
38329.1	-14.8984
38350.6	-14.8998
38372.2	-14.9287
38393.7	-14.514
38415.2	-14.9835
38436.8	-14.7074
38458.3	-14.6749
38479.8	-14.6365
38501.4	-14.5502
38522.9	-14.536
38544.4	-14.4828
38566	-14.4697
38587.5	-14.0186
38609	-14.7412
38630.6	-14.1936
38652.1	-14.2098
38673.6	-14.3084
38695.2	-13.5189
38716.7	-14.3784
38738.2	-13.9295
38759.8	-13.8761
38781.3	-13.6005
38802.8	-13.9506
38824.4	-13.4993
38845.9	-13.5379
38867.4	-13.7233
38889	-11.3732
38910.5	-15.6631
38932	-12.7174
38953.6	-12.889
38975.1	-13.7425
38996.6	-6.9313
39018.2	-13.2618
39039.7	-13.3249
39061.2	-7.71451
39082.8	20.5138
39104.3	24.7581
39125.8	14.1219
39147.4	-11.5377
39168.9	-15.3995
39190.4	-9.22802
39212	-20.9119
39233.5	-13.458
39255	-14.076
39276.6	-14.6568
39298.1	-12.3993
39319.6	-14.6775
39341.2	-13.8226
39362.7	-13.7763
39384.2	-13.3734
39405.8	-14.0105
39427.3	-13.4254
39448.8	-13.4721
39470.4	-13.5159
39491.9	-12.7887
39513.4	-13.7409
39535	-13.1612
39556.5	-13.138
39578	-13.1395
39599.6	-12.8503
39621.1	-13.0124
39642.6	-12.8838
39664.2	-12.8327
39685.7	-12.5995
39707.2	-12.8969
39728.8	-12.5853
39750.3	-12.5664
39771.8	-12.5547
39793.4	-12.2187
39814.9	-12.5376
39836.4	-12.2988
39858	-12.2452
39879.5	-12.1883
39901	-12.0955
39922.6	-12.0542
39944.1	-11.9826
39965.6	-11.9283
39987.2	-11.7186
40008.7	-11.929
40030.2	-11.6819
40051.8	-11.6394
40073.3	-11.6073
40094.8	-11.3548
40116.4	-11.5167
40137.9	-11.3458
40159.4	-11.2762
40181	-11.1808
40202.5	-11.1574
40224	-11.0319
40245.6	-10.9661
40267.1	-10.9039
40288.6	-10.6549
40310.2	-10.8731
40331.7	-10.6087
40353.2	-10.5444
40374.8	-10.4936
40396.3	-10.2384
40417.8	-10.3391
40439.4	-10.1692
40460.9	-10.0745
40482.4	-9.90402
40504	-9.9708
40525.5	-9.72153
40547	-9.64284
40568.6	-9.5651
40590.1	-9.15501
40611.6	-9.51086
40633.2	-9.11395
40654.7	-9.00271
40676.2	-8.90553
40697.8	-8.55778
40719.3	-8.60211
40740.8	-8.361
40762.4	-8.19096
40783.9	-7.68643
40805.4	-8.18168
40827	-7.41063
40848.5	-7.26825
40870	-7.16977
40891.6	-5.74348
40913.1	-7.10751
40934.6	-5.84968
40956.2	-5.4939
40977.7	-4.8181
40999.2	-4.10131
41020.8	-4.5938
41042.3	-8.84088
41063.8	7.31311
41085.4	30.7146
41106.9	33.1863
41128.4	20.3437
41150	-4.9936
41171.5	-14.3853
41193	-7.96419
41214.6	-16.9857
41236.1	-12.3067
41257.6	-12.5492
41279.2	-12.9415
41300.7	-10.9501
41322.2	-12.1842
41343.8	-11.5319
41365.3	-11.2865
41386.8	-10.5686
41408.3	-11.215
41429.9	-10.3884
41451.4	-10.254
41472.9	-10.1377
41494.5	-9.4646
41516	-9.87524
41537.5	-9.42553
41559.1	-9.25323
41580.6	-9.06661
41602.1	-8.90922
41623.7	-8.72015
41645.2	-8.55995
41666.7	-8.41214
41688.3	-8.09071
41709.8	-8.22235
41731.3	-7.88843
41752.9	-7.75407
41774.4	-7.62721
41795.9	-7.34364
41817.5	-7.34125
41839	-7.12611
41860.5	-6.97255
41882.1	-6.78935
41903.6	-6.69994
41925.1	-6.48491
41946.7	-6.33916
41968.2	-6.19095
41989.7	-5.93207
42011.3	-5.93116
42032.8	-5.67535
42054.3	-5.51741
42075.9	-5.36119
42097.4	-5.13509
42118.9	-5.01929
42140.5	-4.82041
42162	-4.64115
42183.5	-4.42172
42205.1	-4.31637
42226.6	-4.06115
42248.1	-3.87865
42269.7	-3.69104
42291.2	-3.40433
42312.7	-3.32158
42334.3	-3.04213
42355.8	-2.82716
42377.3	-2.60638
42398.9	-2.35283
42420.4	-2.1335
42441.9	-1.87998
42463.5	-1.62822
42485	-1.31165
42506.5	-1.15393
42528.1	-0.790354
42549.6	-0.51221
42571.1	-0.224429
42592.7	0.186724
42614.2	0.383755
42635.7	0.790993
42657.3	1.14838
42678.8	1.53359
42700.3	1.91426
42721.9	2.35242
42743.4	2.79014
42764.9	3.25007
42786.5	3.86907
42808	4.16558
42829.5	4.88551
42851.1	5.47116
42872.6	6.08584
42894.1	6.9866
42915.7	7.49594
42937.2	8.40648
42958.7	9.24241
42980.3	10.1938
43001.8	10.3986
43023.3	10.0034
43044.9	-14.6583
43066.4	32.0399
43087.9	50.8245
43109.5	51.6724
43131	36.0031
43152.5	3.88528
43174.1	8.53662
43195.6	9.47147
43217.1	9.28859
43238.7	8.20836
43260.2	7.24645
43281.7	6.20103
43303.3	5.57038
43324.8	4.46029
43346.3	3.71286
43367.9	2.96324
43389.4	2.07082
43410.9	1.66659
43432.5	0.828036
43454	0.210079
43475.5	-0.401883
43497.1	-1.00099
43518.6	-1.57277
43540.1	-2.13311
43561.7	-2.67385
43583.2	-3.28769
43604.7	-3.59346
43626.3	-4.27527
43647.8	-4.73387
43669.3	-5.20773
43690.9	-5.78716
43712.4	-6.09824
43733.9	-6.64859
43755.5	-7.0972
43777	-7.57132
43798.5	-7.90425
43820.1	-8.45633
43841.6	-8.83068
43863.1	-9.22937
43884.7	-9.73136
43906.2	-9.84375
43927.7	-10.3829
43949.3	-10.6699
43970.8	-10.963
43992.3	-11.2037
44013.9	-11.4623
44035.4	-11.6159
44056.9	-11.7483
44078.5	-11.9101

