0	13.1448
21.5332	13.6454
43.0664	14.9154
64.5996	16.5393
86.1328	18.2308
107.666	19.8472
129.199	21.317
150.732	22.5945
172.266	23.6422
193.799	24.4276
215.332	24.9323
236.865	25.1784
258.398	25.2841
279.932	25.5186
301.465	26.1942
322.998	27.3225
344.531	28.5485
366.064	29.5063
387.598	30.0482
409.131	30.3029
430.664	30.6565
452.197	31.3965
473.73	32.2769
495.264	32.87
516.797	33.1259
538.33	33.4476
559.863	34.1006
581.396	34.7137
602.93	34.9798
624.463	35.2248
645.996	35.7703
667.529	36.2202
689.062	36.3773
710.596	36.7048
732.129	37.1707
753.662	37.3389
775.195	37.5553
796.729	37.962
818.262	38.0921
839.795	38.2887
861.328	38.6162
882.861	38.671
904.395	38.9148
925.928	39.0957
947.461	39.1458
968.994	39.4011
990.527	39.3992
1012.06	39.5856
1033.59	39.6315
1055.13	39.7055
1076.66	39.7988
1098.19	39.7869
1119.73	39.8932
1141.26	39.8292
1162.79	39.9211
1184.33	39.8267
1205.86	39.8863
1227.39	39.7792
1248.93	39.7857
1270.46	39.691
1291.99	39.6142
1313.53	39.5619
1335.06	39.3799
1356.59	39.3672
1378.12	39.1223
1399.66	39.0579
1421.19	38.8762
1442.72	38.6393
1464.26	38.5608
1485.79	38.2494
1507.32	38.0458
1528.86	37.8926
1550.39	37.5116
1571.92	37.2816
1593.46	37.0843
1614.99	36.6496
1636.52	36.3206
1658.06	36.1156
1679.59	35.6822
1701.12	35.1766
1722.66	34.8874
1744.19	34.5735
1765.72	34.0017
1787.26	33.4022
1808.79	33.0284
1830.32	32.6886
1851.86	32.1037
1873.39	31.3211
1894.92	30.6355
1916.46	30.1931
1937.99	29.8005
1959.52	29.2014
1981.05	28.3186
2002.59	27.2748
2024.12	26.3126
2045.65	25.6211
2067.19	25.1767
2088.72	24.8003
2110.25	24.3243
2131.79	23.6616
2153.32	22.7899
2174.85	21.7226
2196.39	20.4887
2217.92	19.1237
2239.45	17.665
2260.99	16.1488
2282.52	14.6094
2304.05	13.0774
2325.59	11.5784
2347.12	10.1325
2368.65	8.75329
2390.19	7.44878
2411.72	6.22177
2433.25	5.07129
2454.79	3.99383
2476.32	2.98446
2497.85	2.03767
2519.38	1.14794
2540.92	0.309968
2562.45	-0.481081
2583.98	-1.22959
2605.52	-1.93949
2627.05	-2.61429
2648.58	-3.25708
2670.12	-3.87065
2691.65	-4.45747
2713.18	-5.01973
2734.72	-5.5594
2756.25	-6.07823
2777.78	-6.57783
2799.32	-7.05958
2820.85	-7.52477
2842.38	-7.97454
2863.92	-8.40993
2885.45	-8.83187
2906.98	-9.24122
2928.52	-9.63875
2950.05	-10.0252
2971.58	-10.4011
2993.12	-10.7671
3014.65	-11.1238
3036.18	-11.4716
3057.71	-11.811
3079.25	-12.1424
3100.78	-12.4662
3122.31	-12.7828
3143.85	-13.0924
3165.38	-13.3954
3186.91	-13.6921
3208.45	-13.9827
3229.98	-14.2675
3251.51	-14.5467
3273.05	-14.8205
3294.58	-15.0892
3316.11	-15.3529
3337.65	-15.6117
3359.18	-15.866
3380.71	-16.1158
3402.25	-16.3612
3423.78	-16.6025
3445.31	-16.8397
3466.85	-17.0729
3488.38	-17.3024
3509.91	-17.5282
3531.45	-17.7504
3552.98	-17.969
3574.51	-18.1843
3596.04	-18.3963
3617.58	-18.6051
3639.11	-18.8108
3660.64	-19.0134
3682.18	-19.2131
3703.71	-19.4098
3725.24	-19.6037
3746.78	-19.7949
3768.31	-19.9833
3789.84	-20.1691
3811.38	-20.3524
3832.91	-20.5331
3854.44	-20.7113
3875.98	-20.8872
3897.51	-21.0607
3919.04	-21.2318
3940.58	-21.4007
3962.11	-21.5674
3983.64	-21.7319
4005.18	-21.8943
4026.71	-22.0545
4048.24	-22.2128
4069.78	-22.369
4091.31	-22.5232
4112.84	-22.6754
4134.38	-22.8258
4155.91	-22.9743
4177.44	-23.121
4198.97	-23.2658
4220.51	-23.4089
4242.04	-23.5502
4263.57	-23.6898
4285.11	-23.8277
4306.64	-23.9639
4328.17	-24.0985
4349.71	-24.2315
4371.24	-24.3629
4392.77	-24.4928
4414.31	-24.6211
4435.84	-24.7479
4457.37	-24.8732
4478.91	-24.9971
4500.44	-25.1195
4521.97	-25.2405
4543.51	-25.3601
4565.04	-25.4784
4586.57	-25.5952
4608.11	-25.7108
4629.64	-25.825
4651.17	-25.938
4672.71	-26.0496
4694.24	-26.16
4715.77	-26.2692
4737.3	-26.3771
4758.84	-26.4838
4780.37	-26.5894
4801.9	-26.6937
4823.44	-26.797
4844.97	-26.8991
4866.5	-27
4888.04	-27.0999
4909.57	-27.1987
4931.1	-27.2964
4952.64	-27.393
4974.17	-27.4886
4995.7	-27.5832
5017.24	-27.6767
5038.77	-27.7693
5060.3	-27.8608
5081.84	-27.9514
5103.37	-28.041
5124.9	-28.1297
5146.44	-28.2175
5167.97	-28.3043
5189.5	-28.3902
5211.04	-28.4753
5232.57	-28.5594
5254.1	-28.6427
5275.63	-28.7251
5297.17	-28.8066
5318.7	-28.8874
5340.23	-28.9673
5361.77	-29.0464
5383.3	-29.1246
5404.83	-29.2021
5426.37	-29.2789
5447.9	-29.3548
5469.43	-29.43
5490.97	-29.5044
5512.5	-29.5781
5534.03	-29.6511
5555.57	-29.7233
5577.1	-29.7949
5598.63	-29.8657
5620.17	-29.9358
5641.7	-30.0053
5663.23	-30.0741
5684.77	-30.1422
5706.3	-30.2097
5727.83	-30.2765
5749.37	-30.3427
5770.9	-30.4083
5792.43	-30.4732
5813.96	-30.5376
5835.5	-30.6013
5857.03	-30.6644
5878.56	-30.727
5900.1	-30.7889
5921.63	-30.8503
5943.16	-30.9111
5964.7	-30.9714
5986.23	-31.0311
6007.76	-31.0903
6029.3	-31.1489
6050.83	-31.2071
6072.36	-31.2646
6093.9	-31.3217
6115.43	-31.3783
6136.96	-31.4343
6158.5	-31.49
6180.03	-31.545
6201.56	-31.5996
6223.1	-31.6538
6244.63	-31.7074
6266.16	-31.7606
6287.7	-31.8134
6309.23	-31.8656
6330.76	-31.9175
6352.29	-31.9689
6373.83	-32.0198
6395.36	-32.0704
6416.89	-32.1205
6438.43	-32.1702
6459.96	-32.2195
6481.49	-32.2684
6503.03	-32.3169
6524.56	-32.3649
6546.09	-32.4126
6567.63	-32.46
6589.16	-32.5069
6610.69	-32.5534
6632.23	-32.5996
6653.76	-32.6454
6675.29	-32.6908
6696.83	-32.736
6718.36	-32.7806
6739.89	-32.825
6761.43	-32.8691
6782.96	-32.9128
6804.49	-32.9561
6826.03	-32.9992
6847.56	-33.0419
6869.09	-33.0842
6890.62	-33.1263
6912.16	-33.1681
6933.69	-33.2094
6955.22	-33.2507
6976.76	-33.2914
6998.29	-33.3319
7019.82	-33.3721
7041.36	-33.4121
7062.89	-33.4517
7084.42	-33.4911
7105.96	-33.5301
7127.49	-33.5689
7149.02	-33.6074
7170.56	-33.6456
7192.09	-33.6836
7213.62	-33.7213
7235.16	-33.7587
7256.69	-33.7959
7278.22	-33.8328
7299.76	-33.8695
7321.29	-33.9058
7342.82	-33.942
7364.36	-33.9779
7385.89	-34.0136
7407.42	-34.049
7428.96	-34.0842
7450.49	-34.1192
7472.02	-34.1539
7493.55	-34.1884
7515.09	-34.2226
7536.62	-34.2567
7558.15	-34.2904
7579.69	-34.3241
7601.22	-34.3575
7622.75	-34.3907
7644.29	-34.4236
7665.82	-34.4564
7687.35	-34.4889
7708.89	-34.5212
7730.42	-34.5533
7751.95	-34.5853
7773.49	-34.617
7795.02	-34.6485
7816.55	-34.6799
7838.09	-34.7109
7859.62	-34.742
7881.15	-34.7727
7902.69	-34.8033
7924.22	-34.8338
7945.75	-34.8639
7967.29	-34.8939
7988.82	-34.9237
8010.35	-34.9535
8031.88	-34.9829
8053.42	-35.0123
8074.95	-35.0414
8096.48	-35.0704
8118.02	-35.0992
8139.55	-35.1278
8161.08	-35.1564
8182.62	-35.1847
8204.15	-35.2129
8225.68	-35.2408
8247.22	-35.2687
8268.75	-35.2964
8290.28	-35.3239
8311.82	-35.3512
8333.35	-35.3785
8354.88	-35.4056
8376.42	-35.4325
8397.95	-35.4593
8419.48	-35.4859
8441.02	-35.5124
8462.55	-35.5387
8484.08	-35.565
8505.62	-35.591
8527.15	-35.617
8548.68	-35.6427
8570.21	-35.6684
8591.75	-35.6938
8613.28	-35.7192
8634.81	-35.7445
8656.35	-35.7696
8677.88	-35.7946
8699.41	-35.8194
8720.95	-35.8442
8742.48	-35.8687
8764.01	-35.8932
8785.55	-35.9176
8807.08	-35.9418
8828.61	-35.9659
8850.15	-35.9898
8871.68	-36.0137
8893.21	-36.0375
8914.75	-36.0611
8936.28	-36.0845
8957.81	-36.1079
8979.35	-36.1312
9000.88	-36.1544
9022.41	-36.1773
9043.95	-36.2004
9065.48	-36.2231
9087.01	-36.2459
9108.54	-36.2684
9130.08	-36.2909
9151.61	-36.3133
9173.14	-36.3355
9194.68	-36.3577
9216.21	-36.3798
9237.74	-36.4018
9259.28	-36.4236
9280.81	-36.4453
9302.34	-36.4671
9323.88	-36.4885
9345.41	-36.51
9366.94	-36.5314
9388.48	-36.5526
9410.01	-36.5737
9431.54	-36.5948
9453.08	-36.6158
9474.61	-36.6366
9496.14	-36.6575
9517.68	-36.678
9539.21	-36.6987
9560.74	-36.7191
9582.28	-36.7396
9603.81	-36.7598
9625.34	-36.7801
9646.88	-36.8001
9668.41	-36.8202
9689.94	-36.8401
9711.47	-36.86
9733.01	-36.8798
9754.54	-36.8995
9776.07	-36.919
9797.61	-36.9386
9819.14	-36.958
9840.67	-36.9773
9862.21	-36.9966
9883.74	-37.0157
9905.27	-37.0349
9926.81	-37.0538
9948.34	-37.0728
9969.87	-37.0916
9991.41	-37.1104
10012.9	-37.1291
10034.5	-37.1477
10056	-37.1662
10077.5	-37.1847
10099.1	-37.203
10120.6	-37.2213
10142.1	-37.2395
10163.7	-37.2577
10185.2	-37.2757
10206.7	-37.2938
10228.3	-37.3117
10249.8	-37.3295
10271.3	-37.3473
10292.9	-37.365
10314.4	-37.3826
10335.9	-37.4002
10357.5	-37.4176
10379	-37.4351
10400.5	-37.4523
10422.1	-37.4697
10443.6	-37.4868
10465.1	-37.504
10486.7	-37.521
10508.2	-37.5381
10529.7	-37.5549
10551.3	-37.5718
10572.8	-37.5886
10594.3	-37.6054
10615.9	-37.622
10637.4	-37.6385
10658.9	-37.6551
10680.5	-37.6715
10702	-37.6879
10723.5	-37.7043
10745.1	-37.7205
10766.6	-37.7367
10788.1	-37.7528
10809.7	-37.769
10831.2	-37.7849
10852.7	-37.8009
10874.3	-37.8168
10895.8	-37.8326
10917.3	-37.8484
10938.9	-37.864
10960.4	-37.8798
10981.9	-37.8953
11003.5	-37.9108
11025	-37.9263
11046.5	-37.9417
11068.1	-37.957
11089.6	-37.9723
11111.1	-37.9876
11132.7	-38.0027
11154.2	-38.0178
11175.7	-38.0328
11197.3	-38.0479
11218.8	-38.0628
11240.3	-38.0777
11261.9	-38.0925
11283.4	-38.1073
11304.9	-38.122
11326.5	-38.1366
11348	-38.1513
11369.5	-38.1658
11391.1	-38.1802
11412.6	-38.1948
11434.1	-38.2091
11455.7	-38.2235
11477.2	-38.2377
11498.7	-38.2519
11520.3	-38.2661
11541.8	-38.2803
11563.3	-38.2942
11584.9	-38.3083
11606.4	-38.3223
11627.9	-38.3361
11649.5	-38.3502
11671	-38.3638
11692.5	-38.3777
11714.1	-38.3914
11735.6	-38.4049
11757.1	-38.4187
11778.7	-38.4321
11800.2	-38.4456
11821.7	-38.4592
11843.3	-38.4725
11864.8	-38.4858
11886.3	-38.4993
11907.9	-38.5124
11929.4	-38.5257
11950.9	-38.5388
11972.5	-38.552
11994	-38.565
12015.5	-38.578
12037.1	-38.591
12058.6	-38.604
12080.1	-38.6168
12101.7	-38.6297
12123.2	-38.6424
12144.7	-38.6552
12166.3	-38.6679
12187.8	-38.6805
12209.3	-38.6932
12230.9	-38.7057
12252.4	-38.7182
12273.9	-38.7307
12295.5	-38.7431
12317	-38.7556
12338.5	-38.7678
12360.1	-38.7801
12381.6	-38.7923
12403.1	-38.8045
12424.7	-38.8166
12446.2	-38.8289
12467.7	-38.8407
12489.3	-38.8529
12510.8	-38.8648
12532.3	-38.8768
12553.9	-38.8887
12575.4	-38.9005
12596.9	-38.9124
12618.5	-38.9242
12640	-38.9358
12661.5	-38.9476
12683.1	-38.9591
12704.6	-38.9708
12726.1	-38.9824
12747.7	-38.9938
12769.2	-39.0054
12790.7	-39.0168
12812.3	-39.0282
12833.8	-39.0395
12855.3	-39.0508
12876.9	-39.0622
12898.4	-39.0733
12919.9	-39.0845
12941.5	-39.0958
12963	-39.1068
12984.5	-39.1178
13006.1	-39.129
13027.6	-39.1399
13049.1	-39.1509
13070.7	-39.1617
13092.2	-39.1727
13113.7	-39.1835
13135.3	-39.1943
13156.8	-39.2051
13178.3	-39.2158
13199.9	-39.2264
13221.4	-39.2371
13242.9	-39.2477
13264.5	-39.2583
13286	-39.2688
13307.5	-39.2792
13329.1	-39.2899
13350.6	-39.3002
13372.1	-39.3105
13393.7	-39.3209
13415.2	-39.3313
13436.7	-39.3414
13458.3	-39.3518
13479.8	-39.3619
13501.3	-39.3721
13522.9	-39.3821
13544.4	-39.3923
13565.9	-39.4023
13587.5	-39.4124
13609	-39.4223
13630.5	-39.4323
13652.1	-39.4422
13673.6	-39.452
13695.1	-39.4619
13716.7	-39.4716
13738.2	-39.4815
13759.7	-39.4912
13781.2	-39.5008
13802.8	-39.5105
13824.3	-39.5201
13845.8	-39.5297
13867.4	-39.5394
13888.9	-39.5487
13910.4	-39.5583
13932	-39.5677
13953.5	-39.5772
13975	-39.5865
13996.6	-39.5959
14018.1	-39.6052
14039.6	-39.6145
14061.2	-39.6237
14082.7	-39.6329
14104.2	-39.6421
14125.8	-39.6513
14147.3	-39.6604
14168.8	-39.6695
14190.4	-39.6786
14211.9	-39.6875
14233.4	-39.6964
14255	-39.7055
14276.5	-39.7144
14298	-39.7232
14319.6	-39.732
14341.1	-39.741
14362.6	-39.7496
14384.2	-39.7584
14405.7	-39.7671
14427.2	-39.7759
14448.8	-39.7844
14470.3	-39.7932
14491.8	-39.8017
14513.4	-39.8103
14534.9	-39.8188
14556.4	-39.8272
14578	-39.8358
14599.5	-39.8441
14621	-39.8527
14642.6	-39.8608
14664.1	-39.8693
14685.6	-39.8776
14707.2	-39.8859
14728.7	-39.8941
14750.2	-39.9024
14771.8	-39.9105
14793.3	-39.9186
14814.8	-39.9269
14836.4	-39.9348
14857.9	-39.9429
14879.4	-39.9509
14901	-39.959
14922.5	-39.967
14944	-39.9748
14965.6	-39.9828
14987.1	-39.9906
15008.6	-39.9985
15030.2	-40.0063
15051.7	-40.014
15073.2	-40.0219
15094.8	-40.0295
15116.3	-40.0373
15137.8	-40.0449
15159.4	-40.0526
15180.9	-40.0601
15202.4	-40.0677
15224	-40.0753
15245.5	-40.0828
15267	-40.0902
15288.6	-40.0978
15310.1	-40.1051
15331.6	-40.1126
15353.2	-40.1199
15374.7	-40.1273
15396.2	-40.1347
15417.8	-40.1418
15439.3	-40.1491
15460.8	-40.1564
15482.4	-40.1636
15503.9	-40.1708
15525.4	-40.1779
15547	-40.1849
15568.5	-40.1921
15590	-40.1992
15611.6	-40.2062
15633.1	-40.2131
15654.6	-40.2201
15676.2	-40.2271
15697.7	-40.234
15719.2	-40.2409
15740.8	-40.2477
15762.3	-40.2546
15783.8	-40.2613
15805.4	-40.2682
15826.9	-40.2749
15848.4	-40.2816
15870	-40.2883
15891.5	-40.295
15913	-40.3016
15934.6	-40.3083
15956.1	-40.3148
15977.6	-40.3214
15999.2	-40.3279
16020.7	-40.3344
16042.2	-40.3409
16063.8	-40.3473
16085.3	-40.3537
16106.8	-40.3601
16128.4	-40.3664
16149.9	-40.3729
16171.4	-40.379
16193	-40.3854
16214.5	-40.3917
16236	-40.3979
16257.6	-40.4041
16279.1	-40.4102
16300.6	-40.4164
16322.2	-40.4226
16343.7	-40.4286
16365.2	-40.4347
16386.8	-40.4408
16408.3	-40.4468
16429.8	-40.4528
16451.4	-40.4587
16472.9	-40.4646
16494.4	-40.4706
16516	-40.4764
16537.5	-40.4823
16559	-40.4881
16580.6	-40.494
16602.1	-40.4997
16623.6	-40.5055
16645.2	-40.5112
16666.7	-40.5169
16688.2	-40.5227
16709.8	-40.5282
16731.3	-40.5338
16752.8	-40.5395
16774.4	-40.5451
16795.9	-40.5505
16817.4	-40.5561
16839	-40.5616
16860.5	-40.5671
16882	-40.5726
16903.6	-40.5779
16925.1	-40.5834
16946.6	-40.5887
16968.2	-40.5941
16989.7	-40.5994
17011.2	-40.6046
17032.8	-40.61
17054.3	-40.6152
17075.8	-40.6204
17097.4	-40.6256
17118.9	-40.6307
17140.4	-40.636
17162	-40.641
17183.5	-40.6461
17205	-40.6513
17226.6	-40.6562
17248.1	-40.6612
17269.6	-40.6663
17291.2	-40.6712
17312.7	-40.6761
17334.2	-40.6811
17355.8	-40.686
17377.3	-40.6909
17398.8	-40.6956
17420.4	-40.7006
17441.9	-40.7053
17463.4	-40.7101
17485	-40.7148
17506.5	-40.7197
17528	-40.7241
17549.6	-40.729
17571.1	-40.7335
17592.6	-40.7382
17614.2	-40.7428
17635.7	-40.7473
17657.2	-40.7519
17678.8	-40.7565
17700.3	-40.761
17721.8	-40.7655
17743.4	-40.7699
17764.9	-40.7743
17786.4	-40.7788
17808	-40.7832
17829.5	-40.7874
17851	-40.7918
17872.6	-40.7962
17894.1	-40.8005
17915.6	-40.8047
17937.2	-40.809
17958.7	-40.8132
17980.2	-40.8174
18001.8	-40.8215
18023.3	-40.8257
18044.8	-40.8298
18066.4	-40.8339
18087.9	-40.838
18109.4	-40.842
18131	-40.846
18152.5	-40.8501
18174	-40.8539
18195.6	-40.858
18217.1	-40.862
18238.6	-40.8657
18260.2	-40.8698
18281.7	-40.8736
18303.2	-40.8775
18324.8	-40.8812
18346.3	-40.885
18367.8	-40.8889
18389.4	-40.8925
18410.9	-40.8963
18432.4	-40.8999
18454	-40.9037
18475.5	-40.9072
18497	-40.911
18518.6	-40.9145
18540.1	-40.9181
18561.6	-40.9217
18583.2	-40.9252
18604.7	-40.9288
18626.2	-40.9321
18647.8	-40.9358
18669.3	-40.9392
18690.8	-40.9425
18712.4	-40.946
18733.9	-40.9493
18755.4	-40.9527
18777	-40.9561
18798.5	-40.9593
18820	-40.9627
18841.6	-40.9659
18863.1	-40.9691
18884.6	-40.9724
18906.2	-40.9755
18927.7	-40.9788
18949.2	-40.9819
18970.8	-40.9849
18992.3	-40.9881
19013.8	-40.9912
19035.4	-40.9942
19056.9	-40.9973
19078.4	-41.0002
19100	-41.0033
19121.5	-41.0062
19143	-41.0093
19164.6	-41.0121
19186.1	-41.015
19207.6	-41.0179
19229.2	-41.0207
19250.7	-41.0236
19272.2	-41.0264
19293.8	-41.0292
19315.3	-41.0319
19336.8	-41.0347
19358.3	-41.0374
19379.9	-41.0401
19401.4	-41.0427
19422.9	-41.0455
19444.5	-41.048
19466	-41.0506
19487.5	-41.0534
19509.1	-41.0558
19530.6	-41.0585
19552.1	-41.0607
19573.7	-41.0635
19595.2	-41.0658
19616.7	-41.0684
19638.3	-41.0708
19659.8	-41.0731
19681.3	-41.0756
19702.9	-41.078
19724.4	-41.0803
19745.9	-41.0826
19767.5	-41.0849
19789	-41.0871
19810.5	-41.0895
19832.1	-41.0917
19853.6	-41.0938
19875.1	-41.0961
19896.7	-41.0981
19918.2	-41.1004
19939.7	-41.1025
19961.3	-41.1046
19982.8	-41.1067
20004.3	-41.1087
20025.9	-41.1108
20047.4	-41.1128
20068.9	-41.1147
20090.5	-41.1168
20112	-41.1187
20133.5	-41.1206
20155.1	-41.1225
20176.6	-41.1244
20198.1	-41.1262
20219.7	-41.1281
20241.2	-41.1299
20262.7	-41.1318
20284.3	-41.1334
20305.8	-41.1353
20327.3	-41.137
20348.9	-41.1386
20370.4	-41.1403
20391.9	-41.1422
20413.5	-41.1436
20435	-41.1454
20456.5	-41.1469
20478.1	-41.1484
20499.6	-41.1501
20521.1	-41.1515
20542.7	-41.1531
20564.2	-41.1545
20585.7	-41.1561
20607.3	-41.1575
20628.8	-41.1589
20650.3	-41.1603
20671.9	-41.1618
20693.4	-41.1629
20714.9	-41.1645
20736.5	-41.1656
20758	-41.167
20779.5	-41.1683
20801.1	-41.1695
20822.6	-41.1708
20844.1	-41.172
20865.7	-41.1732
20887.2	-41.1743
20908.7	-41.1754
20930.3	-41.1766
20951.8	-41.1777
20973.3	-41.1788
20994.9	-41.1798
21016.4	-41.1809
21037.9	-41.1819
21059.5	-41.1829
21081	-41.1839
21102.5	-41.1848
21124.1	-41.1858
21145.6	-41.1866
21167.1	-41.1876
21188.7	-41.1884
21210.2	-41.1893
21231.7	-41.19
21253.3	-41.1908
21274.8	-41.1918
21296.3	-41.1924
21317.9	-41.1931
21339.4	-41.1939
21360.9	-41.1945
21382.5	-41.1952
21404	-41.1959
21425.5	-41.1965
21447.1	-41.1971
21468.6	-41.1978
21490.1	-41.1982
21511.7	-41.1988
21533.2	-41.1994
21554.7	-41.1998
21576.3	-41.2003
21597.8	-41.2009
21619.3	-41.2012
21640.9	-41.2017
21662.4	-41.202
21683.9	-41.2024
21705.5	-41.2028
21727	-41.2031
21748.5	-41.2034
21770.1	-41.2038
21791.6	-41.2039
21813.1	-41.2042
21834.7	-41.2045
21856.2	-41.2046
21877.7	-41.2049
21899.3	-41.205
21920.8	-41.2051
21942.3	-41.2052
21963.9	-41.2054
21985.4	-41.2053
22006.9	-41.2054
22028.5	-41.2056
22050	-41.2054
22071.5	-41.2056
22093.1	-41.2054
22114.6	-41.2053
22136.1	-41.2054
22157.7	-41.2052
22179.2	-41.2051
22200.7	-41.205
22222.3	-41.2049
22243.8	-41.2046
22265.3	-41.2045
22286.9	-41.2042
22308.4	-41.2039
22329.9	-41.2038
22351.5	-41.2034
22373	-41.2031
22394.5	-41.2028
22416.1	-41.2024
22437.6	-41.202
22459.1	-41.2017
22480.7	-41.2012
22502.2	-41.2009
22523.7	-41.2003
22545.3	-41.1998
22566.8	-41.1994
22588.3	-41.1988
22609.9	-41.1982
22631.4	-41.1978
22652.9	-41.1971
22674.5	-41.1965
22696	-41.1959
22717.5	-41.1952
22739.1	-41.1945
22760.6	-41.1939
22782.1	-41.1931
22803.7	-41.1924
22825.2	-41.1918
22846.7	-41.1908
22868.3	-41.19
22889.8	-41.1893
22911.3	-41.1884
22932.9	-41.1876
22954.4	-41.1866
22975.9	-41.1858
22997.5	-41.1848
23019	-41.1839
23040.5	-41.1829
23062.1	-41.1819
23083.6	-41.1809
23105.1	-41.1798
23126.7	-41.1788
23148.2	-41.1777
23169.7	-41.1766
23191.3	-41.1754
23212.8	-41.1743
23234.3	-41.1732
23255.9	-41.172
23277.4	-41.1708
23298.9	-41.1695
23320.5	-41.1683
23342	-41.167
23363.5	-41.1656
23385.1	-41.1645
23406.6	-41.1629
23428.1	-41.1618
23449.7	-41.1603
23471.2	-41.1589
23492.7	-41.1575
23514.3	-41.1561
23535.8	-41.1545
23557.3	-41.1531
23578.9	-41.1515
23600.4	-41.1501
23621.9	-41.1484
23643.5	-41.1469
23665	-41.1454
23686.5	-41.1436
23708.1	-41.1422
23729.6	-41.1403
23751.1	-41.1386
23772.7	-41.137
23794.2	-41.1353
23815.7	-41.1334
23837.3	-41.1318
23858.8	-41.1299
23880.3	-41.1281
23901.9	-41.1262
23923.4	-41.1244
23944.9	-41.1225
23966.5	-41.1206
23988	-41.1187
24009.5	-41.1168
24031.1	-41.1147
24052.6	-41.1128
24074.1	-41.1108
24095.7	-41.1087
24117.2	-41.1067
24138.7	-41.1046
24160.3	-41.1025
24181.8	-41.1004
24203.3	-41.0981
24224.9	-41.0961
24246.4	-41.0938
24267.9	-41.0917
24289.5	-41.0895
24311	-41.0871
24332.5	-41.0849
24354.1	-41.0826
24375.6	-41.0803
24397.1	-41.078
24418.7	-41.0756
24440.2	-41.0731
24461.7	-41.0708
24483.3	-41.0684
24504.8	-41.0658
24526.3	-41.0635
24547.9	-41.0607
24569.4	-41.0585
24590.9	-41.0558
24612.5	-41.0534
24634	-41.0506
24655.5	-41.048
24677.1	-41.0455
24698.6	-41.0427
24720.1	-41.0401
24741.7	-41.0374
24763.2	-41.0347
24784.7	-41.0319
24806.2	-41.0292
24827.8	-41.0264
24849.3	-41.0236
24870.8	-41.0207
24892.4	-41.0179
24913.9	-41.015
24935.4	-41.0121
24957	-41.0093
24978.5	-41.0062
25000	-41.0033
25021.6	-41.0002
25043.1	-40.9973
25064.6	-40.9942
25086.2	-40.9912
25107.7	-40.9881
25129.2	-40.9849
25150.8	-40.9819
25172.3	-40.9788
25193.8	-40.9755
25215.4	-40.9724
25236.9	-40.9691
25258.4	-40.9659
25280	-40.9627
25301.5	-40.9593
25323	-40.9561
25344.6	-40.9527
25366.1	-40.9493
25387.6	-40.946
25409.2	-40.9425
25430.7	-40.9392
25452.2	-40.9358
25473.8	-40.9321
25495.3	-40.9288
25516.8	-40.9252
25538.4	-40.9217
25559.9	-40.9181
25581.4	-40.9145
25603	-40.911
25624.5	-40.9072
25646	-40.9037
25667.6	-40.8999
25689.1	-40.8963
25710.6	-40.8925
25732.2	-40.8889
25753.7	-40.885
25775.2	-40.8812
25796.8	-40.8775
25818.3	-40.8736
25839.8	-40.8698
25861.4	-40.8657
25882.9	-40.862
25904.4	-40.858
25926	-40.8539
25947.5	-40.8501
25969	-40.846
25990.6	-40.842
26012.1	-40.838
26033.6	-40.8339
26055.2	-40.8298
26076.7	-40.8257
26098.2	-40.8215
26119.8	-40.8174
26141.3	-40.8132
26162.8	-40.809
26184.4	-40.8047
26205.9	-40.8005
26227.4	-40.7962
26249	-40.7918
26270.5	-40.7874
26292	-40.7832
26313.6	-40.7788
26335.1	-40.7743
26356.6	-40.7699
26378.2	-40.7655
26399.7	-40.761
26421.2	-40.7565
26442.8	-40.7519
26464.3	-40.7473
26485.8	-40.7428
26507.4	-40.7382
26528.9	-40.7335
26550.4	-40.729
26572	-40.7241
26593.5	-40.7197
26615	-40.7148
26636.6	-40.7101
26658.1	-40.7053
26679.6	-40.7006
26701.2	-40.6956
26722.7	-40.6909
26744.2	-40.686
26765.8	-40.6811
26787.3	-40.6761
26808.8	-40.6712
26830.4	-40.6663
26851.9	-40.6612
26873.4	-40.6562
26895	-40.6513
26916.5	-40.6461
26938	-40.641
26959.6	-40.636
26981.1	-40.6307
27002.6	-40.6256
27024.2	-40.6204
27045.7	-40.6152
27067.2	-40.61
27088.8	-40.6046
27110.3	-40.5994
27131.8	-40.5941
27153.4	-40.5887
27174.9	-40.5834
27196.4	-40.5779
27218	-40.5726
27239.5	-40.5671
27261	-40.5616
27282.6	-40.5561
27304.1	-40.5505
27325.6	-40.5451
27347.2	-40.5395
27368.7	-40.5338
27390.2	-40.5282
27411.8	-40.5227
27433.3	-40.5169
27454.8	-40.5112
27476.4	-40.5055
27497.9	-40.4997
27519.4	-40.494
27541	-40.4881
27562.5	-40.4823
27584	-40.4764
27605.6	-40.4706
27627.1	-40.4646
27648.6	-40.4587
27670.2	-40.4528
27691.7	-40.4468
27713.2	-40.4408
27734.8	-40.4347
27756.3	-40.4286
27777.8	-40.4226
27799.4	-40.4164
27820.9	-40.4102
27842.4	-40.4041
27864	-40.3979
27885.5	-40.3917
27907	-40.3854
27928.6	-40.379
27950.1	-40.3729
27971.6	-40.3664
27993.2	-40.3601
28014.7	-40.3537
28036.2	-40.3473
28057.8	-40.3409
28079.3	-40.3344
28100.8	-40.3279
28122.4	-40.3214
28143.9	-40.3148
28165.4	-40.3083
28187	-40.3016
28208.5	-40.295
28230	-40.2883
28251.6	-40.2816
28273.1	-40.2749
28294.6	-40.2682
28316.2	-40.2613
28337.7	-40.2546
28359.2	-40.2477
28380.8	-40.2409
28402.3	-40.234
28423.8	-40.2271
28445.4	-40.2201
28466.9	-40.2131
28488.4	-40.2062
28510	-40.1992
28531.5	-40.1921
28553	-40.1849
28574.6	-40.1779
28596.1	-40.1708
28617.6	-40.1636
28639.2	-40.1564
28660.7	-40.1491
28682.2	-40.1418
28703.8	-40.1347
28725.3	-40.1273
28746.8	-40.1199
28768.4	-40.1126
28789.9	-40.1051
28811.4	-40.0978
28833	-40.0902
28854.5	-40.0828
28876	-40.0753
28897.6	-40.0677
28919.1	-40.0601
28940.6	-40.0526
28962.2	-40.0449
28983.7	-40.0373
29005.2	-40.0295
29026.8	-40.0219
29048.3	-40.014
29069.8	-40.0063
29091.4	-39.9985
29112.9	-39.9906
29134.4	-39.9828
29156	-39.9748
29177.5	-39.967
29199	-39.959
29220.6	-39.9509
29242.1	-39.9429
29263.6	-39.9348
29285.2	-39.9269
29306.7	-39.9186
29328.2	-39.9105
29349.8	-39.9024
29371.3	-39.8941
29392.8	-39.8859
29414.4	-39.8776
29435.9	-39.8693
29457.4	-39.8608
29479	-39.8527
29500.5	-39.8441
29522	-39.8358
29543.6	-39.8272
29565.1	-39.8188
29586.6	-39.8103
29608.2	-39.8017
29629.7	-39.7932
29651.2	-39.7844
29672.8	-39.7759
29694.3	-39.7671
29715.8	-39.7584
29737.4	-39.7496
29758.9	-39.741
29780.4	-39.732
29802	-39.7232
29823.5	-39.7144
29845	-39.7055
29866.6	-39.6964
29888.1	-39.6875
29909.6	-39.6786
29931.2	-39.6695
29952.7	-39.6604
29974.2	-39.6513
29995.8	-39.6421
30017.3	-39.6329
30038.8	-39.6237
30060.4	-39.6145
30081.9	-39.6052
30103.4	-39.5959
30125	-39.5865
30146.5	-39.5772
30168	-39.5677
30189.6	-39.5583
30211.1	-39.5487
30232.6	-39.5394
30254.2	-39.5297
30275.7	-39.5201
30297.2	-39.5105
30318.8	-39.5008
30340.3	-39.4912
30361.8	-39.4815
30383.3	-39.4716
30404.9	-39.4619
30426.4	-39.452
30447.9	-39.4422
30469.5	-39.4323
30491	-39.4223
30512.5	-39.4124
30534.1	-39.4023
30555.6	-39.3923
30577.1	-39.3821
30598.7	-39.3721
30620.2	-39.3619
30641.7	-39.3518
30663.3	-39.3414
30684.8	-39.3313
30706.3	-39.3209
30727.9	-39.3105
30749.4	-39.3002
30770.9	-39.2899
30792.5	-39.2792
30814	-39.2688
30835.5	-39.2583
30857.1	-39.2477
30878.6	-39.2371
30900.1	-39.2264
30921.7	-39.2158
30943.2	-39.2051
30964.7	-39.1943
30986.3	-39.1835
31007.8	-39.1727
31029.3	-39.1617
31050.9	-39.1509
31072.4	-39.1399
31093.9	-39.129
31115.5	-39.1178
31137	-39.1068
31158.5	-39.0958
31180.1	-39.0845
31201.6	-39.0733
31223.1	-39.0622
31244.7	-39.0508
31266.2	-39.0395
31287.7	-39.0282
31309.3	-39.0168
31330.8	-39.0054
31352.3	-38.9938
31373.9	-38.9824
31395.4	-38.9708
31416.9	-38.9591
31438.5	-38.9476
31460	-38.9358
31481.5	-38.9242
31503.1	-38.9124
31524.6	-38.9005
31546.1	-38.8887
31567.7	-38.8768
31589.2	-38.8648
31610.7	-38.8529
31632.3	-38.8407
31653.8	-38.8289
31675.3	-38.8166
31696.9	-38.8045
31718.4	-38.7923
31739.9	-38.7801
31761.5	-38.7678
31783	-38.7556
31804.5	-38.7431
31826.1	-38.7307
31847.6	-38.7182
31869.1	-38.7057
31890.7	-38.6932
31912.2	-38.6805
31933.7	-38.6679
31955.3	-38.6552
31976.8	-38.6424
31998.3	-38.6297
32019.9	-38.6168
32041.4	-38.604
32062.9	-38.591
32084.5	-38.578
32106	-38.565
32127.5	-38.552
32149.1	-38.5388
32170.6	-38.5257
32192.1	-38.5124
32213.7	-38.4993
32235.2	-38.4858
32256.7	-38.4725
32278.3	-38.4592
32299.8	-38.4456
32321.3	-38.4321
32342.9	-38.4187
32364.4	-38.4049
32385.9	-38.3914
32407.5	-38.3777
32429	-38.3638
32450.5	-38.3502
32472.1	-38.3361
32493.6	-38.3223
32515.1	-38.3083
32536.7	-38.2942
32558.2	-38.2803
32579.7	-38.2661
32601.3	-38.2519
32622.8	-38.2377
32644.3	-38.2235
32665.9	-38.2091
32687.4	-38.1948
32708.9	-38.1802
32730.5	-38.1658
32752	-38.1513
32773.5	-38.1366
32795.1	-38.122
32816.6	-38.1073
32838.1	-38.0925
32859.7	-38.0777
32881.2	-38.0628
32902.7	-38.0479
32924.3	-38.0328
32945.8	-38.0178
32967.3	-38.0027
32988.9	-37.9876
33010.4	-37.9723
33031.9	-37.957
33053.5	-37.9417
33075	-37.9263
33096.5	-37.9108
33118.1	-37.8953
33139.6	-37.8798
33161.1	-37.864
33182.7	-37.8484
33204.2	-37.8326
33225.7	-37.8168
33247.3	-37.8009
33268.8	-37.7849
33290.3	-37.769
33311.9	-37.7528
33333.4	-37.7367
33354.9	-37.7205
33376.5	-37.7043
33398	-37.6879
33419.5	-37.6715
33441.1	-37.6551
33462.6	-37.6385
33484.1	-37.622
33505.7	-37.6054
33527.2	-37.5886
33548.7	-37.5718
33570.3	-37.5549
33591.8	-37.5381
33613.3	-37.521
33634.9	-37.504
33656.4	-37.4868
33677.9	-37.4697
33699.5	-37.4523
33721	-37.4351
33742.5	-37.4176
33764.1	-37.4002
33785.6	-37.3826
33807.1	-37.365
33828.7	-37.3473
33850.2	-37.3295
33871.7	-37.3117
33893.3	-37.2938
33914.8	-37.2757
33936.3	-37.2577
33957.9	-37.2395
33979.4	-37.2213
34000.9	-37.203
34022.5	-37.1847
34044	-37.1662
34065.5	-37.1477
34087.1	-37.1291
34108.6	-37.1104
34130.1	-37.0916
34151.7	-37.0728
34173.2	-37.0538
34194.7	-37.0349
34216.3	-37.0157
34237.8	-36.9966
34259.3	-36.9773
34280.9	-36.958
34302.4	-36.9386
34323.9	-36.919
34345.5	-36.8995
34367	-36.8798
34388.5	-36.86
34410.1	-36.8401
34431.6	-36.8202
34453.1	-36.8001
34474.7	-36.7801
34496.2	-36.7598
34517.7	-36.7396
34539.3	-36.7191
34560.8	-36.6987
34582.3	-36.678
34603.9	-36.6575
34625.4	-36.6366
34646.9	-36.6158
34668.5	-36.5948
34690	-36.5737
34711.5	-36.5526
34733.1	-36.5314
34754.6	-36.51
34776.1	-36.4885
34797.7	-36.4671
34819.2	-36.4453
34840.7	-36.4236
34862.3	-36.4018
34883.8	-36.3798
34905.3	-36.3577
34926.9	-36.3355
34948.4	-36.3133
34969.9	-36.2909
34991.5	-36.2684
35013	-36.2459
35034.5	-36.2231
35056.1	-36.2004
35077.6	-36.1773
35099.1	-36.1544
35120.7	-36.1312
35142.2	-36.1079
35163.7	-36.0845
35185.3	-36.0611
35206.8	-36.0375
35228.3	-36.0137
35249.9	-35.9898
35271.4	-35.9659
35292.9	-35.9418
35314.5	-35.9176
35336	-35.8932
35357.5	-35.8687
35379.1	-35.8442
35400.6	-35.8194
35422.1	-35.7946
35443.7	-35.7696
35465.2	-35.7445
35486.7	-35.7192
35508.3	-35.6938
35529.8	-35.6684
35551.3	-35.6427
35572.9	-35.617
35594.4	-35.591
35615.9	-35.565
35637.5	-35.5387
35659	-35.5124
35680.5	-35.4859
35702.1	-35.4593
35723.6	-35.4325
35745.1	-35.4056
35766.7	-35.3785
35788.2	-35.3512
35809.7	-35.3239
35831.2	-35.2964
35852.8	-35.2687
35874.3	-35.2408
35895.8	-35.2129
35917.4	-35.1847
35938.9	-35.1564
35960.4	-35.1278
35982	-35.0992
36003.5	-35.0704
36025	-35.0414
36046.6	-35.0123
36068.1	-34.9829
36089.6	-34.9535
36111.2	-34.9237
36132.7	-34.8939
36154.2	-34.8639
36175.8	-34.8338
36197.3	-34.8033
36218.8	-34.7727
36240.4	-34.742
36261.9	-34.7109
36283.4	-34.6799
36305	-34.6485
36326.5	-34.617
36348	-34.5853
36369.6	-34.5533
36391.1	-34.5212
36412.6	-34.4889
36434.2	-34.4564
36455.7	-34.4236
36477.2	-34.3907
36498.8	-34.3575
36520.3	-34.3241
36541.8	-34.2904
36563.4	-34.2567
36584.9	-34.2226
36606.4	-34.1884
36628	-34.1539
36649.5	-34.1192
36671	-34.0842
36692.6	-34.049
36714.1	-34.0136
36735.6	-33.9779
36757.2	-33.942
36778.7	-33.9058
36800.2	-33.8695
36821.8	-33.8328
36843.3	-33.7959
36864.8	-33.7587
36886.4	-33.7213
36907.9	-33.6836
36929.4	-33.6456
36951	-33.6074
36972.5	-33.5689
36994	-33.5301
37015.6	-33.4911
37037.1	-33.4517
37058.6	-33.4121
37080.2	-33.3721
37101.7	-33.3319
37123.2	-33.2914
37144.8	-33.2507
37166.3	-33.2094
37187.8	-33.1681
37209.4	-33.1263
37230.9	-33.0842
37252.4	-33.0419
37274	-32.9992
37295.5	-32.9561
37317	-32.9128
37338.6	-32.8691
37360.1	-32.825
37381.6	-32.7806
37403.2	-32.736
37424.7	-32.6908
37446.2	-32.6454
37467.8	-32.5996
37489.3	-32.5534
37510.8	-32.5069
37532.4	-32.46
37553.9	-32.4126
37575.4	-32.3649
37597	-32.3169
37618.5	-32.2684
37640	-32.2195
37661.6	-32.1702
37683.1	-32.1205
37704.6	-32.0704
37726.2	-32.0198
37747.7	-31.9689
37769.2	-31.9175
37790.8	-31.8656
37812.3	-31.8134
37833.8	-31.7606
37855.4	-31.7074
37876.9	-31.6538
37898.4	-31.5996
37920	-31.545
37941.5	-31.49
37963	-31.4343
37984.6	-31.3783
38006.1	-31.3217
38027.6	-31.2646
38049.2	-31.2071
38070.7	-31.1489
38092.2	-31.0903
38113.8	-31.0311
38135.3	-30.9714
38156.8	-30.9111
38178.4	-30.8503
38199.9	-30.7889
38221.4	-30.727
38243	-30.6644
38264.5	-30.6013
38286	-30.5376
38307.6	-30.4732
38329.1	-30.4083
38350.6	-30.3427
38372.2	-30.2765
38393.7	-30.2097
38415.2	-30.1422
38436.8	-30.0741
38458.3	-30.0053
38479.8	-29.9358
38501.4	-29.8657
38522.9	-29.7949
38544.4	-29.7233
38566	-29.6511
38587.5	-29.5781
38609	-29.5044
38630.6	-29.43
38652.1	-29.3548
38673.6	-29.2789
38695.2	-29.2021
38716.7	-29.1246
38738.2	-29.0464
38759.8	-28.9673
38781.3	-28.8874
38802.8	-28.8066
38824.4	-28.7251
38845.9	-28.6427
38867.4	-28.5594
38889	-28.4753
38910.5	-28.3902
38932	-28.3043
38953.6	-28.2175
38975.1	-28.1297
38996.6	-28.041
39018.2	-27.9514
39039.7	-27.8608
39061.2	-27.7693
39082.8	-27.6767
39104.3	-27.5832
39125.8	-27.4886
39147.4	-27.393
39168.9	-27.2964
39190.4	-27.1987
39212	-27.0999
39233.5	-27
39255	-26.8991
39276.6	-26.797
39298.1	-26.6937
39319.6	-26.5894
39341.2	-26.4838
39362.7	-26.3771
39384.2	-26.2692
39405.8	-26.16
39427.3	-26.0496
39448.8	-25.938
39470.4	-25.825
39491.9	-25.7108
39513.4	-25.5952
39535	-25.4784
39556.5	-25.3601
39578	-25.2405
39599.6	-25.1195
39621.1	-24.9971
39642.6	-24.8732
39664.2	-24.7479
39685.7	-24.6211
39707.2	-24.4928
39728.8	-24.3629
39750.3	-24.2315
39771.8	-24.0985
39793.4	-23.9639
39814.9	-23.8277
39836.4	-23.6898
39858	-23.5502
39879.5	-23.4089
39901	-23.2658
39922.6	-23.121
39944.1	-22.9743
39965.6	-22.8258
39987.2	-22.6754
40008.7	-22.5232
40030.2	-22.369
40051.8	-22.2128
40073.3	-22.0545
40094.8	-21.8943
40116.4	-21.7319
40137.9	-21.5674
40159.4	-21.4007
40181	-21.2318
40202.5	-21.0607
40224	-20.8872
40245.6	-20.7113
40267.1	-20.5331
40288.6	-20.3524
40310.2	-20.1691
40331.7	-19.9833
40353.2	-19.7949
40374.8	-19.6037
40396.3	-19.4098
40417.8	-19.2131
40439.4	-19.0134
40460.9	-18.8108
40482.4	-18.6051
40504	-18.3963
40525.5	-18.1843
40547	-17.969
40568.6	-17.7504
40590.1	-17.5282
40611.6	-17.3024
40633.2	-17.0729
40654.7	-16.8397
40676.2	-16.6025
40697.8	-16.3612
40719.3	-16.1158
40740.8	-15.866
40762.4	-15.6117
40783.9	-15.3529
40805.4	-15.0892
40827	-14.8205
40848.5	-14.5467
40870	-14.2675
40891.6	-13.9827
40913.1	-13.6921
40934.6	-13.3954
40956.2	-13.0924
40977.7	-12.7828
40999.2	-12.4662
41020.8	-12.1424
41042.3	-11.811
41063.8	-11.4716
41085.4	-11.1238
41106.9	-10.7671
41128.4	-10.4011
41150	-10.0252
41171.5	-9.63875
41193	-9.24122
41214.6	-8.83187
41236.1	-8.40993
41257.6	-7.97454
41279.2	-7.52477
41300.7	-7.05958
41322.2	-6.57783
41343.8	-6.07823
41365.3	-5.5594
41386.8	-5.01973
41408.3	-4.45747
41429.9	-3.87065
41451.4	-3.25708
41472.9	-2.61429
41494.5	-1.93949
41516	-1.22959
41537.5	-0.481081
41559.1	0.309968
41580.6	1.14794
41602.1	2.03767
41623.7	2.98446
41645.2	3.99383
41666.7	5.07129
41688.3	6.22177
41709.8	7.44878
41731.3	8.75329
41752.9	10.1325
41774.4	11.5784
41795.9	13.0774
41817.5	14.6094
41839	16.1488
41860.5	17.665
41882.1	19.1237
41903.6	20.4887
41925.1	21.7226
41946.7	22.7899
41968.2	23.6616
41989.7	24.3243
42011.3	24.8003
42032.8	25.1767
42054.3	25.6211
42075.9	26.3126
42097.4	27.2748
42118.9	28.3186
42140.5	29.2014
42162	29.8005
42183.5	30.1931
42205.1	30.6355
42226.6	31.3211
42248.1	32.1037
42269.7	32.6886
42291.2	33.0284
42312.7	33.4022
42334.3	34.0017
42355.8	34.5735
42377.3	34.8874
42398.9	35.1766
42420.4	35.6822
42441.9	36.1156
42463.5	36.3206
42485	36.6496
42506.5	37.0843
42528.1	37.2816
42549.6	37.5116
42571.1	37.8926
42592.7	38.0458
42614.2	38.2494
42635.7	38.5608
42657.3	38.6393
42678.8	38.8762
42700.3	39.0579
42721.9	39.1223
42743.4	39.3672
42764.9	39.3799
42786.5	39.5619
42808	39.6142
42829.5	39.691
42851.1	39.7857
42872.6	39.7792
42894.1	39.8863
42915.7	39.8267
42937.2	39.9211
42958.7	39.8292
42980.3	39.8932
43001.8	39.7869
43023.3	39.7988
43044.9	39.7055
43066.4	39.6315
43087.9	39.5856
43109.5	39.3992
43131	39.4011
43152.5	39.1458
43174.1	39.0957
43195.6	38.9148
43217.1	38.671
43238.7	38.6162
43260.2	38.2887
43281.7	38.0921
43303.3	37.962
43324.8	37.5553
43346.3	37.3389
43367.9	37.1707
43389.4	36.7048
43410.9	36.3773
43432.5	36.2202
43454	35.7703
43475.5	35.2248
43497.1	34.9798
43518.6	34.7137
43540.1	34.1006
43561.7	33.4476
43583.2	33.1259
43604.7	32.87
43626.3	32.2769
43647.8	31.3965
43669.3	30.6565
43690.9	30.3029
43712.4	30.0482
43733.9	29.5063
43755.5	28.5485
43777	27.3225
43798.5	26.1942
43820.1	25.5186
43841.6	25.2841
43863.1	25.1784
43884.7	24.9323
43906.2	24.4276
43927.7	23.6422
43949.3	22.5945
43970.8	21.317
43992.3	19.8472
44013.9	18.2308
44035.4	16.5393
44056.9	14.9154
44078.5	13.6454

