0	10.9684
21.5332	11.1479
43.0664	11.6512
64.5996	12.3932
86.1328	13.2786
107.666	14.2284
129.199	15.1856
150.732	16.1113
172.266	16.9779
193.799	17.764
215.332	18.4509
236.865	19.0211
258.398	19.4572
279.932	19.743
301.465	19.8657
322.998	19.822
344.531	19.632
366.064	19.3626
387.598	19.1555
409.131	19.2155
430.664	19.6907
452.197	20.5249
473.73	21.4933
495.264	22.368
516.797	23.0053
538.33	23.3493
559.863	23.4295
581.396	23.3805
602.93	23.4416
624.463	23.8268
645.996	24.507
667.529	25.2271
689.062	25.7414
710.596	25.9606
732.129	25.9886
753.662	26.0922
775.195	26.4924
796.729	27.0952
818.262	27.6015
839.795	27.8321
861.328	27.8792
882.861	28.0401
904.395	28.4783
925.928	28.9811
947.461	29.2631
968.994	29.3286
990.527	29.4722
1012.06	29.8718
1033.59	30.2907
1055.13	30.4692
1076.66	30.5263
1098.19	30.7789
1119.73	31.1837
1141.26	31.4151
1162.79	31.4672
1184.33	31.6659
1205.86	32.031
1227.39	32.2326
1248.93	32.2798
1270.46	32.5014
1291.99	32.8222
1313.53	32.9356
1335.06	33.0095
1356.59	33.2914
1378.12	33.5044
1399.66	33.5401
1421.19	33.7301
1442.72	33.9849
1464.26	34.0355
1485.79	34.1585
1507.32	34.4114
1528.86	34.4744
1550.39	34.5667
1571.92	34.803
1593.46	34.8575
1614.99	34.9481
1636.52	35.1624
1658.06	35.1904
1679.59	35.3051
1701.12	35.4808
1722.66	35.4836
1744.19	35.6406
1765.72	35.7437
1787.26	35.7608
1808.79	35.9385
1830.32	35.9515
1851.86	36.0452
1873.39	36.159
1894.92	36.1517
1916.46	36.3055
1937.99	36.2995
1959.52	36.3931
1981.05	36.4564
2002.59	36.465
2024.12	36.5832
2045.65	36.5477
2067.19	36.6696
2088.72	36.6394
2110.25	36.7261
2131.79	36.7263
2153.32	36.766
2174.85	36.7976
2196.39	36.7965
2217.92	36.8493
2239.45	36.8196
2260.99	36.8817
2282.52	36.8339
2304.05	36.8965
2325.59	36.838
2347.12	36.8948
2368.65	36.8314
2390.19	36.8766
2411.72	36.8143
2433.25	36.841
2454.79	36.7883
2476.32	36.7867
2497.85	36.754
2519.38	36.7134
2540.92	36.7097
2562.45	36.6253
2583.98	36.6484
2605.52	36.5321
2627.05	36.5581
2648.58	36.4457
2670.12	36.4305
2691.65	36.3667
2713.18	36.2755
2734.72	36.2711
2756.25	36.1276
2777.78	36.1221
2799.32	36.0129
2820.85	35.9197
2842.38	35.8943
2863.92	35.7304
2885.45	35.699
2906.98	35.5964
2928.52	35.4487
2950.05	35.4256
2971.58	35.2626
2993.12	35.147
3014.65	35.1001
3036.18	34.9051
3057.71	34.8058
3079.25	34.7342
3100.78	34.5211
3122.31	34.4169
3143.85	34.3347
3165.38	34.1076
3186.91	33.9766
3208.45	33.8989
3229.98	33.6687
3251.51	33.4848
3273.05	33.4124
3294.58	33.2102
3316.11	32.9569
3337.65	32.851
3359.18	32.7159
3380.71	32.4326
3402.25	32.2175
3423.78	32.1224
3445.31	31.9186
3466.85	31.6009
3488.38	31.3952
3509.91	31.2874
3531.45	31.0563
3552.98	30.7074
3574.51	30.4585
3596.04	30.3368
3617.58	30.1327
3639.11	29.7687
3660.64	29.4173
3682.18	29.2281
3703.71	29.087
3725.24	28.8036
3746.78	28.3779
3768.31	27.9942
3789.84	27.7805
3811.38	27.6349
3832.91	27.371
3854.44	26.932
3875.98	26.4369
3897.51	26.0657
3919.04	25.8681
3940.58	25.7134
3962.11	25.4379
3983.64	24.9778
4005.18	24.398
4026.71	23.8515
4048.24	23.4758
4069.78	23.28
4091.31	23.1464
4112.84	22.9335
4134.38	22.5549
4155.91	21.9962
4177.44	21.307
4198.97	20.5897
4220.51	19.9724
4242.04	19.5536
4263.57	19.3476
4285.11	19.2849
4306.64	19.2655
4328.17	19.2067
4349.71	19.0587
4371.24	18.7993
4392.77	18.4238
4414.31	17.9376
4435.84	17.351
4457.37	16.6764
4478.91	15.9271
4500.44	15.1162
4521.97	14.2563
4543.51	13.3595
4565.04	12.4367
4586.57	11.4983
4608.11	10.5533
4629.64	9.61
4651.17	8.67548
4672.71	7.7558
4694.24	6.85595
4715.77	5.9799
4737.3	5.13068
4758.84	4.31043
4780.37	3.52052
4801.9	2.76165
4823.44	2.03393
4844.97	1.33706
4866.5	0.670343
4888.04	0.032838
4909.57	-0.576591
4931.1	-1.1592
4952.64	-1.71632
4974.17	-2.24931
4995.7	-2.75951
5017.24	-3.24825
5038.77	-3.71681
5060.3	-4.1664
5081.84	-4.59818
5103.37	-5.01325
5124.9	-5.41261
5146.44	-5.79723
5167.97	-6.16799
5189.5	-6.52572
5211.04	-6.87118
5232.57	-7.20507
5254.1	-7.52806
5275.63	-7.84076
5297.17	-8.14373
5318.7	-8.43748
5340.23	-8.72251
5361.77	-8.99926
5383.3	-9.26816
5404.83	-9.52959
5426.37	-9.7839
5447.9	-10.0314
5469.43	-10.2725
5490.97	-10.5074
5512.5	-10.7365
5534.03	-10.9599
5555.57	-11.1779
5577.1	-11.3907
5598.63	-11.5985
5620.17	-11.8016
5641.7	-12.0002
5663.23	-12.1943
5684.77	-12.3842
5706.3	-12.57
5727.83	-12.7519
5749.37	-12.93
5770.9	-13.1045
5792.43	-13.2754
5813.96	-13.443
5835.5	-13.6072
5857.03	-13.7682
5878.56	-13.9262
5900.1	-14.0812
5921.63	-14.2333
5943.16	-14.3826
5964.7	-14.5291
5986.23	-14.6731
6007.76	-14.8145
6029.3	-14.9534
6050.83	-15.0898
6072.36	-15.224
6093.9	-15.3559
6115.43	-15.4855
6136.96	-15.613
6158.5	-15.7384
6180.03	-15.8618
6201.56	-15.9831
6223.1	-16.1026
6244.63	-16.2201
6266.16	-16.3358
6287.7	-16.4497
6309.23	-16.5619
6330.76	-16.6724
6352.29	-16.7812
6373.83	-16.8884
6395.36	-16.994
6416.89	-17.098
6438.43	-17.2005
6459.96	-17.3016
6481.49	-17.4012
6503.03	-17.4994
6524.56	-17.5963
6546.09	-17.6918
6567.63	-17.7859
6589.16	-17.8788
6610.69	-17.9704
6632.23	-18.0608
6653.76	-18.15
6675.29	-18.238
6696.83	-18.3249
6718.36	-18.4106
6739.89	-18.4952
6761.43	-18.5787
6782.96	-18.6612
6804.49	-18.7426
6826.03	-18.823
6847.56	-18.9024
6869.09	-18.9808
6890.62	-19.0582
6912.16	-19.1348
6933.69	-19.2104
6955.22	-19.285
6976.76	-19.3588
6998.29	-19.4318
7019.82	-19.5038
7041.36	-19.5751
7062.89	-19.6455
7084.42	-19.7151
7105.96	-19.7839
7127.49	-19.8519
7149.02	-19.9192
7170.56	-19.9857
7192.09	-20.0515
7213.62	-20.1166
7235.16	-20.1809
7256.69	-20.2446
7278.22	-20.3075
7299.76	-20.3698
7321.29	-20.4315
7342.82	-20.4924
7364.36	-20.5528
7385.89	-20.6125
7407.42	-20.6716
7428.96	-20.7301
7450.49	-20.788
7472.02	-20.8453
7493.55	-20.902
7515.09	-20.9582
7536.62	-21.0138
7558.15	-21.0688
7579.69	-21.1233
7601.22	-21.1773
7622.75	-21.2308
7644.29	-21.2837
7665.82	-21.3362
7687.35	-21.3881
7708.89	-21.4396
7730.42	-21.4906
7751.95	-21.5411
7773.49	-21.5911
7795.02	-21.6407
7816.55	-21.6898
7838.09	-21.7385
7859.62	-21.7867
7881.15	-21.8345
7902.69	-21.8819
7924.22	-21.9288
7945.75	-21.9754
7967.29	-22.0215
7988.82	-22.0672
8010.35	-22.1125
8031.88	-22.1575
8053.42	-22.2021
8074.95	-22.2462
8096.48	-22.2901
8118.02	-22.3335
8139.55	-22.3766
8161.08	-22.4193
8182.62	-22.4617
8204.15	-22.5037
8225.68	-22.5454
8247.22	-22.5867
8268.75	-22.6278
8290.28	-22.6684
8311.82	-22.7088
8333.35	-22.7488
8354.88	-22.7886
8376.42	-22.828
8397.95	-22.8671
8419.48	-22.9059
8441.02	-22.9444
8462.55	-22.9826
8484.08	-23.0205
8505.62	-23.0582
8527.15	-23.0955
8548.68	-23.1326
8570.21	-23.1694
8591.75	-23.2059
8613.28	-23.2422
8634.81	-23.2782
8656.35	-23.3139
8677.88	-23.3494
8699.41	-23.3846
8720.95	-23.4196
8742.48	-23.4543
8764.01	-23.4887
8785.55	-23.523
8807.08	-23.557
8828.61	-23.5907
8850.15	-23.6242
8871.68	-23.6575
8893.21	-23.6906
8914.75	-23.7234
8936.28	-23.756
8957.81	-23.7884
8979.35	-23.8205
9000.88	-23.8525
9022.41	-23.8842
9043.95	-23.9157
9065.48	-23.9471
9087.01	-23.9782
9108.54	-24.0091
9130.08	-24.0398
9151.61	-24.0703
9173.14	-24.1006
9194.68	-24.1308
9216.21	-24.1607
9237.74	-24.1904
9259.28	-24.22
9280.81	-24.2493
9302.34	-24.2785
9323.88	-24.3075
9345.41	-24.3363
9366.94	-24.365
9388.48	-24.3934
9410.01	-24.4217
9431.54	-24.4498
9453.08	-24.4778
9474.61	-24.5056
9496.14	-24.5332
9517.68	-24.5606
9539.21	-24.5879
9560.74	-24.615
9582.28	-24.642
9603.81	-24.6688
9625.34	-24.6954
9646.88	-24.7219
9668.41	-24.7483
9689.94	-24.7744
9711.47	-24.8005
9733.01	-24.8264
9754.54	-24.8521
9776.07	-24.8777
9797.61	-24.9031
9819.14	-24.9284
9840.67	-24.9536
9862.21	-24.9786
9883.74	-25.0035
9905.27	-25.0282
9926.81	-25.0528
9948.34	-25.0773
9969.87	-25.1016
9991.41	-25.1258
10012.9	-25.1499
10034.5	-25.1739
10056	-25.1977
10077.5	-25.2213
10099.1	-25.2449
10120.6	-25.2683
10142.1	-25.2917
10163.7	-25.3148
10185.2	-25.3379
10206.7	-25.3608
10228.3	-25.3836
10249.8	-25.4063
10271.3	-25.4289
10292.9	-25.4514
10314.4	-25.4737
10335.9	-25.496
10357.5	-25.5181
10379	-25.5401
10400.5	-25.562
10422.1	-25.5838
10443.6	-25.6054
10465.1	-25.627
10486.7	-25.6485
10508.2	-25.6698
10529.7	-25.691
10551.3	-25.7122
10572.8	-25.7332
10594.3	-25.7541
10615.9	-25.7749
10637.4	-25.7957
10658.9	-25.8162
10680.5	-25.8368
10702	-25.8572
10723.5	-25.8775
10745.1	-25.8977
10766.6	-25.9179
10788.1	-25.9379
10809.7	-25.9578
10831.2	-25.9776
10852.7	-25.9974
10874.3	-26.017
10895.8	-26.0366
10917.3	-26.056
10938.9	-26.0754
10960.4	-26.0946
10981.9	-26.1138
11003.5	-26.1329
11025	-26.1519
11046.5	-26.1708
11068.1	-26.1897
11089.6	-26.2084
11111.1	-26.2271
11132.7	-26.2456
11154.2	-26.2641
11175.7	-26.2825
11197.3	-26.3008
11218.8	-26.319
11240.3	-26.3372
11261.9	-26.3553
11283.4	-26.3732
11304.9	-26.3911
11326.5	-26.409
11348	-26.4267
11369.5	-26.4444
11391.1	-26.4619
11412.6	-26.4794
11434.1	-26.4969
11455.7	-26.5142
11477.2	-26.5315
11498.7	-26.5487
11520.3	-26.5658
11541.8	-26.5828
11563.3	-26.5998
11584.9	-26.6167
11606.4	-26.6335
11627.9	-26.6503
11649.5	-26.6669
11671	-26.6835
11692.5	-26.7001
11714.1	-26.7165
11735.6	-26.7329
11757.1	-26.7492
11778.7	-26.7655
11800.2	-26.7816
11821.7	-26.7977
11843.3	-26.8138
11864.8	-26.8297
11886.3	-26.8456
11907.9	-26.8615
11929.4	-26.8772
11950.9	-26.8929
11972.5	-26.9086
11994	-26.9241
12015.5	-26.9396
12037.1	-26.955
12058.6	-26.9704
12080.1	-26.9857
12101.7	-27.0009
12123.2	-27.0161
12144.7	-27.0312
12166.3	-27.0463
12187.8	-27.0612
12209.3	-27.0762
12230.9	-27.091
12252.4	-27.1058
12273.9	-27.1206
12295.5	-27.1352
12317	-27.1498
12338.5	-27.1644
12360.1	-27.1789
12381.6	-27.1933
12403.1	-27.2077
12424.7	-27.222
12446.2	-27.2363
12467.7	-27.2504
12489.3	-27.2646
12510.8	-27.2787
12532.3	-27.2927
12553.9	-27.3067
12575.4	-27.3206
12596.9	-27.3344
12618.5	-27.3482
12640	-27.3619
12661.5	-27.3756
12683.1	-27.3893
12704.6	-27.4028
12726.1	-27.4163
12747.7	-27.4298
12769.2	-27.4432
12790.7	-27.4566
12812.3	-27.4699
12833.8	-27.4831
12855.3	-27.4963
12876.9	-27.5094
12898.4	-27.5225
12919.9	-27.5355
12941.5	-27.5485
12963	-27.5615
12984.5	-27.5744
13006.1	-27.5872
13027.6	-27.5999
13049.1	-27.6127
13070.7	-27.6253
13092.2	-27.638
13113.7	-27.6505
13135.3	-27.6631
13156.8	-27.6755
13178.3	-27.6879
13199.9	-27.7003
13221.4	-27.7126
13242.9	-27.7249
13264.5	-27.7371
13286	-27.7493
13307.5	-27.7614
13329.1	-27.7735
13350.6	-27.7856
13372.1	-27.7975
13393.7	-27.8095
13415.2	-27.8214
13436.7	-27.8332
13458.3	-27.845
13479.8	-27.8567
13501.3	-27.8684
13522.9	-27.8801
13544.4	-27.8917
13565.9	-27.9032
13587.5	-27.9148
13609	-27.9263
13630.5	-27.9377
13652.1	-27.949
13673.6	-27.9604
13695.1	-27.9717
13716.7	-27.9829
13738.2	-27.9941
13759.7	-28.0053
13781.2	-28.0164
13802.8	-28.0274
13824.3	-28.0385
13845.8	-28.0494
13867.4	-28.0604
13888.9	-28.0713
13910.4	-28.0821
13932	-28.0929
13953.5	-28.1037
13975	-28.1144
13996.6	-28.1251
14018.1	-28.1357
14039.6	-28.1463
14061.2	-28.1569
14082.7	-28.1674
14104.2	-28.1779
14125.8	-28.1883
14147.3	-28.1987
14168.8	-28.209
14190.4	-28.2193
14211.9	-28.2296
14233.4	-28.2398
14255	-28.25
14276.5	-28.2602
14298	-28.2702
14319.6	-28.2803
14341.1	-28.2903
14362.6	-28.3003
14384.2	-28.3102
14405.7	-28.3201
14427.2	-28.33
14448.8	-28.3398
14470.3	-28.3496
14491.8	-28.3594
14513.4	-28.369
14534.9	-28.3787
14556.4	-28.3884
14578	-28.3979
14599.5	-28.4075
14621	-28.417
14642.6	-28.4264
14664.1	-28.4359
14685.6	-28.4453
14707.2	-28.4547
14728.7	-28.464
14750.2	-28.4733
14771.8	-28.4825
14793.3	-28.4918
14814.8	-28.5009
14836.4	-28.5101
14857.9	-28.5191
14879.4	-28.5282
14901	-28.5372
14922.5	-28.5462
14944	-28.5552
14965.6	-28.5641
14987.1	-28.573
15008.6	-28.5818
15030.2	-28.5906
15051.7	-28.5994
15073.2	-28.6081
15094.8	-28.6168
15116.3	-28.6255
15137.8	-28.6341
15159.4	-28.6427
15180.9	-28.6512
15202.4	-28.6598
15224	-28.6683
15245.5	-28.6767
15267	-28.6851
15288.6	-28.6935
15310.1	-28.7019
15331.6	-28.7102
15353.2	-28.7184
15374.7	-28.7267
15396.2	-28.7349
15417.8	-28.7431
15439.3	-28.7512
15460.8	-28.7593
15482.4	-28.7674
15503.9	-28.7755
15525.4	-28.7835
15547	-28.7914
15568.5	-28.7994
15590	-28.8073
15611.6	-28.8152
15633.1	-28.823
15654.6	-28.8308
15676.2	-28.8386
15697.7	-28.8463
15719.2	-28.854
15740.8	-28.8617
15762.3	-28.8693
15783.8	-28.877
15805.4	-28.8845
15826.9	-28.892
15848.4	-28.8996
15870	-28.907
15891.5	-28.9145
15913	-28.9219
15934.6	-28.9293
15956.1	-28.9366
15977.6	-28.9439
15999.2	-28.9512
16020.7	-28.9585
16042.2	-28.9657
16063.8	-28.9728
16085.3	-28.9801
16106.8	-28.9871
16128.4	-28.9943
16149.9	-29.0013
16171.4	-29.0084
16193	-29.0154
16214.5	-29.0223
16236	-29.0293
16257.6	-29.0361
16279.1	-29.0431
16300.6	-29.0499
16322.2	-29.0567
16343.7	-29.0635
16365.2	-29.0703
16386.8	-29.077
16408.3	-29.0837
16429.8	-29.0903
16451.4	-29.0969
16472.9	-29.1036
16494.4	-29.1101
16516	-29.1167
16537.5	-29.1232
16559	-29.1297
16580.6	-29.1361
16602.1	-29.1425
16623.6	-29.1489
16645.2	-29.1553
16666.7	-29.1616
16688.2	-29.1679
16709.8	-29.1742
16731.3	-29.1805
16752.8	-29.1866
16774.4	-29.1928
16795.9	-29.199
16817.4	-29.2051
16839	-29.2112
16860.5	-29.2173
16882	-29.2233
16903.6	-29.2293
16925.1	-29.2353
16946.6	-29.2413
16968.2	-29.2472
16989.7	-29.2531
17011.2	-29.259
17032.8	-29.2648
17054.3	-29.2706
17075.8	-29.2763
17097.4	-29.2821
17118.9	-29.2878
17140.4	-29.2935
17162	-29.2992
17183.5	-29.3048
17205	-29.3104
17226.6	-29.316
17248.1	-29.3216
17269.6	-29.3271
17291.2	-29.3325
17312.7	-29.338
17334.2	-29.3435
17355.8	-29.3489
17377.3	-29.3543
17398.8	-29.3596
17420.4	-29.365
17441.9	-29.3702
17463.4	-29.3755
17485	-29.3808
17506.5	-29.386
17528	-29.3912
17549.6	-29.3963
17571.1	-29.4014
17592.6	-29.4066
17614.2	-29.4117
17635.7	-29.4167
17657.2	-29.4217
17678.8	-29.4267
17700.3	-29.4317
17721.8	-29.4366
17743.4	-29.4416
17764.9	-29.4464
17786.4	-29.4513
17808	-29.4561
17829.5	-29.4609
17851	-29.4657
17872.6	-29.4705
17894.1	-29.4752
17915.6	-29.4799
17937.2	-29.4846
17958.7	-29.4892
17980.2	-29.4938
18001.8	-29.4984
18023.3	-29.503
18044.8	-29.5075
18066.4	-29.5121
18087.9	-29.5165
18109.4	-29.521
18131	-29.5254
18152.5	-29.5298
18174	-29.5342
18195.6	-29.5386
18217.1	-29.5429
18238.6	-29.5472
18260.2	-29.5514
18281.7	-29.5557
18303.2	-29.5599
18324.8	-29.5641
18346.3	-29.5683
18367.8	-29.5724
18389.4	-29.5766
18410.9	-29.5807
18432.4	-29.5848
18454	-29.5888
18475.5	-29.5928
18497	-29.5968
18518.6	-29.6008
18540.1	-29.6047
18561.6	-29.6086
18583.2	-29.6125
18604.7	-29.6163
18626.2	-29.6202
18647.8	-29.624
18669.3	-29.6278
18690.8	-29.6315
18712.4	-29.6353
18733.9	-29.639
18755.4	-29.6427
18777	-29.6463
18798.5	-29.6499
18820	-29.6536
18841.6	-29.6572
18863.1	-29.6607
18884.6	-29.6642
18906.2	-29.6677
18927.7	-29.6712
18949.2	-29.6747
18970.8	-29.6781
18992.3	-29.6815
19013.8	-29.6849
19035.4	-29.6882
19056.9	-29.6916
19078.4	-29.6949
19100	-29.6981
19121.5	-29.7014
19143	-29.7046
19164.6	-29.7078
19186.1	-29.711
19207.6	-29.7142
19229.2	-29.7173
19250.7	-29.7204
19272.2	-29.7235
19293.8	-29.7265
19315.3	-29.7296
19336.8	-29.7326
19358.3	-29.7355
19379.9	-29.7385
19401.4	-29.7414
19422.9	-29.7444
19444.5	-29.7472
19466	-29.7501
19487.5	-29.7529
19509.1	-29.7558
19530.6	-29.7585
19552.1	-29.7613
19573.7	-29.764
19595.2	-29.7668
19616.7	-29.7694
19638.3	-29.7721
19659.8	-29.7747
19681.3	-29.7773
19702.9	-29.7799
19724.4	-29.7825
19745.9	-29.785
19767.5	-29.7875
19789	-29.79
19810.5	-29.7925
19832.1	-29.795
19853.6	-29.7974
19875.1	-29.7998
19896.7	-29.8021
19918.2	-29.8045
19939.7	-29.8068
19961.3	-29.8091
19982.8	-29.8114
20004.3	-29.8136
20025.9	-29.8159
20047.4	-29.8181
20068.9	-29.8202
20090.5	-29.8224
20112	-29.8245
20133.5	-29.8266
20155.1	-29.8287
20176.6	-29.8307
20198.1	-29.8328
20219.7	-29.8348
20241.2	-29.8368
20262.7	-29.8388
20284.3	-29.8407
20305.8	-29.8426
20327.3	-29.8445
20348.9	-29.8464
20370.4	-29.8482
20391.9	-29.85
20413.5	-29.8518
20435	-29.8536
20456.5	-29.8553
20478.1	-29.8571
20499.6	-29.8588
20521.1	-29.8604
20542.7	-29.8621
20564.2	-29.8637
20585.7	-29.8653
20607.3	-29.8669
20628.8	-29.8685
20650.3	-29.87
20671.9	-29.8715
20693.4	-29.873
20714.9	-29.8745
20736.5	-29.8759
20758	-29.8773
20779.5	-29.8787
20801.1	-29.8801
20822.6	-29.8815
20844.1	-29.8827
20865.7	-29.8841
20887.2	-29.8853
20908.7	-29.8866
20930.3	-29.8878
20951.8	-29.889
20973.3	-29.8902
20994.9	-29.8914
21016.4	-29.8925
21037.9	-29.8936
21059.5	-29.8947
21081	-29.8957
21102.5	-29.8968
21124.1	-29.8978
21145.6	-29.8988
21167.1	-29.8997
21188.7	-29.9007
21210.2	-29.9016
21231.7	-29.9025
21253.3	-29.9034
21274.8	-29.9042
21296.3	-29.9051
21317.9	-29.9059
21339.4	-29.9066
21360.9	-29.9074
21382.5	-29.9082
21404	-29.9088
21425.5	-29.9096
21447.1	-29.9102
21468.6	-29.9109
21490.1	-29.9115
21511.7	-29.9121
21533.2	-29.9126
21554.7	-29.9132
21576.3	-29.9137
21597.8	-29.9142
21619.3	-29.9147
21640.9	-29.9152
21662.4	-29.9156
21683.9	-29.916
21705.5	-29.9164
21727	-29.9168
21748.5	-29.9171
21770.1	-29.9174
21791.6	-29.9177
21813.1	-29.9179
21834.7	-29.9182
21856.2	-29.9184
21877.7	-29.9186
21899.3	-29.9188
21920.8	-29.9189
21942.3	-29.919
21963.9	-29.9192
21985.4	-29.9193
22006.9	-29.9193
22028.5	-29.9194
22050	-29.9193
22071.5	-29.9194
22093.1	-29.9193
22114.6	-29.9193
22136.1	-29.9192
22157.7	-29.919
22179.2	-29.9189
22200.7	-29.9188
22222.3	-29.9186
22243.8	-29.9184
22265.3	-29.9182
22286.9	-29.9179
22308.4	-29.9177
22329.9	-29.9174
22351.5	-29.9171
22373	-29.9168
22394.5	-29.9164
22416.1	-29.916
22437.6	-29.9156
22459.1	-29.9152
22480.7	-29.9147
22502.2	-29.9142
22523.7	-29.9137
22545.3	-29.9132
22566.8	-29.9126
22588.3	-29.9121
22609.9	-29.9115
22631.4	-29.9109
22652.9	-29.9102
22674.5	-29.9096
22696	-29.9088
22717.5	-29.9082
22739.1	-29.9074
22760.6	-29.9066
22782.1	-29.9059
22803.7	-29.9051
22825.2	-29.9042
22846.7	-29.9034
22868.3	-29.9025
22889.8	-29.9016
22911.3	-29.9007
22932.9	-29.8997
22954.4	-29.8988
22975.9	-29.8978
22997.5	-29.8968
23019	-29.8957
23040.5	-29.8947
23062.1	-29.8936
23083.6	-29.8925
23105.1	-29.8914
23126.7	-29.8902
23148.2	-29.889
23169.7	-29.8878
23191.3	-29.8866
23212.8	-29.8853
23234.3	-29.8841
23255.9	-29.8827
23277.4	-29.8815
23298.9	-29.8801
23320.5	-29.8787
23342	-29.8773
23363.5	-29.8759
23385.1	-29.8745
23406.6	-29.873
23428.1	-29.8715
23449.7	-29.87
23471.2	-29.8685
23492.7	-29.8669
23514.3	-29.8653
23535.8	-29.8637
23557.3	-29.8621
23578.9	-29.8604
23600.4	-29.8588
23621.9	-29.8571
23643.5	-29.8553
23665	-29.8536
23686.5	-29.8518
23708.1	-29.85
23729.6	-29.8482
23751.1	-29.8464
23772.7	-29.8445
23794.2	-29.8426
23815.7	-29.8407
23837.3	-29.8388
23858.8	-29.8368
23880.3	-29.8348
23901.9	-29.8328
23923.4	-29.8307
23944.9	-29.8287
23966.5	-29.8266
23988	-29.8245
24009.5	-29.8224
24031.1	-29.8202
24052.6	-29.8181
24074.1	-29.8159
24095.7	-29.8136
24117.2	-29.8114
24138.7	-29.8091
24160.3	-29.8068
24181.8	-29.8045
24203.3	-29.8021
24224.9	-29.7998
24246.4	-29.7974
24267.9	-29.795
24289.5	-29.7925
24311	-29.79
24332.5	-29.7875
24354.1	-29.785
24375.6	-29.7825
24397.1	-29.7799
24418.7	-29.7773
24440.2	-29.7747
24461.7	-29.7721
24483.3	-29.7694
24504.8	-29.7668
24526.3	-29.764
24547.9	-29.7613
24569.4	-29.7585
24590.9	-29.7558
24612.5	-29.7529
24634	-29.7501
24655.5	-29.7472
24677.1	-29.7444
24698.6	-29.7414
24720.1	-29.7385
24741.7	-29.7355
24763.2	-29.7326
24784.7	-29.7296
24806.2	-29.7265
24827.8	-29.7235
24849.3	-29.7204
24870.8	-29.7173
24892.4	-29.7142
24913.9	-29.711
24935.4	-29.7078
24957	-29.7046
24978.5	-29.7014
25000	-29.6981
25021.6	-29.6949
25043.1	-29.6916
25064.6	-29.6882
25086.2	-29.6849
25107.7	-29.6815
25129.2	-29.6781
25150.8	-29.6747
25172.3	-29.6712
25193.8	-29.6677
25215.4	-29.6642
25236.9	-29.6607
25258.4	-29.6572
25280	-29.6536
25301.5	-29.6499
25323	-29.6463
25344.6	-29.6427
25366.1	-29.639
25387.6	-29.6353
25409.2	-29.6315
25430.7	-29.6278
25452.2	-29.624
25473.8	-29.6202
25495.3	-29.6163
25516.8	-29.6125
25538.4	-29.6086
25559.9	-29.6047
25581.4	-29.6008
25603	-29.5968
25624.5	-29.5928
25646	-29.5888
25667.6	-29.5848
25689.1	-29.5807
25710.6	-29.5766
25732.2	-29.5724
25753.7	-29.5683
25775.2	-29.5641
25796.8	-29.5599
25818.3	-29.5557
25839.8	-29.5514
25861.4	-29.5472
25882.9	-29.5429
25904.4	-29.5386
25926	-29.5342
25947.5	-29.5298
25969	-29.5254
25990.6	-29.521
26012.1	-29.5165
26033.6	-29.5121
26055.2	-29.5075
26076.7	-29.503
26098.2	-29.4984
26119.8	-29.4938
26141.3	-29.4892
26162.8	-29.4846
26184.4	-29.4799
26205.9	-29.4752
26227.4	-29.4705
26249	-29.4657
26270.5	-29.4609
26292	-29.4561
26313.6	-29.4513
26335.1	-29.4464
26356.6	-29.4416
26378.2	-29.4366
26399.7	-29.4317
26421.2	-29.4267
26442.8	-29.4217
26464.3	-29.4167
26485.8	-29.4117
26507.4	-29.4066
26528.9	-29.4014
26550.4	-29.3963
26572	-29.3912
26593.5	-29.386
26615	-29.3808
26636.6	-29.3755
26658.1	-29.3702
26679.6	-29.365
26701.2	-29.3596
26722.7	-29.3543
26744.2	-29.3489
26765.8	-29.3435
26787.3	-29.338
26808.8	-29.3325
26830.4	-29.3271
26851.9	-29.3216
26873.4	-29.316
26895	-29.3104
26916.5	-29.3048
26938	-29.2992
26959.6	-29.2935
26981.1	-29.2878
27002.6	-29.2821
27024.2	-29.2763
27045.7	-29.2706
27067.2	-29.2648
27088.8	-29.259
27110.3	-29.2531
27131.8	-29.2472
27153.4	-29.2413
27174.9	-29.2353
27196.4	-29.2293
27218	-29.2233
27239.5	-29.2173
27261	-29.2112
27282.6	-29.2051
27304.1	-29.199
27325.6	-29.1928
27347.2	-29.1866
27368.7	-29.1805
27390.2	-29.1742
27411.8	-29.1679
27433.3	-29.1616
27454.8	-29.1553
27476.4	-29.1489
27497.9	-29.1425
27519.4	-29.1361
27541	-29.1297
27562.5	-29.1232
27584	-29.1167
27605.6	-29.1101
27627.1	-29.1036
27648.6	-29.0969
27670.2	-29.0903
27691.7	-29.0837
27713.2	-29.077
27734.8	-29.0703
27756.3	-29.0635
27777.8	-29.0567
27799.4	-29.0499
27820.9	-29.0431
27842.4	-29.0361
27864	-29.0293
27885.5	-29.0223
27907	-29.0154
27928.6	-29.0084
27950.1	-29.0013
27971.6	-28.9943
27993.2	-28.9871
28014.7	-28.9801
28036.2	-28.9728
28057.8	-28.9657
28079.3	-28.9585
28100.8	-28.9512
28122.4	-28.9439
28143.9	-28.9366
28165.4	-28.9293
28187	-28.9219
28208.5	-28.9145
28230	-28.907
28251.6	-28.8996
28273.1	-28.892
28294.6	-28.8845
28316.2	-28.877
28337.7	-28.8693
28359.2	-28.8617
28380.8	-28.854
28402.3	-28.8463
28423.8	-28.8386
28445.4	-28.8308
28466.9	-28.823
28488.4	-28.8152
28510	-28.8073
28531.5	-28.7994
28553	-28.7914
28574.6	-28.7835
28596.1	-28.7755
28617.6	-28.7674
28639.2	-28.7593
28660.7	-28.7512
28682.2	-28.7431
28703.8	-28.7349
28725.3	-28.7267
28746.8	-28.7184
28768.4	-28.7102
28789.9	-28.7019
28811.4	-28.6935
28833	-28.6851
28854.5	-28.6767
28876	-28.6683
28897.6	-28.6598
28919.1	-28.6512
28940.6	-28.6427
28962.2	-28.6341
28983.7	-28.6255
29005.2	-28.6168
29026.8	-28.6081
29048.3	-28.5994
29069.8	-28.5906
29091.4	-28.5818
29112.9	-28.573
29134.4	-28.5641
29156	-28.5552
29177.5	-28.5462
29199	-28.5372
29220.6	-28.5282
29242.1	-28.5191
29263.6	-28.5101
29285.2	-28.5009
29306.7	-28.4918
29328.2	-28.4825
29349.8	-28.4733
29371.3	-28.464
29392.8	-28.4547
29414.4	-28.4453
29435.9	-28.4359
29457.4	-28.4264
29479	-28.417
29500.5	-28.4075
29522	-28.3979
29543.6	-28.3884
29565.1	-28.3787
29586.6	-28.369
29608.2	-28.3594
29629.7	-28.3496
29651.2	-28.3398
29672.8	-28.33
29694.3	-28.3201
29715.8	-28.3102
29737.4	-28.3003
29758.9	-28.2903
29780.4	-28.2803
29802	-28.2702
29823.5	-28.2602
29845	-28.25
29866.6	-28.2398
29888.1	-28.2296
29909.6	-28.2193
29931.2	-28.209
29952.7	-28.1987
29974.2	-28.1883
29995.8	-28.1779
30017.3	-28.1674
30038.8	-28.1569
30060.4	-28.1463
30081.9	-28.1357
30103.4	-28.1251
30125	-28.1144
30146.5	-28.1037
30168	-28.0929
30189.6	-28.0821
30211.1	-28.0713
30232.6	-28.0604
30254.2	-28.0494
30275.7	-28.0385
30297.2	-28.0274
30318.8	-28.0164
30340.3	-28.0053
30361.8	-27.9941
30383.3	-27.9829
30404.9	-27.9717
30426.4	-27.9604
30447.9	-27.949
30469.5	-27.9377
30491	-27.9263
30512.5	-27.9148
30534.1	-27.9032
30555.6	-27.8917
30577.1	-27.8801
30598.7	-27.8684
30620.2	-27.8567
30641.7	-27.845
30663.3	-27.8332
30684.8	-27.8214
30706.3	-27.8095
30727.9	-27.7975
30749.4	-27.7856
30770.9	-27.7735
30792.5	-27.7614
30814	-27.7493
30835.5	-27.7371
30857.1	-27.7249
30878.6	-27.7126
30900.1	-27.7003
30921.7	-27.6879
30943.2	-27.6755
30964.7	-27.6631
30986.3	-27.6505
31007.8	-27.638
31029.3	-27.6253
31050.9	-27.6127
31072.4	-27.5999
31093.9	-27.5872
31115.5	-27.5744
31137	-27.5615
31158.5	-27.5485
31180.1	-27.5355
31201.6	-27.5225
31223.1	-27.5094
31244.7	-27.4963
31266.2	-27.4831
31287.7	-27.4699
31309.3	-27.4566
31330.8	-27.4432
31352.3	-27.4298
31373.9	-27.4163
31395.4	-27.4028
31416.9	-27.3893
31438.5	-27.3756
31460	-27.3619
31481.5	-27.3482
31503.1	-27.3344
31524.6	-27.3206
31546.1	-27.3067
31567.7	-27.2927
31589.2	-27.2787
31610.7	-27.2646
31632.3	-27.2504
31653.8	-27.2363
31675.3	-27.222
31696.9	-27.2077
31718.4	-27.1933
31739.9	-27.1789
31761.5	-27.1644
31783	-27.1498
31804.5	-27.1352
31826.1	-27.1206
31847.6	-27.1058
31869.1	-27.091
31890.7	-27.0762
31912.2	-27.0612
31933.7	-27.0463
31955.3	-27.0312
31976.8	-27.0161
31998.3	-27.0009
32019.9	-26.9857
32041.4	-26.9704
32062.9	-26.955
32084.5	-26.9396
32106	-26.9241
32127.5	-26.9086
32149.1	-26.8929
32170.6	-26.8772
32192.1	-26.8615
32213.7	-26.8456
32235.2	-26.8297
32256.7	-26.8138
32278.3	-26.7977
32299.8	-26.7816
32321.3	-26.7655
32342.9	-26.7492
32364.4	-26.7329
32385.9	-26.7165
32407.5	-26.7001
32429	-26.6835
32450.5	-26.6669
32472.1	-26.6503
32493.6	-26.6335
32515.1	-26.6167
32536.7	-26.5998
32558.2	-26.5828
32579.7	-26.5658
32601.3	-26.5487
32622.8	-26.5315
32644.3	-26.5142
32665.9	-26.4969
32687.4	-26.4794
32708.9	-26.4619
32730.5	-26.4444
32752	-26.4267
32773.5	-26.409
32795.1	-26.3911
32816.6	-26.3732
32838.1	-26.3553
32859.7	-26.3372
32881.2	-26.319
32902.7	-26.3008
32924.3	-26.2825
32945.8	-26.2641
32967.3	-26.2456
32988.9	-26.2271
33010.4	-26.2084
33031.9	-26.1897
33053.5	-26.1708
33075	-26.1519
33096.5	-26.1329
33118.1	-26.1138
33139.6	-26.0946
33161.1	-26.0754
33182.7	-26.056
33204.2	-26.0366
33225.7	-26.017
33247.3	-25.9974
33268.8	-25.9776
33290.3	-25.9578
33311.9	-25.9379
33333.4	-25.9179
33354.9	-25.8977
33376.5	-25.8775
33398	-25.8572
33419.5	-25.8368
33441.1	-25.8162
33462.6	-25.7957
33484.1	-25.7749
33505.7	-25.7541
33527.2	-25.7332
33548.7	-25.7122
33570.3	-25.691
33591.8	-25.6698
33613.3	-25.6485
33634.9	-25.627
33656.4	-25.6054
33677.9	-25.5838
33699.5	-25.562
33721	-25.5401
33742.5	-25.5181
33764.1	-25.496
33785.6	-25.4737
33807.1	-25.4514
33828.7	-25.4289
33850.2	-25.4063
33871.7	-25.3836
33893.3	-25.3608
33914.8	-25.3379
33936.3	-25.3148
33957.9	-25.2917
33979.4	-25.2683
34000.9	-25.2449
34022.5	-25.2213
34044	-25.1977
34065.5	-25.1739
34087.1	-25.1499
34108.6	-25.1258
34130.1	-25.1016
34151.7	-25.0773
34173.2	-25.0528
34194.7	-25.0282
34216.3	-25.0035
34237.8	-24.9786
34259.3	-24.9536
34280.9	-24.9284
34302.4	-24.9031
34323.9	-24.8777
34345.5	-24.8521
34367	-24.8264
34388.5	-24.8005
34410.1	-24.7744
34431.6	-24.7483
34453.1	-24.7219
34474.7	-24.6954
34496.2	-24.6688
34517.7	-24.642
34539.3	-24.615
34560.8	-24.5879
34582.3	-24.5606
34603.9	-24.5332
34625.4	-24.5056
34646.9	-24.4778
34668.5	-24.4498
34690	-24.4217
34711.5	-24.3934
34733.1	-24.365
34754.6	-24.3363
34776.1	-24.3075
34797.7	-24.2785
34819.2	-24.2493
34840.7	-24.22
34862.3	-24.1904
34883.8	-24.1607
34905.3	-24.1308
34926.9	-24.1006
34948.4	-24.0703
34969.9	-24.0398
34991.5	-24.0091
35013	-23.9782
35034.5	-23.9471
35056.1	-23.9157
35077.6	-23.8842
35099.1	-23.8525
35120.7	-23.8205
35142.2	-23.7884
35163.7	-23.756
35185.3	-23.7234
35206.8	-23.6906
35228.3	-23.6575
35249.9	-23.6242
35271.4	-23.5907
35292.9	-23.557
35314.5	-23.523
35336	-23.4887
35357.5	-23.4543
35379.1	-23.4196
35400.6	-23.3846
35422.1	-23.3494
35443.7	-23.3139
35465.2	-23.2782
35486.7	-23.2422
35508.3	-23.2059
35529.8	-23.1694
35551.3	-23.1326
35572.9	-23.0955
35594.4	-23.0582
35615.9	-23.0205
35637.5	-22.9826
35659	-22.9444
35680.5	-22.9059
35702.1	-22.8671
35723.6	-22.828
35745.1	-22.7886
35766.7	-22.7488
35788.2	-22.7088
35809.7	-22.6684
35831.2	-22.6278
35852.8	-22.5867
35874.3	-22.5454
35895.8	-22.5037
35917.4	-22.4617
35938.9	-22.4193
35960.4	-22.3766
35982	-22.3335
36003.5	-22.2901
36025	-22.2462
36046.6	-22.2021
36068.1	-22.1575
36089.6	-22.1125
36111.2	-22.0672
36132.7	-22.0215
36154.2	-21.9754
36175.8	-21.9288
36197.3	-21.8819
36218.8	-21.8345
36240.4	-21.7867
36261.9	-21.7385
36283.4	-21.6898
36305	-21.6407
36326.5	-21.5911
36348	-21.5411
36369.6	-21.4906
36391.1	-21.4396
36412.6	-21.3881
36434.2	-21.3362
36455.7	-21.2837
36477.2	-21.2308
36498.8	-21.1773
36520.3	-21.1233
36541.8	-21.0688
36563.4	-21.0138
36584.9	-20.9582
36606.4	-20.902
36628	-20.8453
36649.5	-20.788
36671	-20.7301
36692.6	-20.6716
36714.1	-20.6125
36735.6	-20.5528
36757.2	-20.4924
36778.7	-20.4315
36800.2	-20.3698
36821.8	-20.3075
36843.3	-20.2446
36864.8	-20.1809
36886.4	-20.1166
36907.9	-20.0515
36929.4	-19.9857
36951	-19.9192
36972.5	-19.8519
36994	-19.7839
37015.6	-19.7151
37037.1	-19.6455
37058.6	-19.5751
37080.2	-19.5038
37101.7	-19.4318
37123.2	-19.3588
37144.8	-19.285
37166.3	-19.2104
37187.8	-19.1348
37209.4	-19.0582
37230.9	-18.9808
37252.4	-18.9024
37274	-18.823
37295.5	-18.7426
37317	-18.6612
37338.6	-18.5787
37360.1	-18.4952
37381.6	-18.4106
37403.2	-18.3249
37424.7	-18.238
37446.2	-18.15
37467.8	-18.0608
37489.3	-17.9704
37510.8	-17.8788
37532.4	-17.7859
37553.9	-17.6918
37575.4	-17.5963
37597	-17.4994
37618.5	-17.4012
37640	-17.3016
37661.6	-17.2005
37683.1	-17.098
37704.6	-16.994
37726.2	-16.8884
37747.7	-16.7812
37769.2	-16.6724
37790.8	-16.5619
37812.3	-16.4497
37833.8	-16.3358
37855.4	-16.2201
37876.9	-16.1026
37898.4	-15.9831
37920	-15.8618
37941.5	-15.7384
37963	-15.613
37984.6	-15.4855
38006.1	-15.3559
38027.6	-15.224
38049.2	-15.0898
38070.7	-14.9534
38092.2	-14.8145
38113.8	-14.6731
38135.3	-14.5291
38156.8	-14.3826
38178.4	-14.2333
38199.9	-14.0812
38221.4	-13.9262
38243	-13.7682
38264.5	-13.6072
38286	-13.443
38307.6	-13.2754
38329.1	-13.1045
38350.6	-12.93
38372.2	-12.7519
38393.7	-12.57
38415.2	-12.3842
38436.8	-12.1943
38458.3	-12.0002
38479.8	-11.8016
38501.4	-11.5985
38522.9	-11.3907
38544.4	-11.1779
38566	-10.9599
38587.5	-10.7365
38609	-10.5074
38630.6	-10.2725
38652.1	-10.0314
38673.6	-9.7839
38695.2	-9.52959
38716.7	-9.26816
38738.2	-8.99926
38759.8	-8.72251
38781.3	-8.43748
38802.8	-8.14373
38824.4	-7.84076
38845.9	-7.52806
38867.4	-7.20507
38889	-6.87118
38910.5	-6.52572
38932	-6.16799
38953.6	-5.79723
38975.1	-5.41261
38996.6	-5.01325
39018.2	-4.59818
39039.7	-4.1664
39061.2	-3.71681
39082.8	-3.24825
39104.3	-2.75951
39125.8	-2.24931
39147.4	-1.71632
39168.9	-1.1592
39190.4	-0.576591
39212	0.032838
39233.5	0.670343
39255	1.33706
39276.6	2.03393
39298.1	2.76165
39319.6	3.52052
39341.2	4.31043
39362.7	5.13068
39384.2	5.9799
39405.8	6.85595
39427.3	7.7558
39448.8	8.67548
39470.4	9.61
39491.9	10.5533
39513.4	11.4983
39535	12.4367
39556.5	13.3595
39578	14.2563
39599.6	15.1162
39621.1	15.9271
39642.6	16.6764
39664.2	17.351
39685.7	17.9376
39707.2	18.4238
39728.8	18.7993
39750.3	19.0587
39771.8	19.2067
39793.4	19.2655
39814.9	19.2849
39836.4	19.3476
39858	19.5536
39879.5	19.9724
39901	20.5897
39922.6	21.307
39944.1	21.9962
39965.6	22.5549
39987.2	22.9335
40008.7	23.1464
40030.2	23.28
40051.8	23.4758
40073.3	23.8515
40094.8	24.398
40116.4	24.9778
40137.9	25.4379
40159.4	25.7134
40181	25.8681
40202.5	26.0657
40224	26.4369
40245.6	26.932
40267.1	27.371
40288.6	27.6349
40310.2	27.7805
40331.7	27.9942
40353.2	28.3779
40374.8	28.8036
40396.3	29.087
40417.8	29.2281
40439.4	29.4173
40460.9	29.7687
40482.4	30.1327
40504	30.3368
40525.5	30.4585
40547	30.7074
40568.6	31.0563
40590.1	31.2874
40611.6	31.3952
40633.2	31.6009
40654.7	31.9186
40676.2	32.1224
40697.8	32.2175
40719.3	32.4326
40740.8	32.7159
40762.4	32.851
40783.9	32.9569
40805.4	33.2102
40827	33.4124
40848.5	33.4848
40870	33.6687
40891.6	33.8989
40913.1	33.9766
40934.6	34.1076
40956.2	34.3347
40977.7	34.4169
40999.2	34.5211
41020.8	34.7342
41042.3	34.8058
41063.8	34.9051
41085.4	35.1001
41106.9	35.147
41128.4	35.2626
41150	35.4256
41171.5	35.4487
41193	35.5964
41214.6	35.699
41236.1	35.7304
41257.6	35.8943
41279.2	35.9197
41300.7	36.0129
41322.2	36.1221
41343.8	36.1276
41365.3	36.2711
41386.8	36.2755
41408.3	36.3667
41429.9	36.4305
41451.4	36.4457
41472.9	36.5581
41494.5	36.5321
41516	36.6484
41537.5	36.6253
41559.1	36.7097
41580.6	36.7134
41602.1	36.754
41623.7	36.7867
41645.2	36.7883
41666.7	36.841
41688.3	36.8143
41709.8	36.8766
41731.3	36.8314
41752.9	36.8948
41774.4	36.838
41795.9	36.8965
41817.5	36.8339
41839	36.8817
41860.5	36.8196
41882.1	36.8493
41903.6	36.7965
41925.1	36.7976
41946.7	36.766
41968.2	36.7263
41989.7	36.7261
42011.3	36.6394
42032.8	36.6696
42054.3	36.5477
42075.9	36.5832
42097.4	36.465
42118.9	36.4564
42140.5	36.3931
42162	36.2995
42183.5	36.3055
42205.1	36.1517
42226.6	36.159
42248.1	36.0452
42269.7	35.9515
42291.2	35.9385
42312.7	35.7608
42334.3	35.7437
42355.8	35.6406
42377.3	35.4836
42398.9	35.4808
42420.4	35.3051
42441.9	35.1904
42463.5	35.1624
42485	34.9481
42506.5	34.8575
42528.1	34.803
42549.6	34.5667
42571.1	34.4744
42592.7	34.4114
42614.2	34.1585
42635.7	34.0355
42657.3	33.9849
42678.8	33.7301
42700.3	33.5401
42721.9	33.5044
42743.4	33.2914
42764.9	33.0095
42786.5	32.9356
42808	32.8222
42829.5	32.5014
42851.1	32.2798
42872.6	32.2326
42894.1	32.031
42915.7	31.6659
42937.2	31.4672
42958.7	31.4151
42980.3	31.1837
43001.8	30.7789
43023.3	30.5263
43044.9	30.4692
43066.4	30.2907
43087.9	29.8718
43109.5	29.4722
43131	29.3286
43152.5	29.2631
43174.1	28.9811
43195.6	28.4783
43217.1	28.0401
43238.7	27.8792
43260.2	27.8321
43281.7	27.6015
43303.3	27.0952
43324.8	26.4924
43346.3	26.0922
43367.9	25.9886
43389.4	25.9606
43410.9	25.7414
43432.5	25.2271
43454	24.507
43475.5	23.8268
43497.1	23.4416
43518.6	23.3805
43540.1	23.4295
43561.7	23.3493
43583.2	23.0053
43604.7	22.368
43626.3	21.4933
43647.8	20.5249
43669.3	19.6907
43690.9	19.2155
43712.4	19.1555
43733.9	19.3626
43755.5	19.632
43777	19.822
43798.5	19.8657
43820.1	19.743
43841.6	19.4572
43863.1	19.0211
43884.7	18.4509
43906.2	17.764
43927.7	16.9779
43949.3	16.1113
43970.8	15.1856
43992.3	14.2284
44013.9	13.2786
44035.4	12.3932
44056.9	11.6512
44078.5	11.1479

