0	-28.8769
21.5332	-28.8758
43.0664	-28.8725
64.5996	-28.8669
86.1328	-28.8591
107.666	-28.849
129.199	-28.8369
150.732	-28.8225
172.266	-28.8059
193.799	-28.7872
215.332	-28.7663
236.865	-28.7434
258.398	-28.7183
279.932	-28.6912
301.465	-28.662
322.998	-28.6308
344.531	-28.5977
366.064	-28.5626
387.598	-28.5256
409.131	-28.4868
430.664	-28.446
452.197	-28.4035
473.73	-28.3592
495.264	-28.3132
516.797	-28.2655
538.33	-28.2161
559.863	-28.1652
581.396	-28.1126
602.93	-28.0586
624.463	-28.003
645.996	-27.946
667.529	-27.8876
689.062	-27.8278
710.596	-27.7666
732.129	-27.7042
753.662	-27.6406
775.195	-27.5757
796.729	-27.5096
818.262	-27.4424
839.795	-27.374
861.328	-27.3046
882.861	-27.2342
904.395	-27.1628
925.928	-27.0904
947.461	-27.017
968.994	-26.9428
990.527	-26.8676
1012.06	-26.7917
1033.59	-26.7149
1055.13	-26.6373
1076.66	-26.559
1098.19	-26.4798
1119.73	-26.4001
1141.26	-26.3196
1162.79	-26.2385
1184.33	-26.1567
1205.86	-26.0742
1227.39	-25.9913
1248.93	-25.9077
1270.46	-25.8235
1291.99	-25.7388
1313.53	-25.6536
1335.06	-25.5679
1356.59	-25.4816
1378.12	-25.3949
1399.66	-25.3077
1421.19	-25.2201
1442.72	-25.132
1464.26	-25.0435
1485.79	-24.9546
1507.32	-24.8653
1528.86	-24.7755
1550.39	-24.6854
1571.92	-24.5949
1593.46	-24.504
1614.99	-24.4128
1636.52	-24.3212
1658.06	-24.2292
1679.59	-24.1369
1701.12	-24.0442
1722.66	-23.9512
1744.19	-23.8579
1765.72	-23.7642
1787.26	-23.6702
1808.79	-23.5759
1830.32	-23.4812
1851.86	-23.3862
1873.39	-23.2909
1894.92	-23.1952
1916.46	-23.0993
1937.99	-23.003
1959.52	-22.9063
1981.05	-22.8094
2002.59	-22.7121
2024.12	-22.6144
2045.65	-22.5165
2067.19	-22.4182
2088.72	-22.3195
2110.25	-22.2206
2131.79	-22.1212
2153.32	-22.0215
2174.85	-21.9215
2196.39	-21.8211
2217.92	-21.7203
2239.45	-21.6191
2260.99	-21.5176
2282.52	-21.4156
2304.05	-21.3133
2325.59	-21.2106
2347.12	-21.1074
2368.65	-21.0039
2390.19	-20.8999
2411.72	-20.7955
2433.25	-20.6906
2454.79	-20.5853
2476.32	-20.4795
2497.85	-20.3732
2519.38	-20.2665
2540.92	-20.1593
2562.45	-20.0515
2583.98	-19.9433
2605.52	-19.8345
2627.05	-19.7252
2648.58	-19.6153
2670.12	-19.5049
2691.65	-19.3939
2713.18	-19.2823
2734.72	-19.1701
2756.25	-19.0572
2777.78	-18.9438
2799.32	-18.8296
2820.85	-18.7148
2842.38	-18.5994
2863.92	-18.4832
2885.45	-18.3663
2906.98	-18.2486
2928.52	-18.1302
2950.05	-18.011
2971.58	-17.891
2993.12	-17.7702
3014.65	-17.6486
3036.18	-17.526
3057.71	-17.4026
3079.25	-17.2783
3100.78	-17.1531
3122.31	-17.0269
3143.85	-16.8997
3165.38	-16.7715
3186.91	-16.6422
3208.45	-16.5119
3229.98	-16.3805
3251.51	-16.2479
3273.05	-16.1142
3294.58	-15.9793
3316.11	-15.8431
3337.65	-15.7057
3359.18	-15.567
3380.71	-15.4269
3402.25	-15.2854
3423.78	-15.1425
3445.31	-14.9981
3466.85	-14.8523
3488.38	-14.7048
3509.91	-14.5557
3531.45	-14.405
3552.98	-14.2525
3574.51	-14.0983
3596.04	-13.9423
3617.58	-13.7843
3639.11	-13.6244
3660.64	-13.4624
3682.18	-13.2984
3703.71	-13.1321
3725.24	-12.9637
3746.78	-12.7929
3768.31	-12.6197
3789.84	-12.4439
3811.38	-12.2656
3832.91	-12.0846
3854.44	-11.9008
3875.98	-11.7141
3897.51	-11.5243
3919.04	-11.3314
3940.58	-11.1352
3962.11	-10.9356
3983.64	-10.7324
4005.18	-10.5255
4026.71	-10.3147
4048.24	-10.0999
4069.78	-9.88074
4091.31	-9.65715
4112.84	-9.4289
4134.38	-9.19574
4155.91	-8.95743
4177.44	-8.71369
4198.97	-8.46425
4220.51	-8.2088
4242.04	-7.94699
4263.57	-7.67848
4285.11	-7.40285
4306.64	-7.1197
4328.17	-6.82855
4349.71	-6.52889
4371.24	-6.22017
4392.77	-5.90177
4414.31	-5.57302
4435.84	-5.23318
4457.37	-4.88143
4478.91	-4.51684
4500.44	-4.1384
4521.97	-3.74496
4543.51	-3.33524
4565.04	-2.9078
4586.57	-2.461
4608.11	-1.993
4629.64	-1.50168
4651.17	-0.984642
4672.71	-0.439135
4694.24	0.137972
4715.77	0.750236
4737.3	1.40165
4758.84	2.09656
4780.37	2.8394
4801.9	3.63398
4823.44	4.48147
4844.97	5.37527
4866.5	6.28604
4888.04	7.11214
4909.57	7.46776
4931.1	5.06212
4952.64	10.7808
4974.17	43.7758
4995.7	54.5749
5017.24	50.2371
5038.77	22.5295
5060.3	-1.20327
5081.84	7.30402
5103.37	7.51954
5124.9	6.837
5146.44	5.97567
5167.97	5.10459
5189.5	4.27226
5211.04	3.4916
5232.57	2.76361
5254.1	2.08521
5275.63	1.45209
5297.17	0.859822
5318.7	0.304261
5340.23	-0.21832
5361.77	-0.711218
5383.3	-1.17733
5404.83	-1.61918
5426.37	-2.039
5447.9	-2.43872
5469.43	-2.82008
5490.97	-3.18457
5512.5	-3.53355
5534.03	-3.8682
5555.57	-4.1896
5577.1	-4.49869
5598.63	-4.79634
5620.17	-5.08332
5641.7	-5.36032
5663.23	-5.62799
5684.77	-5.88689
5706.3	-6.13756
5727.83	-6.38047
5749.37	-6.61607
5770.9	-6.84476
5792.43	-7.06692
5813.96	-7.28288
5835.5	-7.49297
5857.03	-7.69747
5878.56	-7.89667
5900.1	-8.09081
5921.63	-8.28013
5943.16	-8.46486
5964.7	-8.64519
5986.23	-8.82133
6007.76	-8.99344
6029.3	-9.16171
6050.83	-9.32628
6072.36	-9.48731
6093.9	-9.64494
6115.43	-9.79929
6136.96	-9.95051
6158.5	-10.0987
6180.03	-10.244
6201.56	-10.3864
6223.1	-10.5262
6244.63	-10.6633
6266.16	-10.7979
6287.7	-10.9301
6309.23	-11.0599
6330.76	-11.1875
6352.29	-11.3128
6373.83	-11.436
6395.36	-11.5571
6416.89	-11.6762
6438.43	-11.7934
6459.96	-11.9087
6481.49	-12.0221
6503.03	-12.1338
6524.56	-12.2437
6546.09	-12.352
6567.63	-12.4587
6589.16	-12.5637
6610.69	-12.6672
6632.23	-12.7693
6653.76	-12.8698
6675.29	-12.9689
6696.83	-13.0667
6718.36	-13.1631
6739.89	-13.2582
6761.43	-13.352
6782.96	-13.4445
6804.49	-13.5358
6826.03	-13.626
6847.56	-13.7149
6869.09	-13.8028
6890.62	-13.8895
6912.16	-13.9751
6933.69	-14.0597
6955.22	-14.1433
6976.76	-14.2258
6998.29	-14.3073
7019.82	-14.3879
7041.36	-14.4676
7062.89	-14.5463
7084.42	-14.6241
7105.96	-14.701
7127.49	-14.777
7149.02	-14.8522
7170.56	-14.9266
7192.09	-15.0001
7213.62	-15.0728
7235.16	-15.1448
7256.69	-15.216
7278.22	-15.2864
7299.76	-15.3561
7321.29	-15.425
7342.82	-15.4933
7364.36	-15.5608
7385.89	-15.6277
7407.42	-15.6939
7428.96	-15.7594
7450.49	-15.8243
7472.02	-15.8885
7493.55	-15.9521
7515.09	-16.0151
7536.62	-16.0775
7558.15	-16.1393
7579.69	-16.2005
7601.22	-16.2612
7622.75	-16.3212
7644.29	-16.3808
7665.82	-16.4397
7687.35	-16.4982
7708.89	-16.5561
7730.42	-16.6135
7751.95	-16.6703
7773.49	-16.7267
7795.02	-16.7826
7816.55	-16.838
7838.09	-16.8929
7859.62	-16.9474
7881.15	-17.0013
7902.69	-17.0549
7924.22	-17.1079
7945.75	-17.1605
7967.29	-17.2127
7988.82	-17.2645
8010.35	-17.3158
8031.88	-17.3667
8053.42	-17.4172
8074.95	-17.4673
8096.48	-17.517
8118.02	-17.5663
8139.55	-17.6152
8161.08	-17.6638
8182.62	-17.7119
8204.15	-17.7597
8225.68	-17.8071
8247.22	-17.8541
8268.75	-17.9008
8290.28	-17.9472
8311.82	-17.9931
8333.35	-18.0388
8354.88	-18.0841
8376.42	-18.1291
8397.95	-18.1737
8419.48	-18.218
8441.02	-18.262
8462.55	-18.3056
8484.08	-18.349
8505.62	-18.392
8527.15	-18.4348
8548.68	-18.4772
8570.21	-18.5194
8591.75	-18.5612
8613.28	-18.6027
8634.81	-18.644
8656.35	-18.685
8677.88	-18.7257
8699.41	-18.7661
8720.95	-18.8063
8742.48	-18.8461
8764.01	-18.8857
8785.55	-18.9251
8807.08	-18.9641
8828.61	-19.003
8850.15	-19.0415
8871.68	-19.0798
8893.21	-19.1179
8914.75	-19.1557
8936.28	-19.1933
8957.81	-19.2306
8979.35	-19.2677
9000.88	-19.3046
9022.41	-19.3412
9043.95	-19.3776
9065.48	-19.4137
9087.01	-19.4497
9108.54	-19.4854
9130.08	-19.5209
9151.61	-19.5561
9173.14	-19.5912
9194.68	-19.626
9216.21	-19.6606
9237.74	-19.695
9259.28	-19.7292
9280.81	-19.7632
9302.34	-19.797
9323.88	-19.8306
9345.41	-19.864
9366.94	-19.8972
9388.48	-19.9302
9410.01	-19.963
9431.54	-19.9956
9453.08	-20.0281
9474.61	-20.0603
9496.14	-20.0924
9517.68	-20.1242
9539.21	-20.1559
9560.74	-20.1874
9582.28	-20.2187
9603.81	-20.2499
9625.34	-20.2808
9646.88	-20.3116
9668.41	-20.3422
9689.94	-20.3727
9711.47	-20.403
9733.01	-20.4331
9754.54	-20.463
9776.07	-20.4928
9797.61	-20.5224
9819.14	-20.5519
9840.67	-20.5812
9862.21	-20.6103
9883.74	-20.6393
9905.27	-20.6681
9926.81	-20.6968
9948.34	-20.7253
9969.87	-20.7536
9991.41	-20.7818
10012.9	-20.8099
10034.5	-20.8378
10056	-20.8656
10077.5	-20.8932
10099.1	-20.9207
10120.6	-20.948
10142.1	-20.9752
10163.7	-21.0022
10185.2	-21.0291
10206.7	-21.0559
10228.3	-21.0825
10249.8	-21.109
10271.3	-21.1354
10292.9	-21.1616
10314.4	-21.1877
10335.9	-21.2136
10357.5	-21.2395
10379	-21.2652
10400.5	-21.2907
10422.1	-21.3162
10443.6	-21.3415
10465.1	-21.3667
10486.7	-21.3917
10508.2	-21.4167
10529.7	-21.4415
10551.3	-21.4662
10572.8	-21.4907
10594.3	-21.5152
10615.9	-21.5395
10637.4	-21.5637
10658.9	-21.5878
10680.5	-21.6118
10702	-21.6356
10723.5	-21.6594
10745.1	-21.683
10766.6	-21.7065
10788.1	-21.7299
10809.7	-21.7532
10831.2	-21.7764
10852.7	-21.7995
10874.3	-21.8224
10895.8	-21.8453
10917.3	-21.868
10938.9	-21.8907
10960.4	-21.9132
10981.9	-21.9356
11003.5	-21.9579
11025	-21.9802
11046.5	-22.0023
11068.1	-22.0243
11089.6	-22.0462
11111.1	-22.068
11132.7	-22.0897
11154.2	-22.1113
11175.7	-22.1328
11197.3	-22.1542
11218.8	-22.1755
11240.3	-22.1967
11261.9	-22.2178
11283.4	-22.2389
11304.9	-22.2598
11326.5	-22.2806
11348	-22.3013
11369.5	-22.322
11391.1	-22.3425
11412.6	-22.363
11434.1	-22.3833
11455.7	-22.4036
11477.2	-22.4238
11498.7	-22.4439
11520.3	-22.4639
11541.8	-22.4838
11563.3	-22.5036
11584.9	-22.5234
11606.4	-22.543
11627.9	-22.5626
11649.5	-22.582
11671	-22.6014
11692.5	-22.6207
11714.1	-22.6399
11735.6	-22.6591
11757.1	-22.6781
11778.7	-22.6971
11800.2	-22.716
11821.7	-22.7348
11843.3	-22.7535
11864.8	-22.7721
11886.3	-22.7907
11907.9	-22.8092
11929.4	-22.8276
11950.9	-22.8459
11972.5	-22.8641
11994	-22.8823
12015.5	-22.9004
12037.1	-22.9184
12058.6	-22.9363
12080.1	-22.9542
12101.7	-22.9719
12123.2	-22.9896
12144.7	-23.0073
12166.3	-23.0248
12187.8	-23.0423
12209.3	-23.0597
12230.9	-23.077
12252.4	-23.0943
12273.9	-23.1114
12295.5	-23.1286
12317	-23.1456
12338.5	-23.1625
12360.1	-23.1794
12381.6	-23.1963
12403.1	-23.213
12424.7	-23.2297
12446.2	-23.2463
12467.7	-23.2628
12489.3	-23.2793
12510.8	-23.2957
12532.3	-23.312
12553.9	-23.3283
12575.4	-23.3445
12596.9	-23.3606
12618.5	-23.3767
12640	-23.3927
12661.5	-23.4086
12683.1	-23.4245
12704.6	-23.4402
12726.1	-23.456
12747.7	-23.4716
12769.2	-23.4872
12790.7	-23.5028
12812.3	-23.5183
12833.8	-23.5336
12855.3	-23.549
12876.9	-23.5643
12898.4	-23.5795
12919.9	-23.5946
12941.5	-23.6097
12963	-23.6248
12984.5	-23.6397
13006.1	-23.6546
13027.6	-23.6695
13049.1	-23.6843
13070.7	-23.699
13092.2	-23.7137
13113.7	-23.7282
13135.3	-23.7428
13156.8	-23.7573
13178.3	-23.7717
13199.9	-23.7861
13221.4	-23.8004
13242.9	-23.8146
13264.5	-23.8288
13286	-23.8429
13307.5	-23.857
13329.1	-23.871
13350.6	-23.885
13372.1	-23.8989
13393.7	-23.9127
13415.2	-23.9265
13436.7	-23.9403
13458.3	-23.9539
13479.8	-23.9675
13501.3	-23.9811
13522.9	-23.9946
13544.4	-24.0081
13565.9	-24.0215
13587.5	-24.0348
13609	-24.0481
13630.5	-24.0614
13652.1	-24.0745
13673.6	-24.0877
13695.1	-24.1007
13716.7	-24.1138
13738.2	-24.1267
13759.7	-24.1396
13781.2	-24.1525
13802.8	-24.1653
13824.3	-24.1781
13845.8	-24.1908
13867.4	-24.2034
13888.9	-24.216
13910.4	-24.2286
13932	-24.2411
13953.5	-24.2536
13975	-24.266
13996.6	-24.2783
14018.1	-24.2906
14039.6	-24.3029
14061.2	-24.3151
14082.7	-24.3272
14104.2	-24.3393
14125.8	-24.3514
14147.3	-24.3634
14168.8	-24.3753
14190.4	-24.3872
14211.9	-24.3991
14233.4	-24.4109
14255	-24.4226
14276.5	-24.4343
14298	-24.446
14319.6	-24.4576
14341.1	-24.4692
14362.6	-24.4807
14384.2	-24.4922
14405.7	-24.5036
14427.2	-24.515
14448.8	-24.5263
14470.3	-24.5376
14491.8	-24.5488
14513.4	-24.5601
14534.9	-24.5712
14556.4	-24.5823
14578	-24.5933
14599.5	-24.6044
14621	-24.6153
14642.6	-24.6262
14664.1	-24.6371
14685.6	-24.6479
14707.2	-24.6587
14728.7	-24.6695
14750.2	-24.6802
14771.8	-24.6908
14793.3	-24.7014
14814.8	-24.712
14836.4	-24.7225
14857.9	-24.733
14879.4	-24.7434
14901	-24.7538
14922.5	-24.7642
14944	-24.7745
14965.6	-24.7847
14987.1	-24.7949
15008.6	-24.8051
15030.2	-24.8152
15051.7	-24.8253
15073.2	-24.8354
15094.8	-24.8453
15116.3	-24.8554
15137.8	-24.8653
15159.4	-24.8751
15180.9	-24.885
15202.4	-24.8948
15224	-24.9045
15245.5	-24.9142
15267	-24.9239
15288.6	-24.9335
15310.1	-24.9431
15331.6	-24.9527
15353.2	-24.9622
15374.7	-24.9717
15396.2	-24.9811
15417.8	-24.9905
15439.3	-24.9998
15460.8	-25.0091
15482.4	-25.0184
15503.9	-25.0276
15525.4	-25.0368
15547	-25.0459
15568.5	-25.0551
15590	-25.0641
15611.6	-25.0732
15633.1	-25.0821
15654.6	-25.0911
15676.2	-25.1
15697.7	-25.1089
15719.2	-25.1177
15740.8	-25.1265
15762.3	-25.1353
15783.8	-25.144
15805.4	-25.1527
15826.9	-25.1613
15848.4	-25.1699
15870	-25.1785
15891.5	-25.187
15913	-25.1955
15934.6	-25.204
15956.1	-25.2124
15977.6	-25.2208
15999.2	-25.2291
16020.7	-25.2374
16042.2	-25.2457
16063.8	-25.2539
16085.3	-25.2621
16106.8	-25.2702
16128.4	-25.2784
16149.9	-25.2865
16171.4	-25.2945
16193	-25.3025
16214.5	-25.3105
16236	-25.3184
16257.6	-25.3263
16279.1	-25.3342
16300.6	-25.342
16322.2	-25.3498
16343.7	-25.3576
16365.2	-25.3653
16386.8	-25.373
16408.3	-25.3806
16429.8	-25.3882
16451.4	-25.3958
16472.9	-25.4034
16494.4	-25.4109
16516	-25.4183
16537.5	-25.4258
16559	-25.4332
16580.6	-25.4406
16602.1	-25.4479
16623.6	-25.4552
16645.2	-25.4624
16666.7	-25.4697
16688.2	-25.4769
16709.8	-25.4841
16731.3	-25.4912
16752.8	-25.4983
16774.4	-25.5053
16795.9	-25.5124
16817.4	-25.5193
16839	-25.5263
16860.5	-25.5332
16882	-25.5401
16903.6	-25.5469
16925.1	-25.5538
16946.6	-25.5606
16968.2	-25.5673
16989.7	-25.574
17011.2	-25.5807
17032.8	-25.5874
17054.3	-25.594
17075.8	-25.6006
17097.4	-25.6071
17118.9	-25.6137
17140.4	-25.6201
17162	-25.6266
17183.5	-25.633
17205	-25.6394
17226.6	-25.6458
17248.1	-25.6521
17269.6	-25.6584
17291.2	-25.6646
17312.7	-25.6708
17334.2	-25.677
17355.8	-25.6832
17377.3	-25.6893
17398.8	-25.6954
17420.4	-25.7015
17441.9	-25.7075
17463.4	-25.7135
17485	-25.7195
17506.5	-25.7254
17528	-25.7313
17549.6	-25.7372
17571.1	-25.7431
17592.6	-25.7489
17614.2	-25.7546
17635.7	-25.7604
17657.2	-25.7661
17678.8	-25.7718
17700.3	-25.7774
17721.8	-25.7831
17743.4	-25.7886
17764.9	-25.7942
17786.4	-25.7997
17808	-25.8052
17829.5	-25.8107
17851	-25.8161
17872.6	-25.8215
17894.1	-25.8269
17915.6	-25.8322
17937.2	-25.8376
17958.7	-25.8428
17980.2	-25.8481
18001.8	-25.8533
18023.3	-25.8585
18044.8	-25.8637
18066.4	-25.8688
18087.9	-25.8739
18109.4	-25.8789
18131	-25.884
18152.5	-25.889
18174	-25.894
18195.6	-25.8989
18217.1	-25.9038
18238.6	-25.9087
18260.2	-25.9136
18281.7	-25.9184
18303.2	-25.9232
18324.8	-25.9279
18346.3	-25.9327
18367.8	-25.9374
18389.4	-25.9421
18410.9	-25.9467
18432.4	-25.9513
18454	-25.9559
18475.5	-25.9605
18497	-25.965
18518.6	-25.9695
18540.1	-25.974
18561.6	-25.9784
18583.2	-25.9828
18604.7	-25.9872
18626.2	-25.9915
18647.8	-25.9959
18669.3	-26.0002
18690.8	-26.0044
18712.4	-26.0087
18733.9	-26.0129
18755.4	-26.017
18777	-26.0212
18798.5	-26.0253
18820	-26.0294
18841.6	-26.0334
18863.1	-26.0375
18884.6	-26.0415
18906.2	-26.0455
18927.7	-26.0494
18949.2	-26.0533
18970.8	-26.0572
18992.3	-26.061
19013.8	-26.0649
19035.4	-26.0687
19056.9	-26.0725
19078.4	-26.0762
19100	-26.0799
19121.5	-26.0836
19143	-26.0873
19164.6	-26.0909
19186.1	-26.0945
19207.6	-26.0981
19229.2	-26.1016
19250.7	-26.1051
19272.2	-26.1086
19293.8	-26.1121
19315.3	-26.1155
19336.8	-26.1189
19358.3	-26.1223
19379.9	-26.1256
19401.4	-26.129
19422.9	-26.1323
19444.5	-26.1355
19466	-26.1388
19487.5	-26.142
19509.1	-26.1451
19530.6	-26.1483
19552.1	-26.1514
19573.7	-26.1545
19595.2	-26.1576
19616.7	-26.1606
19638.3	-26.1636
19659.8	-26.1666
19681.3	-26.1696
19702.9	-26.1725
19724.4	-26.1754
19745.9	-26.1783
19767.5	-26.1811
19789	-26.1839
19810.5	-26.1868
19832.1	-26.1895
19853.6	-26.1922
19875.1	-26.195
19896.7	-26.1976
19918.2	-26.2003
19939.7	-26.2029
19961.3	-26.2055
19982.8	-26.2081
20004.3	-26.2106
20025.9	-26.2132
20047.4	-26.2156
20068.9	-26.2181
20090.5	-26.2205
20112	-26.223
20133.5	-26.2253
20155.1	-26.2277
20176.6	-26.23
20198.1	-26.2323
20219.7	-26.2346
20241.2	-26.2368
20262.7	-26.2391
20284.3	-26.2412
20305.8	-26.2434
20327.3	-26.2455
20348.9	-26.2477
20370.4	-26.2497
20391.9	-26.2518
20413.5	-26.2538
20435	-26.2558
20456.5	-26.2578
20478.1	-26.2598
20499.6	-26.2617
20521.1	-26.2636
20542.7	-26.2654
20564.2	-26.2673
20585.7	-26.2691
20607.3	-26.2709
20628.8	-26.2726
20650.3	-26.2744
20671.9	-26.2761
20693.4	-26.2778
20714.9	-26.2794
20736.5	-26.281
20758	-26.2826
20779.5	-26.2842
20801.1	-26.2858
20822.6	-26.2873
20844.1	-26.2888
20865.7	-26.2902
20887.2	-26.2917
20908.7	-26.2931
20930.3	-26.2945
20951.8	-26.2958
20973.3	-26.2972
20994.9	-26.2985
21016.4	-26.2998
21037.9	-26.301
21059.5	-26.3022
21081	-26.3034
21102.5	-26.3046
21124.1	-26.3058
21145.6	-26.3069
21167.1	-26.308
21188.7	-26.309
21210.2	-26.3101
21231.7	-26.3111
21253.3	-26.3121
21274.8	-26.3131
21296.3	-26.314
21317.9	-26.3149
21339.4	-26.3158
21360.9	-26.3166
21382.5	-26.3175
21404	-26.3183
21425.5	-26.319
21447.1	-26.3198
21468.6	-26.3205
21490.1	-26.3212
21511.7	-26.3219
21533.2	-26.3225
21554.7	-26.3232
21576.3	-26.3238
21597.8	-26.3243
21619.3	-26.3249
21640.9	-26.3254
21662.4	-26.3259
21683.9	-26.3263
21705.5	-26.3267
21727	-26.3272
21748.5	-26.3275
21770.1	-26.3279
21791.6	-26.3282
21813.1	-26.3285
21834.7	-26.3288
21856.2	-26.3291
21877.7	-26.3293
21899.3	-26.3295
21920.8	-26.3297
21942.3	-26.3298
21963.9	-26.3299
21985.4	-26.33
22006.9	-26.33
22028.5	-26.3301
22050	-26.3301
22071.5	-26.3301
22093.1	-26.33
22114.6	-26.33
22136.1	-26.3299
22157.7	-26.3298
22179.2	-26.3297
22200.7	-26.3295
22222.3	-26.3293
22243.8	-26.3291
22265.3	-26.3288
22286.9	-26.3285
22308.4	-26.3282
22329.9	-26.3279
22351.5	-26.3275
22373	-26.3272
22394.5	-26.3267
22416.1	-26.3263
22437.6	-26.3259
22459.1	-26.3254
22480.7	-26.3249
22502.2	-26.3243
22523.7	-26.3238
22545.3	-26.3232
22566.8	-26.3225
22588.3	-26.3219
22609.9	-26.3212
22631.4	-26.3205
22652.9	-26.3198
22674.5	-26.319
22696	-26.3183
22717.5	-26.3175
22739.1	-26.3166
22760.6	-26.3158
22782.1	-26.3149
22803.7	-26.314
22825.2	-26.3131
22846.7	-26.3121
22868.3	-26.3111
22889.8	-26.3101
22911.3	-26.309
22932.9	-26.308
22954.4	-26.3069
22975.9	-26.3058
22997.5	-26.3046
23019	-26.3034
23040.5	-26.3022
23062.1	-26.301
23083.6	-26.2998
23105.1	-26.2985
23126.7	-26.2972
23148.2	-26.2958
23169.7	-26.2945
23191.3	-26.2931
23212.8	-26.2917
23234.3	-26.2902
23255.9	-26.2888
23277.4	-26.2873
23298.9	-26.2858
23320.5	-26.2842
23342	-26.2826
23363.5	-26.281
23385.1	-26.2794
23406.6	-26.2778
23428.1	-26.2761
23449.7	-26.2744
23471.2	-26.2726
23492.7	-26.2709
23514.3	-26.2691
23535.8	-26.2673
23557.3	-26.2654
23578.9	-26.2636
23600.4	-26.2617
23621.9	-26.2598
23643.5	-26.2578
23665	-26.2558
23686.5	-26.2538
23708.1	-26.2518
23729.6	-26.2497
23751.1	-26.2477
23772.7	-26.2455
23794.2	-26.2434
23815.7	-26.2412
23837.3	-26.2391
23858.8	-26.2368
23880.3	-26.2346
23901.9	-26.2323
23923.4	-26.23
23944.9	-26.2277
23966.5	-26.2253
23988	-26.223
24009.5	-26.2205
24031.1	-26.2181
24052.6	-26.2156
24074.1	-26.2132
24095.7	-26.2106
24117.2	-26.2081
24138.7	-26.2055
24160.3	-26.2029
24181.8	-26.2003
24203.3	-26.1976
24224.9	-26.195
24246.4	-26.1922
24267.9	-26.1895
24289.5	-26.1868
24311	-26.1839
24332.5	-26.1811
24354.1	-26.1783
24375.6	-26.1754
24397.1	-26.1725
24418.7	-26.1696
24440.2	-26.1666
24461.7	-26.1636
24483.3	-26.1606
24504.8	-26.1576
24526.3	-26.1545
24547.9	-26.1514
24569.4	-26.1483
24590.9	-26.1451
24612.5	-26.142
24634	-26.1388
24655.5	-26.1355
24677.1	-26.1323
24698.6	-26.129
24720.1	-26.1256
24741.7	-26.1223
24763.2	-26.1189
24784.7	-26.1155
24806.2	-26.1121
24827.8	-26.1086
24849.3	-26.1051
24870.8	-26.1016
24892.4	-26.0981
24913.9	-26.0945
24935.4	-26.0909
24957	-26.0873
24978.5	-26.0836
25000	-26.0799
25021.6	-26.0762
25043.1	-26.0725
25064.6	-26.0687
25086.2	-26.0649
25107.7	-26.061
25129.2	-26.0572
25150.8	-26.0533
25172.3	-26.0494
25193.8	-26.0455
25215.4	-26.0415
25236.9	-26.0375
25258.4	-26.0334
25280	-26.0294
25301.5	-26.0253
25323	-26.0212
25344.6	-26.017
25366.1	-26.0129
25387.6	-26.0087
25409.2	-26.0044
25430.7	-26.0002
25452.2	-25.9959
25473.8	-25.9915
25495.3	-25.9872
25516.8	-25.9828
25538.4	-25.9784
25559.9	-25.974
25581.4	-25.9695
25603	-25.965
25624.5	-25.9605
25646	-25.9559
25667.6	-25.9513
25689.1	-25.9467
25710.6	-25.9421
25732.2	-25.9374
25753.7	-25.9327
25775.2	-25.9279
25796.8	-25.9232
25818.3	-25.9184
25839.8	-25.9136
25861.4	-25.9087
25882.9	-25.9038
25904.4	-25.8989
25926	-25.894
25947.5	-25.889
25969	-25.884
25990.6	-25.8789
26012.1	-25.8739
26033.6	-25.8688
26055.2	-25.8637
26076.7	-25.8585
26098.2	-25.8533
26119.8	-25.8481
26141.3	-25.8428
26162.8	-25.8376
26184.4	-25.8322
26205.9	-25.8269
26227.4	-25.8215
26249	-25.8161
26270.5	-25.8107
26292	-25.8052
26313.6	-25.7997
26335.1	-25.7942
26356.6	-25.7886
26378.2	-25.7831
26399.7	-25.7774
26421.2	-25.7718
26442.8	-25.7661
26464.3	-25.7604
26485.8	-25.7546
26507.4	-25.7489
26528.9	-25.7431
26550.4	-25.7372
26572	-25.7313
26593.5	-25.7254
26615	-25.7195
26636.6	-25.7135
26658.1	-25.7075
26679.6	-25.7015
26701.2	-25.6954
26722.7	-25.6893
26744.2	-25.6832
26765.8	-25.677
26787.3	-25.6708
26808.8	-25.6646
26830.4	-25.6584
26851.9	-25.6521
26873.4	-25.6458
26895	-25.6394
26916.5	-25.633
26938	-25.6266
26959.6	-25.6201
26981.1	-25.6137
27002.6	-25.6071
27024.2	-25.6006
27045.7	-25.594
27067.2	-25.5874
27088.8	-25.5807
27110.3	-25.574
27131.8	-25.5673
27153.4	-25.5606
27174.9	-25.5538
27196.4	-25.5469
27218	-25.5401
27239.5	-25.5332
27261	-25.5263
27282.6	-25.5193
27304.1	-25.5124
27325.6	-25.5053
27347.2	-25.4983
27368.7	-25.4912
27390.2	-25.4841
27411.8	-25.4769
27433.3	-25.4697
27454.8	-25.4624
27476.4	-25.4552
27497.9	-25.4479
27519.4	-25.4406
27541	-25.4332
27562.5	-25.4258
27584	-25.4183
27605.6	-25.4109
27627.1	-25.4034
27648.6	-25.3958
27670.2	-25.3882
27691.7	-25.3806
27713.2	-25.373
27734.8	-25.3653
27756.3	-25.3576
27777.8	-25.3498
27799.4	-25.342
27820.9	-25.3342
27842.4	-25.3263
27864	-25.3184
27885.5	-25.3105
27907	-25.3025
27928.6	-25.2945
27950.1	-25.2865
27971.6	-25.2784
27993.2	-25.2702
28014.7	-25.2621
28036.2	-25.2539
28057.8	-25.2457
28079.3	-25.2374
28100.8	-25.2291
28122.4	-25.2208
28143.9	-25.2124
28165.4	-25.204
28187	-25.1955
28208.5	-25.187
28230	-25.1785
28251.6	-25.1699
28273.1	-25.1613
28294.6	-25.1527
28316.2	-25.144
28337.7	-25.1353
28359.2	-25.1265
28380.8	-25.1177
28402.3	-25.1089
28423.8	-25.1
28445.4	-25.0911
28466.9	-25.0821
28488.4	-25.0732
28510	-25.0641
28531.5	-25.0551
28553	-25.0459
28574.6	-25.0368
28596.1	-25.0276
28617.6	-25.0184
28639.2	-25.0091
28660.7	-24.9998
28682.2	-24.9905
28703.8	-24.9811
28725.3	-24.9717
28746.8	-24.9622
28768.4	-24.9527
28789.9	-24.9431
28811.4	-24.9335
28833	-24.9239
28854.5	-24.9142
28876	-24.9045
28897.6	-24.8948
28919.1	-24.885
28940.6	-24.8751
28962.2	-24.8653
28983.7	-24.8554
29005.2	-24.8453
29026.8	-24.8354
29048.3	-24.8253
29069.8	-24.8152
29091.4	-24.8051
29112.9	-24.7949
29134.4	-24.7847
29156	-24.7745
29177.5	-24.7642
29199	-24.7538
29220.6	-24.7434
29242.1	-24.733
29263.6	-24.7225
29285.2	-24.712
29306.7	-24.7014
29328.2	-24.6908
29349.8	-24.6802
29371.3	-24.6695
29392.8	-24.6587
29414.4	-24.6479
29435.9	-24.6371
29457.4	-24.6262
29479	-24.6153
29500.5	-24.6044
29522	-24.5933
29543.6	-24.5823
29565.1	-24.5712
29586.6	-24.5601
29608.2	-24.5488
29629.7	-24.5376
29651.2	-24.5263
29672.8	-24.515
29694.3	-24.5036
29715.8	-24.4922
29737.4	-24.4807
29758.9	-24.4692
29780.4	-24.4576
29802	-24.446
29823.5	-24.4343
29845	-24.4226
29866.6	-24.4109
29888.1	-24.3991
29909.6	-24.3872
29931.2	-24.3753
29952.7	-24.3634
29974.2	-24.3514
29995.8	-24.3393
30017.3	-24.3272
30038.8	-24.3151
30060.4	-24.3029
30081.9	-24.2906
30103.4	-24.2783
30125	-24.266
30146.5	-24.2536
30168	-24.2411
30189.6	-24.2286
30211.1	-24.216
30232.6	-24.2034
30254.2	-24.1908
30275.7	-24.1781
30297.2	-24.1653
30318.8	-24.1525
30340.3	-24.1396
30361.8	-24.1267
30383.3	-24.1138
30404.9	-24.1007
30426.4	-24.0877
30447.9	-24.0745
30469.5	-24.0614
30491	-24.0481
30512.5	-24.0348
30534.1	-24.0215
30555.6	-24.0081
30577.1	-23.9946
30598.7	-23.9811
30620.2	-23.9675
30641.7	-23.9539
30663.3	-23.9403
30684.8	-23.9265
30706.3	-23.9127
30727.9	-23.8989
30749.4	-23.885
30770.9	-23.871
30792.5	-23.857
30814	-23.8429
30835.5	-23.8288
30857.1	-23.8146
30878.6	-23.8004
30900.1	-23.7861
30921.7	-23.7717
30943.2	-23.7573
30964.7	-23.7428
30986.3	-23.7282
31007.8	-23.7137
31029.3	-23.699
31050.9	-23.6843
31072.4	-23.6695
31093.9	-23.6546
31115.5	-23.6397
31137	-23.6248
31158.5	-23.6097
31180.1	-23.5946
31201.6	-23.5795
31223.1	-23.5643
31244.7	-23.549
31266.2	-23.5336
31287.7	-23.5183
31309.3	-23.5028
31330.8	-23.4872
31352.3	-23.4716
31373.9	-23.456
31395.4	-23.4402
31416.9	-23.4245
31438.5	-23.4086
31460	-23.3927
31481.5	-23.3767
31503.1	-23.3606
31524.6	-23.3445
31546.1	-23.3283
31567.7	-23.312
31589.2	-23.2957
31610.7	-23.2793
31632.3	-23.2628
31653.8	-23.2463
31675.3	-23.2297
31696.9	-23.213
31718.4	-23.1963
31739.9	-23.1794
31761.5	-23.1625
31783	-23.1456
31804.5	-23.1286
31826.1	-23.1114
31847.6	-23.0943
31869.1	-23.077
31890.7	-23.0597
31912.2	-23.0423
31933.7	-23.0248
31955.3	-23.0073
31976.8	-22.9896
31998.3	-22.9719
32019.9	-22.9542
32041.4	-22.9363
32062.9	-22.9184
32084.5	-22.9004
32106	-22.8823
32127.5	-22.8641
32149.1	-22.8459
32170.6	-22.8276
32192.1	-22.8092
32213.7	-22.7907
32235.2	-22.7721
32256.7	-22.7535
32278.3	-22.7348
32299.8	-22.716
32321.3	-22.6971
32342.9	-22.6781
32364.4	-22.6591
32385.9	-22.6399
32407.5	-22.6207
32429	-22.6014
32450.5	-22.582
32472.1	-22.5626
32493.6	-22.543
32515.1	-22.5234
32536.7	-22.5036
32558.2	-22.4838
32579.7	-22.4639
32601.3	-22.4439
32622.8	-22.4238
32644.3	-22.4036
32665.9	-22.3833
32687.4	-22.363
32708.9	-22.3425
32730.5	-22.322
32752	-22.3013
32773.5	-22.2806
32795.1	-22.2598
32816.6	-22.2389
32838.1	-22.2178
32859.7	-22.1967
32881.2	-22.1755
32902.7	-22.1542
32924.3	-22.1328
32945.8	-22.1113
32967.3	-22.0897
32988.9	-22.068
33010.4	-22.0462
33031.9	-22.0243
33053.5	-22.0023
33075	-21.9802
33096.5	-21.9579
33118.1	-21.9356
33139.6	-21.9132
33161.1	-21.8907
33182.7	-21.868
33204.2	-21.8453
33225.7	-21.8224
33247.3	-21.7995
33268.8	-21.7764
33290.3	-21.7532
33311.9	-21.7299
33333.4	-21.7065
33354.9	-21.683
33376.5	-21.6594
33398	-21.6356
33419.5	-21.6118
33441.1	-21.5878
33462.6	-21.5637
33484.1	-21.5395
33505.7	-21.5152
33527.2	-21.4907
33548.7	-21.4662
33570.3	-21.4415
33591.8	-21.4167
33613.3	-21.3917
33634.9	-21.3667
33656.4	-21.3415
33677.9	-21.3162
33699.5	-21.2907
33721	-21.2652
33742.5	-21.2395
33764.1	-21.2136
33785.6	-21.1877
33807.1	-21.1616
33828.7	-21.1354
33850.2	-21.109
33871.7	-21.0825
33893.3	-21.0559
33914.8	-21.0291
33936.3	-21.0022
33957.9	-20.9752
33979.4	-20.948
34000.9	-20.9207
34022.5	-20.8932
34044	-20.8656
34065.5	-20.8378
34087.1	-20.8099
34108.6	-20.7818
34130.1	-20.7536
34151.7	-20.7253
34173.2	-20.6968
34194.7	-20.6681
34216.3	-20.6393
34237.8	-20.6103
34259.3	-20.5812
34280.9	-20.5519
34302.4	-20.5224
34323.9	-20.4928
34345.5	-20.463
34367	-20.4331
34388.5	-20.403
34410.1	-20.3727
34431.6	-20.3422
34453.1	-20.3116
34474.7	-20.2808
34496.2	-20.2499
34517.7	-20.2187
34539.3	-20.1874
34560.8	-20.1559
34582.3	-20.1242
34603.9	-20.0924
34625.4	-20.0603
34646.9	-20.0281
34668.5	-19.9956
34690	-19.963
34711.5	-19.9302
34733.1	-19.8972
34754.6	-19.864
34776.1	-19.8306
34797.7	-19.797
34819.2	-19.7632
34840.7	-19.7292
34862.3	-19.695
34883.8	-19.6606
34905.3	-19.626
34926.9	-19.5912
34948.4	-19.5561
34969.9	-19.5209
34991.5	-19.4854
35013	-19.4497
35034.5	-19.4137
35056.1	-19.3776
35077.6	-19.3412
35099.1	-19.3046
35120.7	-19.2677
35142.2	-19.2306
35163.7	-19.1933
35185.3	-19.1557
35206.8	-19.1179
35228.3	-19.0798
35249.9	-19.0415
35271.4	-19.003
35292.9	-18.9641
35314.5	-18.9251
35336	-18.8857
35357.5	-18.8461
35379.1	-18.8063
35400.6	-18.7661
35422.1	-18.7257
35443.7	-18.685
35465.2	-18.644
35486.7	-18.6027
35508.3	-18.5612
35529.8	-18.5194
35551.3	-18.4772
35572.9	-18.4348
35594.4	-18.392
35615.9	-18.349
35637.5	-18.3056
35659	-18.262
35680.5	-18.218
35702.1	-18.1737
35723.6	-18.1291
35745.1	-18.0841
35766.7	-18.0388
35788.2	-17.9931
35809.7	-17.9472
35831.2	-17.9008
35852.8	-17.8541
35874.3	-17.8071
35895.8	-17.7597
35917.4	-17.7119
35938.9	-17.6638
35960.4	-17.6152
35982	-17.5663
36003.5	-17.517
36025	-17.4673
36046.6	-17.4172
36068.1	-17.3667
36089.6	-17.3158
36111.2	-17.2645
36132.7	-17.2127
36154.2	-17.1605
36175.8	-17.1079
36197.3	-17.0549
36218.8	-17.0013
36240.4	-16.9474
36261.9	-16.8929
36283.4	-16.838
36305	-16.7826
36326.5	-16.7267
36348	-16.6703
36369.6	-16.6135
36391.1	-16.5561
36412.6	-16.4982
36434.2	-16.4397
36455.7	-16.3808
36477.2	-16.3212
36498.8	-16.2612
36520.3	-16.2005
36541.8	-16.1393
36563.4	-16.0775
36584.9	-16.0151
36606.4	-15.9521
36628	-15.8885
36649.5	-15.8243
36671	-15.7594
36692.6	-15.6939
36714.1	-15.6277
36735.6	-15.5608
36757.2	-15.4933
36778.7	-15.425
36800.2	-15.3561
36821.8	-15.2864
36843.3	-15.216
36864.8	-15.1448
36886.4	-15.0728
36907.9	-15.0001
36929.4	-14.9266
36951	-14.8522
36972.5	-14.777
36994	-14.701
37015.6	-14.6241
37037.1	-14.5463
37058.6	-14.4676
37080.2	-14.3879
37101.7	-14.3073
37123.2	-14.2258
37144.8	-14.1433
37166.3	-14.0597
37187.8	-13.9751
37209.4	-13.8895
37230.9	-13.8028
37252.4	-13.7149
37274	-13.626
37295.5	-13.5358
37317	-13.4445
37338.6	-13.352
37360.1	-13.2582
37381.6	-13.1631
37403.2	-13.0667
37424.7	-12.9689
37446.2	-12.8698
37467.8	-12.7693
37489.3	-12.6672
37510.8	-12.5637
37532.4	-12.4587
37553.9	-12.352
37575.4	-12.2437
37597	-12.1338
37618.5	-12.0221
37640	-11.9087
37661.6	-11.7934
37683.1	-11.6762
37704.6	-11.5571
37726.2	-11.436
37747.7	-11.3128
37769.2	-11.1875
37790.8	-11.0599
37812.3	-10.9301
37833.8	-10.7979
37855.4	-10.6633
37876.9	-10.5262
37898.4	-10.3864
37920	-10.244
37941.5	-10.0987
37963	-9.95051
37984.6	-9.79929
38006.1	-9.64494
38027.6	-9.48731
38049.2	-9.32628
38070.7	-9.16171
38092.2	-8.99344
38113.8	-8.82133
38135.3	-8.64519
38156.8	-8.46486
38178.4	-8.28013
38199.9	-8.09081
38221.4	-7.89667
38243	-7.69747
38264.5	-7.49297
38286	-7.28288
38307.6	-7.06692
38329.1	-6.84476
38350.6	-6.61607
38372.2	-6.38047
38393.7	-6.13756
38415.2	-5.88689
38436.8	-5.62799
38458.3	-5.36032
38479.8	-5.08332
38501.4	-4.79634
38522.9	-4.49869
38544.4	-4.1896
38566	-3.8682
38587.5	-3.53355
38609	-3.18457
38630.6	-2.82008
38652.1	-2.43872
38673.6	-2.039
38695.2	-1.61918
38716.7	-1.17733
38738.2	-0.711218
38759.8	-0.21832
38781.3	0.304261
38802.8	0.859822
38824.4	1.45209
38845.9	2.08521
38867.4	2.76361
38889	3.4916
38910.5	4.27226
38932	5.10459
38953.6	5.97567
38975.1	6.837
38996.6	7.51954
39018.2	7.30402
39039.7	-1.20327
39061.2	22.5295
39082.8	50.2371
39104.3	54.5749
39125.8	43.7758
39147.4	10.7808
39168.9	5.06212
39190.4	7.46776
39212	7.11214
39233.5	6.28604
39255	5.37527
39276.6	4.48147
39298.1	3.63398
39319.6	2.8394
39341.2	2.09656
39362.7	1.40165
39384.2	0.750236
39405.8	0.137972
39427.3	-0.439135
39448.8	-0.984642
39470.4	-1.50168
39491.9	-1.993
39513.4	-2.461
39535	-2.9078
39556.5	-3.33524
39578	-3.74496
39599.6	-4.1384
39621.1	-4.51684
39642.6	-4.88143
39664.2	-5.23318
39685.7	-5.57302
39707.2	-5.90177
39728.8	-6.22017
39750.3	-6.52889
39771.8	-6.82855
39793.4	-7.1197
39814.9	-7.40285
39836.4	-7.67848
39858	-7.94699
39879.5	-8.2088
39901	-8.46425
39922.6	-8.71369
39944.1	-8.95743
39965.6	-9.19574
39987.2	-9.4289
40008.7	-9.65715
40030.2	-9.88074
40051.8	-10.0999
40073.3	-10.3147
40094.8	-10.5255
40116.4	-10.7324
40137.9	-10.9356
40159.4	-11.1352
40181	-11.3314
40202.5	-11.5243
40224	-11.7141
40245.6	-11.9008
40267.1	-12.0846
40288.6	-12.2656
40310.2	-12.4439
40331.7	-12.6197
40353.2	-12.7929
40374.8	-12.9637
40396.3	-13.1321
40417.8	-13.2984
40439.4	-13.4624
40460.9	-13.6244
40482.4	-13.7843
40504	-13.9423
40525.5	-14.0983
40547	-14.2525
40568.6	-14.405
40590.1	-14.5557
40611.6	-14.7048
40633.2	-14.8523
40654.7	-14.9981
40676.2	-15.1425
40697.8	-15.2854
40719.3	-15.4269
40740.8	-15.567
40762.4	-15.7057
40783.9	-15.8431
40805.4	-15.9793
40827	-16.1142
40848.5	-16.2479
40870	-16.3805
40891.6	-16.5119
40913.1	-16.6422
40934.6	-16.7715
40956.2	-16.8997
40977.7	-17.0269
40999.2	-17.1531
41020.8	-17.2783
41042.3	-17.4026
41063.8	-17.526
41085.4	-17.6486
41106.9	-17.7702
41128.4	-17.891
41150	-18.011
41171.5	-18.1302
41193	-18.2486
41214.6	-18.3663
41236.1	-18.4832
41257.6	-18.5994
41279.2	-18.7148
41300.7	-18.8296
41322.2	-18.9438
41343.8	-19.0572
41365.3	-19.1701
41386.8	-19.2823
41408.3	-19.3939
41429.9	-19.5049
41451.4	-19.6153
41472.9	-19.7252
41494.5	-19.8345
41516	-19.9433
41537.5	-20.0515
41559.1	-20.1593
41580.6	-20.2665
41602.1	-20.3732
41623.7	-20.4795
41645.2	-20.5853
41666.7	-20.6906
41688.3	-20.7955
41709.8	-20.8999
41731.3	-21.0039
41752.9	-21.1074
41774.4	-21.2106
41795.9	-21.3133
41817.5	-21.4156
41839	-21.5176
41860.5	-21.6191
41882.1	-21.7203
41903.6	-21.8211
41925.1	-21.9215
41946.7	-22.0215
41968.2	-22.1212
41989.7	-22.2206
42011.3	-22.3195
42032.8	-22.4182
42054.3	-22.5165
42075.9	-22.6144
42097.4	-22.7121
42118.9	-22.8094
42140.5	-22.9063
42162	-23.003
42183.5	-23.0993
42205.1	-23.1952
42226.6	-23.2909
42248.1	-23.3862
42269.7	-23.4812
42291.2	-23.5759
42312.7	-23.6702
42334.3	-23.7642
42355.8	-23.8579
42377.3	-23.9512
42398.9	-24.0442
42420.4	-24.1369
42441.9	-24.2292
42463.5	-24.3212
42485	-24.4128
42506.5	-24.504
42528.1	-24.5949
42549.6	-24.6854
42571.1	-24.7755
42592.7	-24.8653
42614.2	-24.9546
42635.7	-25.0435
42657.3	-25.132
42678.8	-25.2201
42700.3	-25.3077
42721.9	-25.3949
42743.4	-25.4816
42764.9	-25.5679
42786.5	-25.6536
42808	-25.7388
42829.5	-25.8235
42851.1	-25.9077
42872.6	-25.9913
42894.1	-26.0742
42915.7	-26.1567
42937.2	-26.2385
42958.7	-26.3196
42980.3	-26.4001
43001.8	-26.4798
43023.3	-26.559
43044.9	-26.6373
43066.4	-26.7149
43087.9	-26.7917
43109.5	-26.8676
43131	-26.9428
43152.5	-27.017
43174.1	-27.0904
43195.6	-27.1628
43217.1	-27.2342
43238.7	-27.3046
43260.2	-27.374
43281.7	-27.4424
43303.3	-27.5096
43324.8	-27.5757
43346.3	-27.6406
43367.9	-27.7042
43389.4	-27.7666
43410.9	-27.8278
43432.5	-27.8876
43454	-27.946
43475.5	-28.003
43497.1	-28.0586
43518.6	-28.1126
43540.1	-28.1652
43561.7	-28.2161
43583.2	-28.2655
43604.7	-28.3132
43626.3	-28.3592
43647.8	-28.4035
43669.3	-28.446
43690.9	-28.4868
43712.4	-28.5256
43733.9	-28.5626
43755.5	-28.5977
43777	-28.6308
43798.5	-28.662
43820.1	-28.6912
43841.6	-28.7183
43863.1	-28.7434
43884.7	-28.7663
43906.2	-28.7872
43927.7	-28.8059
43949.3	-28.8225
43970.8	-28.8369
43992.3	-28.849
44013.9	-28.8591
44035.4	-28.8669
44056.9	-28.8725
44078.5	-28.8758

