1.00000000
1.00000000
0.99999995
0.99999974
0.99999916
0.99999796
0.99999577
0.99999217
0.99998664
0.99997860
0.99996738
0.99995224
0.99993236
0.99990684
0.99987470
0.99983488
0.99978624
0.99972758
0.99965761
0.99957495
0.99947816
0.99936571
0.99923600
0.99908736
0.99891801
0.99872614
0.99850981
0.99826705
0.99799579
0.99769389
0.99735912
0.99698918
0.99658172
0.99613427
0.99564432
0.99510927
0.99452645
0.99389311
0.99320644
0.99246354
0.99166144
0.99079712
0.98986747
0.98886931
0.98779940
0.98665443
0.98543101
0.98412570
0.98273500
0.98125531
0.97968301
0.97801440
0.97624572
0.97437315
0.97239282
0.97030081
0.96809312
0.96576572
0.96331454
0.96073544
0.95802425
0.95517675
0.95218868
0.94905575
0.94577362
0.94233792
0.93874428
0.93498826
0.93106542
0.92697131
0.92270143
0.91825129
0.91361640
0.90879225
0.90377432
0.89855811
0.89313912
0.88751286
0.88167485
0.87562066
0.86934584
0.86284601
0.85611682
0.84915393
0.84195308
0.83451007
0.82682071
0.81888094
0.81068672
0.80223411
0.79351926
0.78453838
0.77528783
0.76576402
0.75596351
0.74588296
0.73551917
0.72486907
0.71392973
0.70269838
0.69117239
0.67934932
0.66722690
0.65480302
0.64207580
0.62904354
0.61570475
0.60205818
0.58810277
0.57383775
0.55926254
0.54437686
0.52918068
0.51367424
0.49785808
0.48173301
0.46530016
0.44856098
0.43151722
0.41417098
0.39652470
0.37858115
0.36034348
0.34181521
0.32300022
0.30390279
0.28452759
0.26487968
0.24496457
0.22478815
0.20435674
0.18367713
0.16275651
0.14160255
0.12022336
0.09862751
0.07682404
0.05482248
0.03263281
0.01026551
-0.01226845
-0.03495761
-0.05779004
-0.08075329
-0.10383442
-0.12701999
-0.15029605
-0.17364818
-0.19706143
-0.22052038
-0.24400910
-0.26751116
-0.29100968
-0.31448725
-0.33792603
-0.36130768
-0.38461340
-0.40782396
-0.43091966
-0.45388039
-0.47668560
-0.49931436
-0.52174531
-0.54395673
-0.56592655
-0.58763234
-0.60905134
-0.63016050
-0.65093647
-0.67135564
-0.69139417
-0.71102799
-0.73023286
-0.74898435
-0.76725793
-0.78502895
-0.80227269
-0.81896438
-0.83507926
-0.85059259
-0.86547970
-0.87971602
-0.89327712
-0.90613875
-0.91827688
-0.92966774
-0.94028788
-0.95011418
-0.95912393
-0.96729486
-0.97460518
-0.98103364
-0.98655957
-0.99116295
-0.99482442
-0.99752536
-0.99924795
-0.99997520
-0.99969099
-0.99838017
-0.99602856
-0.99262303
-0.98815155
-0.98260324
-0.97596843
-0.96823868
-0.95940687
-0.94946724
-0.93841541
-0.92624848
-0.91296503
-0.89856520
-0.88305071
-0.86642493
-0.84869290
-0.82986139
-0.80993890
-0.78893576
-0.76686411
-0.74373794
-0.71957316
-0.69438757
-0.66820093
-0.64103494
-0.61291331
-0.58386171
-0.55390784
-0.52308140
-0.49141411
-0.45893971
-0.42569393
-0.39171453
-0.35704123
-0.32171574
-0.28578171
-0.24928471
-0.21227219
-0.17479346
-0.13689963
-0.09864358
-0.06007989
-0.02126478
0.01774394
0.05688692
0.09610342
0.13533130
0.17450716
0.21356642
0.25244342
0.29107150
0.32938314
0.36731006
0.40478334
0.44173354
0.47809083
0.51378511
0.54874621
0.58290395
0.61618833
0.64852970
0.67985888
0.71010733
0.73920733
0.76709215
0.79369617
0.81895511
0.84280617
0.86518824
0.88604202
0.90531026
0.92293790
0.93887225
0.95306320
0.96546335
0.97602823
0.98471645
0.99148987
0.99631378
0.99915704
0.99999230
0.99879606
0.99554893
0.99023567
0.98284540
0.97337171
0.96181277
0.94817144
0.93245541
0.91467725
0.89485452
0.87300985
0.84917099
0.82337085
0.79564754
0.76604444
0.73461014
0.70139848
0.66646852
0.62988452
0.59171586
0.55203700
0.51092741
0.46847143
0.42475822
0.37988155
0.33393971
0.28703535
0.23927525
0.19077015
0.14163453
0.09198640
0.04194699
-0.00835946
-0.05880600
-0.10926329
-0.15959990
-0.20968261
-0.25937682
-0.30854685
-0.35705632
-0.40476857
-0.45154701
-0.49725555
-0.54175899
-0.58492348
-0.62661690
-0.66670935
-0.70507354
-0.74158524
-0.77612378
-0.80857240
-0.83881878
-0.86675543
-0.89228015
-0.91529643
-0.93571392
-0.95344880
-0.96842420
-0.98057059
-0.98982614
-0.99613711
-0.99945814
-0.99975262
-0.99699294
-0.99116081
-0.98224746
-0.97025390
-0.95519110
-0.93708014
-0.91595236
-0.89184945
-0.86482350
-0.83493704
-0.80226304
-0.76688484
-0.72889608
-0.68840057
-0.64551210
-0.60035428
-0.55306025
-0.50377241
-0.45264207
-0.39982910
-0.34550149
-0.28983491
-0.23301221
-0.17522288
-0.11666247
-0.05753201
0.00196268
0.06161165
0.12120153
0.18051629
0.23933798
0.29744759
0.35462580
0.41065386
0.46531446
0.51839257
0.56967635
0.61895804
0.66603486
0.71070988
0.75279294
0.79210155
0.82846173
0.86170888
0.89168864
0.91825769
0.94128452
0.96065024
0.97624922
0.98798985
0.99579511
0.99960319
0.99936801
0.99505968
0.98666495
0.97418751
0.95764832
0.93708578
0.91255591
0.88413238
0.85190650
0.81598714
0.77650053
0.73359002
0.68741572
0.63815407
0.58599734
0.53115299
0.47384306
0.41430331
0.35278244
0.28954115
0.22485111
0.15899389
0.09225984
0.02494684
-0.04264098
-0.11019455
-0.17740127
-0.24394643
-0.30951472
-0.37379167
-0.43646529
-0.49722752
-0.55577588
-0.61181502
-0.66505829
-0.71522928
-0.76206342
-0.80530944
-0.84473086
-0.88010746
-0.91123658
-0.93793452
-0.96003771
-0.97740391
-0.98991330
-0.99746940
-1.00000000
-0.99745790
-0.98982155
-0.97709557
-0.95931115
-0.93652629
-0.90882595
-0.87632193
-0.83915281
-0.79748351
-0.75150487
-0.70143302
-0.64750854
-0.58999557
-0.52918068
-0.46537165
-0.39889609
-0.33009990
-0.25934562
-0.18701063
-0.11348529
-0.03917084
0.03552264
0.11017849
0.18437575
0.25769153
0.32970342
0.39999196
0.46814316
0.53375095
0.59641977
0.65576700
0.71142543
0.76304574
0.81029878
0.85287788
0.89050105
0.92291302
0.94988720
0.97122749
0.98676991
0.99638411
0.99997463
0.99748201
0.98888373
0.97419480
0.95346828
0.92679547
0.89430586
0.85616690
0.81258344
0.76379697
0.71008458
0.65175770
0.58916053
0.52266831
0.45268528
0.37964245
0.30399513
0.22622027
0.14681361
0.06628663
-0.01483665
-0.09602303
-0.17673353
-0.25642705
-0.33456392
-0.41060968
-0.48403873
-0.55433814
-0.62101130
-0.68358162
-0.74159608
-0.79462875
-0.84228412
-0.88420030
-0.92005200
-0.94955339
-0.97246063
-0.98857417
-0.99774079
-0.99985534
-0.99486210
-0.98275591
-0.96358284
-0.93744057
-0.90447831
-0.86489648
-0.81894584
-0.76692631
-0.70918545
-0.64611643
-0.57815573
-0.50578044
-0.42950517
-0.34987864
-0.26748003
-0.18291489
-0.09681087
-0.00981323
0.07741995
0.16422266
0.24992605
0.33386358
0.41537627
0.49381798
0.56856062
0.63899940
0.70455787
0.76469291
0.81889948
0.86671515
0.90772435
0.94156235
0.96791882
0.98654109
0.99723690
0.99987674
0.99439572
0.98079493
0.95914222
0.92957249
0.89228744
0.84755466
0.79570625
0.73713681
0.67230089
0.60170988
0.52592835
0.44556993
0.36129261
0.27379368
0.18380416
0.09208291
-0.00058961
-0.09341789
-0.18559812
-0.27632517
-0.36479963
-0.45023493
-0.53186451
-0.60894884
-0.68078234
-0.74670013
-0.80608447
-0.85837090
-0.90305399
-0.93969262
-0.96791476
-0.98742171
-0.99799170
-0.99948285
-0.99183540
-0.97507328
-0.94930487
-0.91472294
-0.87160393
-0.82030624
-0.76126792
-0.69500341
-0.62209957
-0.54321100
-0.45905452
-0.37040308
-0.27807901
-0.18294665
-0.08590450
0.01212307
0.11019455
0.20736021
0.30267136
0.39518962
0.48399632
0.56820177
0.64695442
0.71944976
0.78493888
0.84273661
0.89222909
0.93288080
0.96424081
0.98594837
0.99773754
0.99944100
0.99099286
0.97243051
0.94389533
0.90563248
0.85798945
0.80141362
0.73644874
0.66373026
0.58397973
0.49799816
0.40665843
0.31089683
0.21170387
0.11011427
0.00719642
-0.09595871
-0.19824906
-0.29857323
-0.39584243
-0.48899240
-0.57699529
-0.65887127
-0.73369979
-0.80063034
-0.85889256
-0.90780566
-0.94678692
-0.97535921
-0.99315748
-0.99993404
-0.99556262
-0.98004104
-0.95349263
-0.91616615
-0.86843428
-0.81079074
-0.74384592
-0.66832110
-0.58504139
-0.49492727
-0.39898497
-0.29829572
-0.19400394
-0.08730460
0.02057032
0.12836579
0.23481835
0.33867089
0.43868763
0.53366899
0.62246628
0.70399594
0.77725320
0.84132498
0.89540183
0.93878881
0.97091505
0.99134203
0.99977026
0.99604436
0.98015648
0.95224789
0.91260875
0.86167609
0.80002986
0.72838716
0.64759471
0.55861959
0.46253829
0.36052430
0.25383427
0.14379296
0.03177710
-0.08080160
-0.19251412
-0.30193226
-0.40764696
-0.50828664
-0.60253530
-0.68915007
-0.76697814
-0.83497260
-0.89220721
-0.93788969
-0.97137350
-0.99216774
-0.99994522
-0.99454837
-0.97599306
-0.94447004
-0.90034415
-0.84415113
-0.77659213
-0.69852586
-0.61095857
-0.51503184
-0.41200846
-0.30325635
-0.19023098
-0.07445625
0.04249573
0.15902579
0.27352955
0.38441955
0.49014741
0.58922579
0.68024970
0.76191697
0.83304744
0.89260082
0.93969262
0.97360818
0.99381443
0.99996918
0.99192783
0.96974732
0.93368719
0.88420784
0.82196574
0.74780581
0.66275100
0.56798907
0.46485685
0.35482214
0.23946346
0.12044787
-0.00049269
-0.12158635
-0.24104719
-0.35710159
-0.46801468
-0.57211666
-0.66782829
-0.75368545
-0.82836220
-0.89069206
-0.93968710
-0.97455451
-0.99471054
-0.99979122
-0.98965999
-0.96441186
-0.92437407
-0.87010323
-0.80237875
-0.72219289
-0.63073729
-0.52938626
-0.41967702
-0.30328714
-0.18200958
-0.05772554
0.06762438
0.19207026
0.31364375
0.43040940
0.54049565
0.64212534
0.73364491
0.81355207
0.88052127
0.93342664
0.97136198
0.99365738
0.99989220
0.98990414
0.96379421
0.92192736
0.86492892
0.79367651
0.70928794
0.61310475
0.50667203
0.39171453
0.27010954
0.14385691
0.01504663
-0.11417538
-0.24164289
-0.36520569
-0.48276605
-0.59231472
-0.69196582
-0.77999001
-0.85484535
-0.91520532
-0.95998344
-0.98835398
-0.99976852
-0.99396775
-0.97098849
-0.93116558
-0.87512866
-0.80379368
-0.71834935
-0.62023866
-0.51113568
-0.39291808
-0.26763568
-0.13747567
-0.00472495
0.12826967
0.25914280
0.38555260
0.50522293
0.61598475
0.71581609
0.80287979
0.87555823
0.93248459
0.97256971
0.99502434
0.99937602
0.98548042
0.95352671
0.90403688
0.83785891
0.75615382
0.66037676
0.55225249
0.43374547
0.30702526
0.17442763
0.03841218
-0.09848283
-0.23368764
-0.36464922
-0.48887967
-0.60400398
-0.70780606
-0.79827226
-0.87363152
-0.93239120
-0.97336801
-0.99571333
-0.99893224
-0.98289601
-0.94784757
-0.89439981
-0.82352666
-0.73654708
-0.63510204
-0.52112503
-0.39680644
-0.26455256
-0.12693987
0.01333451
0.15350527
0.29079331
0.42246087
0.54586655
0.65851880
0.75812712
0.84264964
0.91033620
0.95976600
0.98987894
1.00000000
0.98985600
0.95958436
0.90973354
0.84125512
0.75548746
0.65413127
0.53921748
0.41306795
0.27824969
0.13752367
-0.00621107
-0.14997664
-0.29077785
-0.42566470
-0.55179453
-0.66649261
-0.76730973
-0.85207564
-0.91894713
-0.96644958
-0.99351123
-0.99948906
-0.98418585
-0.94785787
-0.89121287
-0.81539842
-0.72198056
-0.61291331
-0.49049937
-0.35734299
-0.21629570
-0.07039620
0.07719447
0.22326106
0.36460409
0.49811023
0.62082136
0.73000105
0.82319663
0.89829565
0.95357537
0.98774400
0.99997275
0.98991787
0.95773200
0.90406450
0.83005062
0.73728961
0.62781212
0.50403751
0.36872195
0.22489833
0.07580932
-0.07516502
-0.22458352
-0.36902224
-0.50515323
-0.62982178
-0.74012050
-0.83345828
-0.90762266
-0.96083399
-0.99179001
-0.99969976
-0.98430581
-0.94589424
-0.88529197
-0.80385134
-0.70342209
-0.58631144
-0.45523290
-0.31324492
-0.16368086
-0.01007168
0.14393683
0.29467027
0.43851343
0.57199741
0.69188418
0.79524617
0.87953930
0.94266724
0.98303555
0.99959404
0.99186627
0.95996534
0.90459541
0.82703871
0.72912828
0.61320683
0.48207271
0.33891407
0.18723279
0.03075992
-0.12663543
-0.28104135
-0.42860050
-0.56560688
-0.68859973
-0.79445220
-0.88045235
-0.94437446
-0.98453870
-0.99985753
-0.98986747
-0.95474535
-0.89530831
-0.81299750
-0.70984568
-0.58842935
-0.45180643
-0.30344106
-0.14711720
0.01315683
0.17325046
0.32901706
0.47640157
0.61154666
0.73089469
0.83128278
0.91002841
0.96500311
0.99469228
0.99823938
0.97547312
0.92691676
0.85377905
0.75792694
0.64184047
0.50855093
0.36156372
0.20476786
0.04233434
-0.12139394
-0.28201787
-0.43520041
-0.57678417
-0.70290523
-0.81009994
-0.89540183
-0.95642582
-0.99143722
-0.99940367
-0.98002819
-0.93376237
-0.86179903
-0.76604444
-0.64907056
-0.51404840
-0.36466426
-0.20502083
-0.03952594
0.12722828
0.29059238
0.44598927
0.58904305
0.71570328
0.82236114
0.90595418
0.96405649
0.99495165
0.99768621
0.97210182
0.91884516
0.83935482
0.73582553
0.61115037
0.46884245
0.31293809
0.14788410
-0.02158778
-0.19059572
-0.35424817
-0.50778574
-0.64672035
-0.76696778
-0.86496945
-0.93779999
-0.98325704
-0.99993066
-0.98725001
-0.94550569
-0.87584683
-0.78025277
-0.66147991
-0.52298502
-0.36882705
-0.20355022
-0.03205158
0.14056306
0.30913068
0.46858560
0.61411240
0.74129258
0.84624042
0.92572397
0.97726712
0.99922968
0.99086260
0.95233662
0.88474298
0.79006600
0.67112814
0.53150880
0.37543919
0.20767625
0.03335933
-0.14214622
-0.31341367
-0.47512282
-0.62222604
-0.75010712
-0.85472798
-0.93275856
-0.98168555
-0.99989642
-0.98673585
-0.94253238
-0.86859442
-0.76717505
-0.64140681
-0.49520797
-0.33316305
-0.16038123
0.01766318
0.19530321
0.36685928
0.52682111
0.67002566
0.79182539
0.88824119
0.95609505
0.99311781
0.99802837
0.97058150
0.91158224
0.82286632
0.70724669
0.56842773
0.41088951
0.23974575
0.06057974
-0.12073651
-0.29823404
-0.46604352
-0.61859004
-0.75077974
-0.85817194
-0.93713089
-0.98495187
-0.99995731
-0.98155916
-0.93028534
-0.84776892
-0.73670003
-0.60074177
-0.44441263
-0.27293907
-0.09208291
0.09205074
0.27321878
0.44525175
0.60226453
0.73885910
0.85031216
0.93274109
0.98324232
0.99999722
0.98234127
0.93079405
0.84704848
0.73391927
0.59525219
0.43579661
0.26104573
0.07704952
-0.10979316
-0.29295635
-0.46601494
-0.62287076
-0.75796909
-0.86649751
-0.94456024
-0.98932131
-0.99911135
-0.97349377
-0.91328772
-0.82054637
-0.69849118
-0.55140378
-0.38447920
-0.20364511
-0.01535351
0.17364818
0.35655834
0.52676619
0.67809182
0.80501246
0.90286657
0.96802832
0.99804557
0.99173622
0.94923883
0.87201539
0.76280555
0.62553364
0.46517147
0.28756142
0.09920619
-0.09296755
-0.28186289
-0.46047469
-0.62215016
-0.76083829
-0.87131870
-0.94940131
-0.99208885
-0.99769608
-0.96592060
-0.89786225
-0.79598990
-0.66405642
-0.50696446
-0.33058780
-0.14155458
0.05299976
0.24570059
0.42921339
0.59652350
0.74120583
0.85767398
0.94139900
0.98908934
0.99882442
0.97013646
0.90403688
0.80298570
0.67080474
0.51253730
0.33425945
0.14284973
-0.05427407
-0.24944114
-0.43502588
-0.60374646
-0.74895224
-0.86488838
-0.94692721
-0.99175693
-0.99751968
-0.96389321
-0.89211235
-0.78492888
-0.64651087
-0.48228499
-0.29872740
-0.10311140
0.09677871
0.29295635
0.47755159
0.64312784
0.78298335
0.89142526
0.96400496
0.99770484
0.99106842
0.94426816
0.85910759
0.73895706
0.58862525
0.41417098
0.22266267
0.02189463
-0.17992838
-0.37452571
-0.55388094
-0.71057349
-0.83808810
-0.93108900
-0.98564725
-0.99941145
-0.97171403
-0.90360832
-0.79783423
-0.65871328
-0.49197676
-0.30453370
-0.10418787
0.10068489
0.30148563
0.48975311
0.65752137
0.79765890
0.90417493
0.97247946
0.99958571
0.98424589
0.92701372
0.83023075
0.69793609
0.53570295
0.35040823
0.14994470
-0.05711271
-0.26187209
-0.45550615
-0.62963356
-0.77668371
-0.89022896
-0.96526949
-0.99845824
-0.98825545
-0.93500545
-0.84093184
-0.71005046
-0.54800326
-0.36181975
-0.15961584
0.04975715
0.25709837
0.45326134
0.62955826
0.77814682
0.89238223
0.96711844
0.99894489
0.98634759
0.92978671
0.83168662
0.69633789
0.52971513
0.33921800
0.13334640
-0.07867609
-0.28731387
-0.48314796
-0.65730227
-0.80184819
-0.91016899
-0.97726712
-1.00000000
-0.97723286
-0.90990114
-0.80097863
-0.65535225
-0.47960822
-0.28173890
-0.07078292
0.14358514
0.35149732
0.54334662
0.71023243
0.84437622
0.93948803
0.99106626
0.99661633
0.95577732
0.87034993
0.74422367
0.58320580
0.39475925
0.18766121
-0.02840251
-0.24328842
-0.44687100
-0.62952060
-0.78256114
-0.89868567
-0.97230983
-0.99984584
-0.97988338
-0.91326798
-0.80307234
-0.65446110
-0.47445462
-0.27160233
-0.05558054
0.16326652
0.37442087
0.56769654
0.73373272
0.86445018
0.95344880
0.99632624
0.99090178
0.93733367
0.83812335
0.69800550
0.52372832
0.32373394
0.10775381
-0.11366183
-0.32965767
-0.52960552
-0.70362873
-0.84309296
-0.94103886
-0.99253463
-0.99493056
-0.94800192
-0.85397242
-0.71741596
-0.54504066
-0.34536505
-0.12830171
0.09533160
0.31434924
0.51775699
0.69530532
0.83800878
0.93860503
0.99192988
0.99518873
0.94810983
0.85297064
0.71449506
0.53962554
0.33718096
0.11741648
-0.10849252
-0.32901706
-0.53286274
-0.70954979
-0.84995491
-0.94678692
-0.99497109
-0.99192169
-0.93768778
-0.83496371
-0.68896276
-0.50715938
-0.29891239
-0.07498783
0.15299446
0.37316231
0.57400972
0.74500002
0.87712223
0.96337088
0.99912356
0.98239563
0.91395760
0.79730804
0.63850224
0.44584468
0.22946041
0.00076730
-0.22812377
-0.44504924
-0.63844008
-0.79794135
-0.91497081
-0.98318632
-0.99883614
-0.96097264
-0.87151681
-0.73516886
-0.55916880
-0.35291847
-0.12748463
0.10499113
0.33194431
0.54106634
0.72097387
0.86183180
0.95589600
0.99794539
0.98557900
0.91936072
0.80280274
0.64218725
0.44623504
0.22563804
-0.00751949
-0.24042005
-0.46021656
-0.65474197
-0.81318557
-0.92669837
-0.98889334
-0.99621193
-0.94813551
-0.84722873
-0.69901119
-0.51166318
-0.29558089
-0.06280471
0.17364818
0.40051008
0.60500769
0.77558362
0.90255381
0.97866312
0.99950697
0.96379421
0.87343495
0.73344729
0.55168675
0.33841250
0.10571400
-0.13317029
-0.36460409
-0.57533171
-0.75323937
-0.88805560
-0.97195006
-0.99999539
-0.97046470
-0.88494617
-0.74826680
-0.56822836
-0.35516948
-0.12137791
0.11961394
0.35381006
0.56756355
0.74837395
0.88562228
0.97120056
0.99999806
0.97021478
0.88348243
0.74478447
0.56217837
0.34633509
0.10992160
-0.13313827
-0.36848169
-0.58215554
-0.76144596
-0.89563906
-0.97666735
-0.99960228
-0.96296256
-0.86881845
-0.72268434
-0.53320443
-0.31164904
-0.07125020
0.17358454
0.40813367
0.61824729
0.79120343
0.91648311
0.98641666
0.99666132
0.94647973
0.83880119
0.68006024
0.47982083
0.25020758
0.00517725
-0.24032597
-0.47128054
-0.67350778
-0.83454567
-0.94442226
-0.99628044
-0.98681440
-0.91648957
-0.78953096
-0.61367885
-0.39972545
-0.16085955
0.08814135
0.33182240
0.55501019
0.74375954
0.88622917
0.97343093
0.99980486
0.96358284
0.86691652
0.71575969
0.51951104
0.29043781
0.04291534
-0.20747083
-0.44490457
-0.65433896
-0.82245304
-0.93850468
-0.99502434
-0.98830477
-0.91865382
-0.79039267
-0.61159778
-0.39360128
-0.15028008
0.10282218
0.34948516
0.57385098
0.76144596
0.90011908
0.98083587
0.99827560
0.95119170
0.84251044
0.67915964
0.47163668
0.23334209
-0.02027961
-0.27273704
-0.50756307
-0.70939042
-0.86496134
-0.96400496
-0.99992365
-0.97024216
-0.87678842
-0.72559200
-0.52650528
-0.29257020
-0.03917084
0.21697382
0.45891100
0.67057709
0.83786773
0.94958379
0.99818920
0.98032902
0.89707136
0.75385529
0.56014605
0.32881874
0.07530999
-0.18340718
-0.42995734
-0.64773010
-0.82200254
-0.94094045
-0.99641014
-0.98454436
-0.90602256
-0.76604444
-0.57399649
-0.34283212
-0.08820571
0.17258222
0.42175796
0.64228631
0.81903853
0.93983619
0.99629852
0.98443383
0.90493253
0.76313970
0.56870679
0.33494447
0.07791920
-0.18464565
-0.43458948
-0.65457102
-0.82927507
-0.94648495
-0.99794539
-0.97995424
-0.89363989
-0.74490303
-0.54402450
-0.30496449
-0.04440007
0.21943308
0.46801468
0.68384096
0.85166107
0.95956162
0.99982140
0.96947463
0.87054077
0.70990257
0.49883842
0.25224021
-0.01242997
-0.27637175
-0.52078032
-0.72818790
-0.88371691
-0.97615464
-0.99877137
-0.94982154
-0.83268982
-0.65566943
-0.43138607
-0.17590670
0.09240461
0.35420286
0.59055626
0.78431797
0.92137579
0.99168848
0.99003195
0.91639907
0.77602190
0.57901213
0.33964346
0.07532610
-0.19465362
-0.45053781
-0.67354360
-0.84724590
-0.95879415
-0.99987264
-0.96733173
-0.86344147
-0.69574637
-0.47652939
-0.22192244
0.04927313
0.31697030
0.56128296
0.76400546
0.90997484
0.98821345
0.99276531
0.92316160
0.78447828
0.58697863
0.34536505
0.07769373
-0.19596856
-0.45504591
-0.68000102
-0.85381269
-0.96327118
-0.99999217
-0.96107090
-0.84932451
-0.67310170
-0.44567116
-0.18423286
0.09137514
0.36017772
0.60165827
0.79732754
0.93214575
0.99568789
0.98296140
0.89481126
0.73787864
0.52411358
0.26987623
-0.00530647
-0.28023511
-0.53366899
-0.74596903
-0.90062515
-0.98554891
-0.99402960
-0.92527734
-0.78450833
-0.58256263
-0.33508145
-0.06130531
0.21741532
0.47928218
0.70375498
0.87316737
0.97412548
0.99857778
0.94447004
0.81593110
0.62297186
0.38071818
0.10823558
-0.17296408
-0.44061730
-0.67347196
-0.85297907
-0.96477824
-0.99985725
-0.95529145
-0.83450116
-0.64700369
-0.40767646
-0.13558738
0.14751664
0.41894376
0.65687608
0.84212736
0.95969793
1.00000000
0.95965252
0.84177872
0.65577919
0.41659552
0.14352120
-0.14134669
-0.41489131
-0.65485186
-0.84163917
-0.95994271
-0.99999649
-0.95839855
-0.83841401
-0.64973390
-0.40770596
-0.13209755
0.15451081
0.42857131
0.66750359
0.85155947
0.96546335
0.99969139
0.95128139
0.82410354
0.62856624
0.38077793
0.10123131
-0.18688368
-0.45959977
-0.69416668
-0.87095383
-0.97510195
-0.99778399
-0.93696730
-0.79761019
-0.59127301
-0.33517277
-0.05075742
0.23808305
0.50702015
0.73333748
0.89785513
0.98656485
0.99183540
0.91308363
0.75685106
0.53627572
0.27000067
-0.01939133
-0.30728660
-0.56913190
-0.78253097
-0.92916700
-0.99638548
-0.97829982
-0.87632193
-0.69906895
-0.46165010
-0.18439163
0.10889397
0.39294779
0.64323917
0.83808810
0.96055147
0.99990816
0.95261218
0.82262759
0.62111259
0.36547635
0.07788699
-0.21664266
-0.49242672
-0.72534741
-0.89496986
-0.98634493
-0.99133991
-0.90937774
-0.74751617
-0.51985606
-0.24632688
0.04904725
0.34025112
0.60156794
0.80985363
0.94659438
0.99956405
0.96393191
0.84271922
0.64656017
0.39278439
0.10389869
-0.19440010
-0.47550655
-0.71428029
-0.88929998
-0.98479513
-0.99208073
-0.91036294
-0.74683980
-0.51608379
-0.23875762
0.06022501
0.35393092
0.61583203
0.82220487
0.95428780
0.99999906
0.95505712
0.82339835
0.61684969
0.35408200
0.05893500
-0.24173694
-0.52050449
-0.75186710
-0.91459235
-0.99367553
-0.98173783
-0.87973138
-0.69688259
-0.44987430
-0.16133783
0.14221018
0.43279915
0.68358162
0.87131870
0.97854346
0.99519981
0.91960204
0.75862200
0.52708196
0.24640516
-0.05735462
-0.35592439
-0.62144169
-0.82905835
-0.95927465
-0.99978390
-0.94665165
-0.80471527
-0.58716170
-0.31431857
-0.01176772
0.29204496
0.56848089
0.79141084
0.93969262
0.99918857
0.96412941
0.83769132
0.63172706
0.36567182
0.06472309
-0.24253626
-0.52684857
-0.76106886
-0.92276369
-0.99637175
-0.97471720
-0.85972701
-0.66227911
-0.40119084
-0.10144023
0.20821347
0.49798416
0.73992494
0.91063013
0.99351123
0.98042455
0.87248940
0.68001286
0.42152360
0.12200322
-0.18951728
-0.48276605
-0.72917250
-0.90465737
-0.99199733
-0.98253117
-0.87703688
-0.68568920
-0.42709665
-0.12650724
0.18664564
0.48161976
0.72938251
0.90547486
0.99243778
0.98155916
0.87376511
0.67956266
0.41803415
0.11497775
-0.19962634
-0.49457631
-0.74054401
-0.91299798
-0.99466232
-0.97726370
-0.86238841
-0.66135876
-0.39413581
-0.08735287
0.22832822
0.52127668
0.76206342
0.92642495
0.99772122
0.96863729
0.84195308
0.63029846
0.35491276
0.04352861
-0.27241065
-0.56092194
-0.79272232
-0.94420965
-0.99987951
-0.95392983
-0.81088528
-0.58517239
-0.29968305
0.01653258
0.33121279
0.61217273
0.83059975
0.96401785
0.99861542
0.93069364
0.76708178
0.52447122
0.22773055
-0.09262979
-0.40358653
-0.67300612
-0.87297046
-0.98268116
-0.99063903
-0.89586886
-0.70805706
-0.44658195
-0.13853161
0.18408996
0.48768141
0.74054401
0.91619852
0.99617108
0.97195386
0.84593044
0.63116340
0.35006023
0.03205158
-0.28947930
-0.58069671
-0.81087583
-0.95565371
-0.99962296
-0.93799053
-0.77712105
-0.53390121
-0.23398605
0.09089255
0.40627469
0.67862591
0.87890824
0.98568813
0.98744724
0.88384540
0.68579502
0.41433271
0.09840245
-0.22821813
-0.53052326
-0.77603209
-0.93828698
-0.99971923
-0.95357051
-0.80465773
-0.56889279
-0.27160233
0.05517732
0.37614277
0.65653497
0.86590827
0.98144783
0.99047292
0.89184945
0.69615236
0.42455347
0.10654925
-0.22322957
-0.52878313
-0.77667354
-0.93969262
-0.99986319
-0.95044115
-0.79669338
-0.55535951
-0.25284979
0.07762931
0.39971064
0.67786621
0.88133162
0.98752112
0.98455284
0.87259988
0.66391148
0.38149478
0.05659663
-0.27474127
-0.57567518
-0.81265875
-0.95919248
-0.99880318
-0.92691676
-0.75140895
-0.49176579
-0.17694022
0.15786146
0.47510860
0.73915294
0.92024176
0.99788493
0.96319306
0.81991802
0.58407152
0.28215735
-0.05178989
-0.38003097
-0.66538394
-0.87544114
-0.98626233
-0.98512170
-0.87199167
-0.65958792
-0.37196305
-0.04180173
0.29328068
0.59501852
0.82886862
0.96797562
0.99627348
0.91036294
0.71994324
0.44674093
0.12205132
-0.21683190
-0.53089292
-0.78388687
-0.94653186
-0.99991440
-0.93771023
-0.76695741
-0.50728468
-0.18867658
0.15197271
0.47512282
0.74317617
0.92486015
0.99889080
0.95648711
0.80243659
0.55458012
0.24176829
-0.09947944
-0.42922798
-0.70879812
-0.90531026
-0.99556566
-0.96880565
-0.82801817
-0.58963032
-0.28161490
0.05977352
0.39425457
0.68227181
0.88967644
0.99179001
0.97636108
0.84505923
0.61332167
0.30856221
-0.03305258
-0.37088318
-0.66464803
-0.87923166
-0.98889574
-0.98038637
-0.85456023
-0.62632731
-0.32290849
0.01939133
0.35951457
0.65657152
0.87476103
0.98769857
0.98162703
0.85711696
0.62904354
0.32483416
-0.01880990
-0.36032842
-0.65832427
-0.87658638
-0.98850345
-0.98032902
-0.85289475
-0.62155559
-0.31436458
0.03130888
0.37331218
0.66984577
0.88457728
0.99110715
0.97623522
0.84162173
0.60363056
0.29136511
-0.05687080
-0.39825904
-0.69072865
-0.89814654
-0.99479648
-0.96858911
-0.82260004
-0.57473700
-0.25556820
0.09542808
0.43473495
0.72018984
0.91623088
0.99834320
0.95614711
0.79473662
0.53409242
0.20663323
-0.14679764
-0.48201610
-0.75701997
-0.93726048
-1.00000000
-0.93720415
-0.75659762
-0.48074179
-0.14424055
0.21058281
0.53899980
0.79951591
0.95912393
0.99750488
0.90963962
0.70649256
0.41367101
0.06822069
-0.28604486
-0.60409410
-0.84540453
-0.97913842
-0.98810440
-0.87099351
-0.64259579
-0.33195954
0.02128093
0.37194806
0.67509431
0.89176906
0.99403841
0.96860919
0.81858414
0.56311316
0.23497537
-0.12360637
-0.46638650
-0.74905927
-0.93499399
-0.99999969
-0.93549721
-0.74967965
-0.46650081
-0.12261245
0.23736128
0.56660558
0.82220487
0.97074851
0.99271868
0.88508154
0.66173428
0.35173928
-0.00443418
-0.36017772
-0.66883764
-0.88983864
-0.99403312
-0.96756883
-0.81375867
-0.55269682
-0.21866077
0.14436843
0.48848505
0.76817918
0.94636497
0.99931707
0.91985569
0.71834935
0.42139175
0.06831739
-0.29399100
-0.61732001
-0.85854489
-0.98539528
-0.98079493
-0.84518876
-0.59653646
-0.26796252
0.09663401
0.44843104
0.74021826
0.93274109
0.99999999
0.93278767
0.73997927
0.44739116
0.09435067
-0.27157124
-0.60096128
-0.84923923
-0.98270510
-0.98313614
-0.85030366
-0.60205818
-0.27195988
0.09523512
0.44962903
0.74295996
0.93518292
0.99995550
0.92827457
0.72975812
0.43138607
0.07386020
-0.29392924
-0.62158090
-0.86409265
-0.98805715
-0.97628770
-0.83023075
-0.56982238
-0.23079663
0.14019520
0.49199082
0.77597096
0.95278892
0.99784271
0.90472620
0.68617114
0.37233789
0.00667952
-0.36005717
-0.67686800
-0.89959062
-0.99707746
-0.95557757
-0.78070722
-0.49672288
-0.14318547
0.23052942
0.57211666
0.83366353
0.97838341
0.98581312
0.85473636
0.60341160
0.26705975
-0.10704715
-0.46621502
-0.75974700
-0.94610893
-0.99882677
-0.91027602
-0.69281665
-0.37710048
-0.00777794
0.36279840
0.68198832
0.90434736
0.99811460
0.94977605
0.76604444
0.47296086
0.11223335
-0.26467718
-0.60388811
-0.85680060
-0.98707716
-0.97588740
-0.82466130
-0.55494300
-0.20535284
0.17391861
0.52830318
0.80670541
0.96888167
0.99128041
0.87049308
0.62380549
0.28675681
-0.09195423
-0.45748954
-0.75680883
-0.94637541
-0.99850981
-0.90546115
-0.68059300
-0.35649797
0.01969819
0.39317059
0.70937903
0.92203996
0.99992042
0.93145388
0.72649176
0.41492070
0.04233434
-0.33661821
-0.66623967
-0.89797601
-0.99758631
-0.95023000
-0.76271153
-0.46253829
-0.09391645
0.28873703
0.62881748
0.87590918
0.99327581
0.96334922
0.79039267
0.49993005
0.13501119
-0.25014502
-0.59819467
-0.85720848
-0.98843496
-0.97212455
-0.81053537
-0.52765840
-0.16568844
0.22124510
0.57515994
0.84291049
0.98418299
0.97759133
0.82394796
0.54620487
0.18605842
-0.20228481
-0.56025310
-0.83374381
-0.98131441
-0.98048811
-0.83121094
-0.55592359
-0.19622200
0.19340173
0.55380024
0.83014970
0.98030351
0.98124597
0.83265404
0.55701075
0.19623784
-0.19465362
-0.55593702
-0.83229603
-0.98130819
-0.97998320
-0.82834410
-0.54948873
-0.18610604
0.20603260
0.56661889
0.84008289
0.98417154
0.97650402
0.81808279
0.53320443
0.16576809
-0.22746315
-0.58561768
-0.85313923
-0.98842026
-0.97030081
-0.80141362
-0.50784141
-0.13512323
0.25878394
0.61250478
0.87081092
0.99326084
0.96056045
0.77763928
0.47294663
0.09406119
-0.29971387
-0.64662178
-0.89214154
-0.99757508
-0.94617692
-0.74585068
-0.42797282
-0.04251187
0.34980298
0.68704021
0.91584862
0.99991795
0.92577284
0.70497043
0.37233789
-0.01948824
-0.40836961
-0.73251326
-0.94029888
-0.99852213
-0.89773419
-0.65381353
-0.30550289
0.09171295
0.47442618
0.78142341
0.96348775
0.99131443
0.86026283
0.59116878
0.22706987
-0.17364818
-0.54659721
-0.83173146
-0.98302962
-0.97595083
-0.81145210
-0.51590391
-0.13689963
0.26438119
0.62303503
0.88093441
0.99616684
0.94987710
0.74939094
0.42709665
0.03524820
-0.36248226
-0.70134091
-0.92604133
-0.99980677
-0.91042309
-0.67230089
-0.32419242
0.07708173
0.46588630
0.77850180
0.96357852
0.99059708
0.85493753
0.57870917
0.20718638
-0.19858154
-0.57178539
-0.85085580
-0.98963681
-0.96504969
-0.78096961
-0.46765776
-0.07682404
0.32688061
0.67654689
0.91410176
0.99997463
0.91972257
0.68650009
0.33894446
-0.06519056
-0.45860958
-0.77567539
-0.96337088
-0.99019058
-0.85146630
-0.57022055
-0.19338588
0.21599604
0.58930410
0.86384049
0.99337828
0.95597662
0.75773723
0.43185236
0.03308487
-0.37140818
-0.71337527
-0.93499399
-0.99867177
-0.89345858
-0.63697182
-0.27248837
0.13832363
0.52581843
0.82417674
0.98260024
0.97399023
0.79962263
0.48900649
0.09492959
-0.31548380
-0.67219326
-0.91419999
-0.99999972
-0.91473600
-0.67281493
-0.31551445
0.09602303
0.49123121
0.80221482
0.97542688
0.98091761
0.81755291
0.51328612
0.12041579
-0.29337334
-0.65665681
-0.90660283
-0.99986078
-0.92011528
-0.68098347
-0.32373394
0.08979859
0.48789294
0.80137497
0.97565059
0.98024284
0.81416218
0.50615665
0.10977710
-0.30590278
-0.66830909
-0.91404280
-0.99999310
-0.91093694
-0.66227911
-0.29743217
0.11972621
0.51601461
0.82178169
0.98316272
0.97159946
0.78893576
0.46717222
0.06290144
-0.35261617
-0.70600080
-0.93471871
-0.99817265
-0.88494617
-0.61490252
-0.23574466
0.18537590
0.57373191
0.86027930
0.99395002
0.95078710
0.73828191
0.39412096
-0.02045727
-0.43153179
-0.76567051
-0.96305832
-0.98823322
-0.83649833
-0.53484333
-0.13718765
0.28522438
0.65657152
0.91006859
1.00000000
0.91000163
0.65608402
0.28383064
-0.13974735
-0.53825124
-0.83967080
-0.98941294
-0.96022285
-0.75718882
-0.41690389
-0.00091269
0.41539097
0.75641803
0.96011904
0.98930247
0.83846684
0.53488428
0.13371460
-0.29198317
-0.66453940
-0.91584862
-0.99984299
-0.90097588
-0.63714614
-0.25650512
0.17129325
0.56781622
0.86022988
0.99469560
0.94631799
0.72379991
0.36792599
-0.05587086
-0.46951292
-0.79665433
-0.97678516
-0.97645526
-0.79553011
-0.46730076
-0.05240290
0.37235288
0.72818790
0.94897427
0.99355159
0.85344246
0.55451291
0.15224413
-0.27852896
-0.65752137
-0.91396416
-0.99984271
-0.89892643
-0.62988452
-0.24288102
0.18973933
0.58695247
0.87422824
0.99753444
0.93353671
0.69406203
0.32396319
-0.10723988
-0.51839257
-0.83197353
-0.98872706
-0.95889506
-0.74791305
-0.39547154
0.03190627
0.45339093
0.78912432
0.97536277
0.97661181
0.79243667
0.45763317
0.03570022
-0.39317059
-0.74732300
-0.95919248
-0.98822581
-0.82868783
-0.51084409
-0.09526728
0.33867089
0.70794298
0.94175807
0.99516020
0.85771550
0.55560129
0.14666980
-0.29059238
-0.67210954
-0.92438640
-0.99869167
-0.88051361
-0.59244486
-0.18991379
0.24944114
0.64072494
0.90819144
0.99993028
0.89798312
0.62190985
0.22508720
-0.21557016
-0.61449480
-0.89408168
-0.99980740
-0.91090361
-0.64448751
-0.25231837
0.18921592
0.59395340
0.88277007
0.99906933
0.91991270
0.66059508
0.27174225
-0.17052928
-0.57948617
-0.87478451
-0.99827465
-0.92549164
-0.67055312
-0.28347436
0.15959990
0.57134798
0.87047717
0.99779366
0.92795584
0.67456979
0.28759237
-0.15647355
-0.56967635
-0.87003156
-0.99780865
-0.92744927
-0.67273127
-0.28412492
0.16116247
0.57449903
0.87346641
0.99831426
0.92394211
0.66499797
0.27304785
-0.17364818
-0.58573552
-0.88063610
-0.99911746
-0.91723117
-0.65120621
-0.25428736
0.19387717
0.60319259
0.89122753
0.99983722
0.90694336
0.63107569
0.22773055
-0.22174918
-0.62655396
-0.90475372
-0.99990418
-0.89254255
-0.60422282
-0.19324324
0.25709837
0.65536445
0.92054493
0.99856137
0.87334054
0.57018074
0.15069529
-0.29966764
-0.68900960
-0.93773829
-0.99486700
-0.84851344
-0.52842661
-0.09999378
0.34907648
0.72669153
0.95526757
0.98770110
0.81712478
0.47841712
0.04112386
-0.40478334
-0.76740295
-0.97185500
-0.97577797
-0.77815697
-0.41963303
0.02580271
0.46604352
0.80990100
0.98600767
0.95766692
0.73055283
0.35163343
-0.10049203
-0.53186451
-0.85268384
-0.99602136
-0.93182369
-0.67326893
-0.27411993
0.18240666
0.60096128
0.89397312
0.99999529
0.89663550
0.60534205
0.18701063
-0.27070052
-0.67171473
-0.93170640
-0.99586144
-0.85048215
-0.52596957
-0.09052254
0.36415280
0.74213767
0.96354396
0.98143234
0.79181552
0.43460402
-0.01473974
-0.46110550
-0.80985363
-0.98689533
-0.95447109
-0.71925900
-0.33106037
0.12769292
0.55940984
0.87209445
0.99897069
0.91278698
0.63172706
0.21563326
-0.24668695
-0.65638874
-0.92572397
-0.99686263
-0.85435882
-0.52856374
-0.08921939
0.36942757
0.74882378
0.96729486
0.97766268
0.77748691
0.40969626
-0.04656243
-0.49291873
-0.83297595
-0.99314616
-0.93861618
-0.68097164
-0.27579729
0.18926350
0.61343649
0.90465049
0.99954768
0.87731611
0.56431399
0.12844589
-0.33552279
-0.72654726
-0.95931571
-0.98289601
-0.79193390
-0.42792903
0.02972655
0.48102506
0.82718398
0.99228433
0.93996305
0.68148014
0.27335863
-0.19492297
-0.62051739
-0.90979389
-0.99896335
-0.86819390
-0.54608308
-0.10346489
0.36212091
0.74790233
0.96856902
0.97517354
0.76604444
0.38726599
-0.07741995
-0.52509000
-0.85642554
-0.99776676
-0.91753334
-0.63334106
-0.20819768
0.26341517
0.67651120
0.93897231
0.99212126
0.82389303
0.47163668
0.01388368
-0.44711665
-0.80822058
-0.98848146
-0.94733665
-0.69379450
-0.28452759
0.18874004
0.61975704
0.91159552
0.99847523
0.86064144
0.52892023
0.07788699
-0.39085231
-0.77152979
-0.97809181
-0.96369076
-0.73136857
-0.33348288
0.14003526
0.58197165
0.89209775
0.99992622
0.88078147
0.56151021
0.11449634
-0.35870046
-0.75039548
-0.97129286
-0.97088023
-0.74903787
-0.35618101
0.11813834
0.56560688
0.88387562
0.99999339
0.88717767
0.57105628
0.12391093
-0.35179976
-0.74689350
-0.97053091
-0.97113894
-0.74836324
-0.35326608
0.12331782
0.57162635
0.88824119
0.99996893
0.88081207
0.55808354
0.10621195
-0.37037307
-0.76135171
-0.97605987
-0.96455267
-0.72928304
-0.32465082
0.15551620
0.59968229
0.90450587
0.99890973
0.86070724
0.52188311
0.06125694
-0.41380337
-0.79238741
-0.98594837
-0.94905575
-0.69012099
-0.26954958
0.21429229
0.64805002
0.92993529
0.99364284
0.82400288
0.46066109
-0.01112161
-0.48043014
-0.83675494
-0.99603143
-0.92051969
-0.62781212
-0.18680434
0.29846531
0.71332998
0.95959345
0.97880891
0.76621055
0.37196305
-0.11061198
-0.56708466
-0.88904127
-0.99985725
-0.87298622
-0.53838737
-0.07551939
0.40547747
0.78996696
0.98615003
0.94702582
0.68171654
0.25341238
-0.23561907
-0.66841723
-0.94130088
-0.98873915
-0.79914706
-0.41778467
0.06398156
0.53052326
0.86968891
0.99978557
0.88930736
0.56463401
0.10380229
-0.38219648
-0.77612378
-0.98278577
-0.95208005
-0.69120742
-0.26305673
0.22889436
0.66555274
0.94103886
0.98839328
0.79591167
0.41010882
-0.07545496
-0.54281763
-0.87826020
-1.00000000
-0.87818294
-0.54227484
-0.07400519
0.41246470
0.79835009
0.98926001
0.93833166
0.65780125
0.21613799
-0.27860653
-0.70519953
-0.95893630
-0.97737659
-0.75577313
-0.34836492
0.14483196
0.60253530
0.91201341
0.99687923
0.83600229
0.46884245
-0.01415827
-0.49380393
-0.85154253
-0.99878733
-0.89890519
-0.57640143
-0.11098123
0.38209199
0.78051539
0.98529332
0.94537939
0.67046923
0.22872138
-0.27007843
-0.70176683
-0.95871151
-0.97668469
-0.75098244
-0.33772838
0.16001449
0.61790442
0.92137579
0.99433407
0.81829640
0.43714825
-0.05372564
-0.53126248
-0.87555823
-0.99999699
-0.87309650
-0.52654647
-0.04736922
0.44387713
0.82340751
0.99541704
0.91631500
0.60584338
0.14222617
-0.35747877
-0.76690558
-0.98234429
-0.94905575
-0.67524922
-0.23013643
0.27349848
0.70784029
0.96248192
0.97252836
0.73520171
0.31068188
-0.19308474
-0.64779163
-0.93744619
-0.98799235
-0.78630811
-0.38368872
0.11712772
0.58812890
0.90873832
0.99671125
0.82929312
0.44918168
-0.04628811
-0.53001652
-0.87772667
-0.99991629
-0.86495324
-0.50734036
-0.01897141
0.47442618
0.84563741
0.99877857
0.89411785
0.55845880
0.07835402
-0.42215338
-0.81355207
-0.99438889
-0.91761683
-0.60290910
-0.13169724
0.37383662
0.78241027
0.98774400
0.93625417
0.64110933
0.17894311
-0.32997791
-0.75301620
-0.97973805
-0.95078710
-0.67349584
-0.22011070
0.29096331
0.72604759
0.97115820
0.96190998
0.70049984
0.25527146
-0.25708276
-0.70206598
-0.96268329
-0.97024216
-0.72252801
-0.28452759
0.22854840
0.68152743
0.95488458
0.97631916
0.73994667
0.30799363
-0.20551094
-0.66479285
-0.94822789
-0.98058643
-0.75306934
-0.32578121
0.18807373
0.65213741
0.94307625
0.98339511
0.76214709
0.33798684
-0.17630423
-0.64375849
-0.93969262
-0.98499930
-0.76736152
-0.34468277
0.17024277
0.63978188
0.93824227
0.98555438
0.76882001
0.34591075
-0.16990848
-0.64026594
-0.93879437
-0.98511614
-0.76655299
-0.34167858
0.17530240
0.64520361
0.94132269
0.98364045
0.76051323
0.33195954
-0.18640759
-0.65452217
-0.94570538
-0.98098351
-0.75057697
-0.31669451
0.20318645
0.66808074
0.95172368
0.97690266
0.73654708
0.29579693
-0.22557509
-0.68566568
-0.95905991
-0.97105798
-0.71815828
-0.26916066
0.25347489
0.70698398
0.96729486
0.96301481
0.69508470
0.23667076
-0.28674133
-0.73165494
-0.97590503
-0.95224789
-0.66695011
-0.19821739
0.32517025
0.75920055
0.98426016
0.93814723
0.63334106
0.15371278
-0.36848169
-0.78903501
-0.99162184
-0.92002668
-0.59382343
-0.10311140
0.41630180
0.82045403
0.99714372
0.89713559
0.54796272
0.04643334
-0.46814316
-0.85262476
-0.99987444
-0.86867445
-0.49534831
0.01620955
0.52338425
0.88457728
0.99876416
0.83381516
0.43562213
-0.08458472
-0.58124892
-0.91519881
-0.99267581
-0.79172672
-0.36851172
0.15830808
0.64078695
0.94323194
0.98040228
0.74160692
0.29386747
-0.23681202
-0.70085713
-0.96727847
-0.96069061
-0.68272046
-0.21170387
0.31931341
0.76011450
0.98581041
0.93227437
0.61444382
0.12224371
-0.40478334
-0.81700371
-0.99718990
-0.89391520
-0.53631662
-0.02596420
0.49192050
0.86976066
0.99969976
0.84445410
0.44809892
-0.07635696
-0.57913066
-0.91642493
-0.99158633
-0.78287281
-0.34983325
0.18359773
0.66451526
0.95486539
0.97111582
0.70836498
0.24190936
-0.29425346
-0.74587220
-0.98282156
-0.93664517
-0.62041604
-0.12512906
0.40640753
0.82071253
0.99796295
0.88670762
0.51888978
0.00076730
-0.51771553
-0.88629651
-0.99796810
-0.82011218
-0.40411853
0.12937499
0.62540760
0.93969262
0.98062442
0.73605521
0.27699267
-0.26293205
-0.72631412
-0.97786255
-0.94394867
-0.63424070
-0.13904353
0.39695471
0.81691987
0.99777431
0.88632643
0.51500415
-0.00748718
-0.52791909
-0.89345132
-0.99654425
-0.80666722
-0.37943322
0.15959990
0.65176995
0.95200097
0.97160711
0.70456933
0.22947614
-0.31352104
-0.76400546
-0.98869075
-0.92091052
-0.58048627
-0.06802730
0.46472812
0.85980951
0.99987470
0.84312771
0.43588384
-0.10102239
-0.60802587
-0.93423562
-0.98237752
-0.73787864
-0.27337417
0.27278366
0.73768236
0.98244388
0.93376237
0.60594619
0.09681087
-0.44142918
-0.84763181
-0.99998841
-0.85261632
-0.44947030
0.08867234
0.60032844
0.93174746
0.98314795
0.73883733
0.27209978
-0.27669775
-0.74226758
-0.98418299
-0.92928638
-0.59390142
-0.07907868
0.45977192
0.85976001
0.99977474
0.83722344
0.42108409
-0.12275674
-0.62952060
-0.94544782
-0.97448930
-0.70758921
-0.22560656
0.32509387
0.77703972
0.99258577
0.90589262
0.54312962
0.01467513
-0.51839257
-0.89336424
-0.99558994
-0.79360772
-0.34892510
0.20261701
0.69228062
0.97004628
0.95062179
0.63971980
0.13248183
-0.41555260
-0.83609978
-0.99982110
-0.85616690
-0.44908065
0.09634460
0.61223660
0.93959313
0.97732531
0.71355637
0.22946041
-0.32562848
-0.78023256
-0.99370814
-0.89981626
-0.52737021
0.00850483
0.54188119
0.90737839
0.99147093
0.76782743
0.30565670
-0.25161491
-0.73079546
-0.98274994
-0.92886813
-0.58568314
-0.05990252
0.48468882
0.87821385
0.99771686
0.80565407
0.36178963
-0.19530321
-0.69144085
-0.97128133
-0.94701026
-0.62598725
-0.10862099
0.44295048
0.85563226
0.99971152
0.82969911
0.39879240
-0.15767005
-0.66464803
-0.96244685
-0.95706495
-0.64995490
-0.13774767
0.41806350
0.84199666
1.00000000
0.84190950
0.41747644
-0.13918750
-0.65191695
-0.95822778
-0.96085189
-0.65871328
-0.14745273
0.41075696
0.83860766
0.99998999
0.84336215
0.41831295
-0.14003526
-0.65391131
-0.95947973
-0.95911936
-0.65270055
-0.13781167
0.42123060
0.84577534
0.99994385
0.83418950
0.40132401
-0.16020584
-0.67052915
-0.96595404
-0.95152017
-0.63161436
-0.10874945
0.44919611
0.86283785
0.99897801
0.81357086
0.36607773
-0.19949971
-0.70089169
-0.97629120
-0.93662254
-0.59444712
-0.06009601
0.49381798
0.88812243
0.99506610
0.77978779
0.31178718
-0.25741057
-0.74325182
-0.98798985
-0.91196040
-0.53961194
0.00824638
0.55355811
0.91885791
0.98505778
0.73035424
0.23751819
-0.33290412
-0.79483465
-0.99736967
-0.87414195
-0.46517147
0.09602303
0.62593686
0.95106201
0.96473999
0.66224280
0.14251397
-0.42410002
-0.85163568
-0.99956214
-0.81904780
-0.36918738
0.20223735
0.70723527
0.97944258
0.92898177
0.57223589
0.02664242
-0.52787793
-0.90821848
-0.98857904
-0.74215933
-0.25020758
0.32466610
0.79218042
0.99736967
0.87201539
0.45743208
-0.10903849
-0.63944661
-0.95757386
-0.95752264
-0.63906152
-0.10789834
0.45931282
0.87367868
0.99699294
0.78791229
0.31592830
-0.26162264
-0.75194165
-0.99112434
-0.89901133
-0.50615665
0.05619343
0.59986325
0.94268880
0.96959334
0.67130775
0.14767641
-0.42566470
-0.85615021
-0.99897801
-0.80589323
-0.34160267
0.23780063
0.73724596
0.98835398
0.90626170
0.51840638
-0.04452917
-0.59256198
-0.94049664
-0.97054648
-0.67230089
-0.14644609
0.42912584
0.85944636
0.99853089
0.79898195
0.32825423
-0.25403739
-0.75017121
-0.99145198
-0.89563188
-0.49505359
0.07415017
0.61823459
0.95176334
0.96085189
0.64215010
0.10418787
-0.46948440
-0.88287630
-0.99453826
-0.76604444
-0.27533144
0.30977583
0.78889606
0.99771795
0.86441770
0.43447308
-0.14473606
-0.67436704
-0.97235889
-0.93606675
-0.57772070
-0.02042497
0.54403806
0.92116846
0.98080123
0.70212349
0.18105646
-0.40265520
-0.84739174
-0.99931348
-0.80565407
-0.33316305
0.25478725
0.75461896
0.99303241
0.88715531
0.47345893
-0.10468590
-0.64660946
-0.96397060
-0.94626053
-0.59938494
-0.04381910
0.52713687
0.91457275
0.98329529
0.70909433
0.18739147
-0.39985871
-0.84757181
-0.99916828
-0.80141362
-0.32322953
0.26821152
0.76585751
0.99525812
0.87578445
0.44908065
-0.13533130
-0.67236068
-0.97330131
-0.93219254
-0.56323330
0.00399804
0.56995512
0.93528586
0.97108883
0.66449111
0.12339798
-0.46137782
-0.88335375
-0.99330757
-0.75213330
-0.24487060
0.34916731
0.81971452
0.99998492
0.82586550
0.35883616
-0.23561907
-0.74657118
-0.99248134
-0.88576477
-0.46409866
0.12275674
0.66605896
0.97230983
0.93222177
0.55982485
-0.01231690
-0.58019686
-0.94107164
-0.96588296
-0.64551210
-0.09425418
0.49085126
0.90040038
0.98759479
0.72095148
0.19579431
-0.39971064
-0.85191496
-0.99835155
-0.78618834
-0.29141147
0.30827025
0.79718127
0.99924795
0.84148211
0.38046424
-0.21782526
-0.73768236
-0.99143722
-0.88726710
-0.46253829
0.12947110
0.67479633
0.97609499
0.92411504
0.53742052
-0.04410958
-0.60978137
-0.95438914
-0.95270059
-0.60507200
-0.03754051
0.54376695
0.92745531
0.97377015
0.66560097
0.11492961
-0.47775028
-0.89637786
-0.98811433
-0.71923656
-0.18766121
0.41259713
0.86217571
0.99654425
0.76630397
0.25547449
-0.34904621
-0.82579263
-0.99987161
-0.80720152
-0.31822632
0.28771613
0.78809130
0.99889232
0.84237989
0.37587334
-0.22911450
-0.74985068
-0.99437350
-0.87232359
-0.42845455
0.17364818
0.71176592
0.98704348
0.89753484
0.47607488
-0.12163445
-0.67445053
-0.97758453
-0.91851975
-0.51888978
0.07331247
0.63844008
0.96662776
0.93577659
0.55709124
-0.02885462
-0.60419708
-0.95475016
-0.94978616
-0.59089515
-0.01162234
0.57211666
0.94247300
0.96100392
0.62053005
0.04804690
-0.54253269
-0.93026163
-0.96985369
-0.64622738
-0.08038297
0.51572400
0.91852614
0.97672283
0.66821295
0.10862099
-0.49192050
-0.90762266
-0.98195842
-0.68669974
-0.13277003
0.47130903
0.89785513
0.98586459
0.70188190
0.15285078
-0.45403872
-0.88947721
-0.98870044
-0.71392973
-0.16888958
0.44022572
0.88269417
0.99067868
0.72298573
0.18091348
-0.42995734
-0.87766474
-0.99196466
-0.72916145
-0.18894626
0.42329526
0.87450260
0.99267581
0.73253526
0.19300549
-0.42027808
-0.87327758
-0.99288122
-0.73315075
-0.19310059
0.42092292
0.87401640
0.99260147
0.73101595
0.18923178
-0.42522613
-0.87670296
-0.99180859
-0.72610312
-0.18139007
0.43316318
0.88127818
0.99042615
0.71834935
0.16955826
-0.44468756
-0.88763936
-0.98832939
-0.70765770
-0.15371278
0.45972889
0.89563906
0.98534572
0.69389920
0.13382666
-0.47819014
-0.90508371
-0.98125531
-0.67691556
-0.10987344
0.49994404
0.91573183
0.97579211
0.65652279
0.08183201
-0.52482877
-0.92729213
-0.96864532
-0.63251564
-0.04969262
0.55264297
0.93942161
0.95946152
0.60467323
0.01346372
-0.58314018
-0.95172368
-0.94784757
-0.57276567
0.02682004
0.61602292
0.96374681
0.93337447
0.53656201
-0.07108907
-0.65093647
-0.97498360
-0.91558248
-0.49583937
0.11922903
0.68746265
0.98487080
0.89398760
0.45039359
-0.17107044
-0.72511385
-0.99279050
-0.86808968
-0.40005118
0.22637762
0.76332757
0.99807273
0.83738241
0.34468277
-0.28483729
-0.80146193
-1.00000000
-0.80136531
-0.28421785
0.34604715
0.83879240
0.99781399
0.75955791
0.21866077
-0.40950469
-0.87451044
-0.99072483
-0.71151625
-0.14810776
0.47459682
0.90772435
0.97792336
0.65685172
0.07276471
-0.54059078
-0.93746306
-0.95859658
-0.59525219
0.00703489
0.60662704
0.96268329
0.93194675
0.52650528
-0.09081211
-0.67171473
-0.98228077
-0.89721408
-0.45052338
0.17792586
0.73473069
0.99510608
0.85370335
0.36737016
-0.26755786
-0.79442276
-0.99998553
-0.80081419
-0.27728757
0.35870046
0.84941830
0.99574762
0.73807486
0.18072283
-0.45014839
-0.89823886
-0.98125531
-0.66517891
-0.07835402
0.54049565
0.93932190
0.95544416
0.58202419
-0.02888692
-0.62813898
-0.97105026
-0.91736625
-0.48875284
0.13979534
0.71128919
0.99179001
0.86623936
0.38579107
-0.25288104
-0.78799186
-0.99993716
-0.80150057
-0.27388690
0.36636333
0.85615855
0.99397307
0.72286296
0.15414373
-0.47817595
-0.91360984
-0.97252836
-0.63037370
-0.02804727
0.58598425
0.95813070
0.93445437
0.52447122
-0.10251688
-0.68721625
-0.98753893
-0.87890054
-0.40603851
0.23525798
0.77910976
0.99976608
0.80539562
0.27644937
-0.36749035
-0.85877671
-0.99295031
-0.71392973
-0.13760367
0.49616198
0.92328575
0.96553907
0.60503341
-0.00805255
-0.61790442
-0.96976309
-0.91639907
-0.47984917
0.15752648
0.72910617
0.99551079
0.84492965
0.34019036
-0.30730197
-0.82601121
-0.99814029
-0.75117441
-0.18858140
0.45339093
0.90484315
0.97571786
0.63592520
0.02827333
-0.59141630
-0.96195413
-0.92691676
