0.00000000
0.01424710
0.02849132
0.04272974
0.05695950
0.07117769
0.08538143
0.09956785
0.11373405
0.12787716
0.14199432
0.15608265
0.17013930
0.18416141
0.19814614
0.21209065
0.22599211
0.23984769
0.25365458
0.26740999
0.28111111
0.29475517
0.30833940
0.32186104
0.33531735
0.34870558
0.36202304
0.37526700
0.38843480
0.40152374
0.41453118
0.42745447
0.44029099
0.45303814
0.46569332
0.47825398
0.49071755
0.50308151
0.51534336
0.52750059
0.53955074
0.55149137
0.56332006
0.57503439
0.58663200
0.59811053
0.60946765
0.62070105
0.63180846
0.64278761
0.65363628
0.66435228
0.67493341
0.68537754
0.69568255
0.70584634
0.71586685
0.72574204
0.73546992
0.74504850
0.75447585
0.76375005
0.77286921
0.78183148
0.79063505
0.79927813
0.80775897
0.81607584
0.82422705
0.83221095
0.84002592
0.84767038
0.85514276
0.86244156
0.86956530
0.87651251
0.88328181
0.88987181
0.89628117
0.90250860
0.90855282
0.91441262
0.92008680
0.92557422
0.93087375
0.93598432
0.94090490
0.94563448
0.95017211
0.95451686
0.95866785
0.96262425
0.96638524
0.96995006
0.97331799
0.97648835
0.97946050
0.98223382
0.98480775
0.98718178
0.98935543
0.99132824
0.99309982
0.99466981
0.99603790
0.99720380
0.99816727
0.99892813
0.99948622
0.99984142
0.99999366
0.99994291
0.99968918
0.99923253
0.99857304
0.99771085
0.99664614
0.99537911
0.99391004
0.99223921
0.99036696
0.98829368
0.98601979
0.98354574
0.98087204
0.97799924
0.97492791
0.97165868
0.96819222
0.96452922
0.96067043
0.95661663
0.95236865
0.94792735
0.94329362
0.93846842
0.93345272
0.92824754
0.92285393
0.91727299
0.91150585
0.90555369
0.89941771
0.89309915
0.88659931
0.87991949
0.87306106
0.86602540
0.85881395
0.85142817
0.84386956
0.83613965
0.82824002
0.82017225
0.81193801
0.80353894
0.79497677
0.78625322
0.77737007
0.76832912
0.75913221
0.74978120
0.74027800
0.73062452
0.72082274
0.71087463
0.70078223
0.69054757
0.68017274
0.66965984
0.65901100
0.64822840
0.63731420
0.62627064
0.61509996
0.60380441
0.59238630
0.58084794
0.56919167
0.55741986
0.54553490
0.53353920
0.52143520
0.50922536
0.49691214
0.48449806
0.47198563
0.45937739
0.44667590
0.43388374
0.42100351
0.40803781
0.39498929
0.38186059
0.36865438
0.35537333
0.34202014
0.32859753
0.31510822
0.30155494
0.28794045
0.27426751
0.26053890
0.24675740
0.23292581
0.21904694
0.20512360
0.19115863
0.17715485
0.16311511
0.14904227
0.13493916
0.12080867
0.10665365
0.09247699
0.07828155
0.06407022
0.04984589
0.03561143
0.02136975
0.00712373
-0.00712373
-0.02136975
-0.03561143
-0.04984589
-0.06407022
-0.07828155
-0.09247699
-0.10665365
-0.12080867
-0.13493916
-0.14904227
-0.16311511
-0.17715485
-0.19115863
-0.20512360
-0.21904694
-0.23292581
-0.24675740
-0.26053890
-0.27426751
-0.28794045
-0.30155494
-0.31510822
-0.32859753
-0.34202014
-0.35537333
-0.36865438
-0.38186059
-0.39498929
-0.40803781
-0.42100351
-0.43388374
-0.44667590
-0.45937739
-0.47198563
-0.48449806
-0.49691214
-0.50922536
-0.52143520
-0.53353920
-0.54553490
-0.55741986
-0.56919167
-0.58084794
-0.59238630
-0.60380441
-0.61509996
-0.62627064
-0.63731420
-0.64822840
-0.65901100
-0.66965984
-0.68017274
-0.69054757
-0.70078223
-0.71087463
-0.72082274
-0.73062452
-0.74027800
-0.74978120
-0.75913221
-0.76832912
-0.77737007
-0.78625322
-0.79497677
-0.80353894
-0.81193801
-0.82017225
-0.82824002
-0.83613965
-0.84386956
-0.85142817
-0.85881395
-0.86602540
-0.87306106
-0.87991949
-0.88659931
-0.89309915
-0.89941771
-0.90555369
-0.91150585
-0.91727299
-0.92285393
-0.92824754
-0.93345272
-0.93846842
-0.94329362
-0.94792735
-0.95236865
-0.95661663
-0.96067043
-0.96452922
-0.96819222
-0.97165868
-0.97492791
-0.97799924
-0.98087204
-0.98354574
-0.98601979
-0.98829368
-0.99036696
-0.99223921
-0.99391004
-0.99537911
-0.99664614
-0.99771085
-0.99857304
-0.99923253
-0.99968918
-0.99994291
-0.99999366
-0.99984142
-0.99948622
-0.99892813
-0.99816727
-0.99720380
-0.99603790
-0.99466981
-0.99309982
-0.99132824
-0.98935543
-0.98718178
-0.98480775
-0.98223382
-0.97946050
-0.97648835
-0.97331799
-0.96995006
-0.96638524
-0.96262425
-0.95866785
-0.95451686
-0.95017211
-0.94563448
-0.94090490
-0.93598432
-0.93087375
-0.92557422
-0.92008680
-0.91441262
-0.90855282
-0.90250860
-0.89628117
-0.88987181
-0.88328181
-0.87651251
-0.86956530
-0.86244156
-0.85514276
-0.84767038
-0.84002592
-0.83221095
-0.82422705
-0.81607584
-0.80775897
-0.79927813
-0.79063505
-0.78183148
-0.77286921
-0.76375005
-0.75447585
-0.74504850
-0.73546992
-0.72574204
-0.71586685
-0.70584634
-0.69568255
-0.68537754
-0.67493341
-0.66435228
-0.65363628
-0.64278761
-0.63180846
-0.62070105
-0.60946765
-0.59811053
-0.58663200
-0.57503439
-0.56332006
-0.55149137
-0.53955074
-0.52750059
-0.51534336
-0.50308151
-0.49071755
-0.47825398
-0.46569332
-0.45303814
-0.44029099
-0.42745447
-0.41453118
-0.40152374
-0.38843480
-0.37526700
-0.36202304
-0.34870558
-0.33531735
-0.32186104
-0.30833940
-0.29475517
-0.28111111
-0.26740999
-0.25365458
-0.23984769
-0.22599211
-0.21209065
-0.19814614
-0.18416141
-0.17013930
-0.15608265
-0.14199432
-0.12787716
-0.11373405
-0.09956785
-0.08538143
-0.07117769
-0.05695950
-0.04272974
-0.02849132
-0.01424710
-0.00000000
0.01424710
0.02849132
0.04272974
0.05695950
0.07117769
0.08538143
0.09956785
0.11373405
0.12787716
0.14199432
0.15608265
0.17013930
0.18416141
0.19814614
0.21209065
0.22599211
0.23984769
0.25365458
0.26740999
0.28111111
0.29475517
0.30833940
0.32186104
0.33531735
0.34870558
0.36202304
0.37526700
0.38843480
0.40152374
0.41453118
0.42745447
0.44029099
0.45303814
0.46569332
0.47825398
0.49071755
0.50308151
0.51534336
0.52750059
0.53955074
0.55149137
0.56332006
0.57503439
0.58663200
0.59811053
0.60946765
0.62070105
0.63180846
0.64278761
0.65363628
0.66435228
0.67493341
0.68537754
0.69568255
0.70584634
0.71586685
0.72574204
0.73546992
0.74504850
0.75447585
0.76375005
0.77286921
0.78183148
0.79063505
0.79927813
0.80775897
0.81607584
0.82422705
0.83221095
0.84002592
0.84767038
0.85514276
0.86244156
0.86956530
0.87651251
0.88328181
0.88987181
0.89628117
0.90250860
0.90855282
0.91441262
0.92008680
0.92557422
0.93087375
0.93598432
0.94090490
0.94563448
0.95017211
0.95451686
0.95866785
0.96262425
0.96638524
0.96995006
0.97331799
0.97648835
0.97946050
0.98223382
0.98480775
0.98718178
0.98935543
0.99132824
0.99309982
0.99466981
0.99603790
0.99720380
0.99816727
0.99892813
0.99948622
0.99984142
0.99999366
0.99994291
0.99968918
0.99923253
0.99857304
0.99771085
0.99664614
0.99537911
0.99391004
0.99223921
0.99036696
0.98829368
0.98601979
0.98354574
0.98087204
0.97799924
0.97492791
0.97165868
0.96819222
0.96452922
0.96067043
0.95661663
0.95236865
0.94792735
0.94329362
0.93846842
0.93345272
0.92824754
0.92285393
0.91727299
0.91150585
0.90555369
0.89941771
0.89309915
0.88659931
0.87991949
0.87306106
0.86602540
0.85881395
0.85142817
0.84386956
0.83613965
0.82824002
0.82017225
0.81193801
0.80353894
0.79497677
0.78625322
0.77737007
0.76832912
0.75913221
0.74978120
0.74027800
0.73062452
0.72082274
0.71087463
0.70078223
0.69054757
0.68017274
0.66965984
0.65901100
0.64822840
0.63731420
0.62627064
0.61509996
0.60380441
0.59238630
0.58084794
0.56919167
0.55741986
0.54553490
0.53353920
0.52143520
0.50922536
0.49691214
0.48449806
0.47198563
0.45937739
0.44667590
0.43388374
0.42100351
0.40803781
0.39498929
0.38186059
0.36865438
0.35537333
0.34202014
0.32859753
0.31510822
0.30155494
0.28794045
0.27426751
0.26053890
0.24675740
0.23292581
0.21904694
0.20512360
0.19115863
0.17715485
0.16311511
0.14904227
0.13493916
0.12080867
0.10665365
0.09247699
0.07828155
0.06407022
0.04984589
0.03561143
0.02136975
0.00712373
-0.00712373
-0.02136975
-0.03561143
-0.04984589
-0.06407022
-0.07828155
-0.09247699
-0.10665365
-0.12080867
-0.13493916
-0.14904227
-0.16311511
-0.17715485
-0.19115863
-0.20512360
-0.21904694
-0.23292581
-0.24675740
-0.26053890
-0.27426751
-0.28794045
-0.30155494
-0.31510822
-0.32859753
-0.34202014
-0.35537333
-0.36865438
-0.38186059
-0.39498929
-0.40803781
-0.42100351
-0.43388374
-0.44667590
-0.45937739
-0.47198563
-0.48449806
-0.49691214
-0.50922536
-0.52143520
-0.53353920
-0.54553490
-0.55741986
-0.56919167
-0.58084794
-0.59238630
-0.60380441
-0.61509996
-0.62627064
-0.63731420
-0.64822840
-0.65901100
-0.66965984
-0.68017274
-0.69054757
-0.70078223
-0.71087463
-0.72082274
-0.73062452
-0.74027800
-0.74978120
-0.75913221
-0.76832912
-0.77737007
-0.78625322
-0.79497677
-0.80353894
-0.81193801
-0.82017225
-0.82824002
-0.83613965
-0.84386956
-0.85142817
-0.85881395
-0.86602540
-0.87306106
-0.87991949
-0.88659931
-0.89309915
-0.89941771
-0.90555369
-0.91150585
-0.91727299
-0.92285393
-0.92824754
-0.93345272
-0.93846842
-0.94329362
-0.94792735
-0.95236865
-0.95661663
-0.96067043
-0.96452922
-0.96819222
-0.97165868
-0.97492791
-0.97799924
-0.98087204
-0.98354574
-0.98601979
-0.98829368
-0.99036696
-0.99223921
-0.99391004
-0.99537911
-0.99664614
-0.99771085
-0.99857304
-0.99923253
-0.99968918
-0.99994291
-0.99999366
-0.99984142
-0.99948622
-0.99892813
-0.99816727
-0.99720380
-0.99603790
-0.99466981
-0.99309982
-0.99132824
-0.98935543
-0.98718178
-0.98480775
-0.98223382
-0.97946050
-0.97648835
-0.97331799
-0.96995006
-0.96638524
-0.96262425
-0.95866785
-0.95451686
-0.95017211
-0.94563448
-0.94090490
-0.93598432
-0.93087375
-0.92557422
-0.92008680
-0.91441262
-0.90855282
-0.90250860
-0.89628117
-0.88987181
-0.88328181
-0.87651251
-0.86956530
-0.86244156
-0.85514276
-0.84767038
-0.84002592
-0.83221095
-0.82422705
-0.81607584
-0.80775897
-0.79927813
-0.79063505
-0.78183148
-0.77286921
-0.76375005
-0.75447585
-0.74504850
-0.73546992
-0.72574204
-0.71586685
-0.70584634
-0.69568255
-0.68537754
-0.67493341
-0.66435228
-0.65363628
-0.64278761
-0.63180846
-0.62070105
-0.60946765
-0.59811053
-0.58663200
-0.57503439
-0.56332006
-0.55149137
-0.53955074
-0.52750059
-0.51534336
-0.50308151
-0.49071755
-0.47825398
-0.46569332
-0.45303814
-0.44029099
-0.42745447
-0.41453118
-0.40152374
-0.38843480
-0.37526700
-0.36202304
-0.34870558
-0.33531735
-0.32186104
-0.30833940
-0.29475517
-0.28111111
-0.26740999
-0.25365458
-0.23984769
-0.22599211
-0.21209065
-0.19814614
-0.18416141
-0.17013930
-0.15608265
-0.14199432
-0.12787716
-0.11373405
-0.09956785
-0.08538143
-0.07117769
-0.05695950
-0.04272974
-0.02849132
-0.01424710
-0.00000000
0.01424710
0.02849132
0.04272974
0.05695950
0.07117769
0.08538143
0.09956785
0.11373405
0.12787716
0.14199432
0.15608265
0.17013930
0.18416141
0.19814614
0.21209065
0.22599211
0.23984769
0.25365458
0.26740999
0.28111111
0.29475517
0.30833940
0.32186104
0.33531735
0.34870558
0.36202304
0.37526700
0.38843480
0.40152374
0.41453118
0.42745447
0.44029099
0.45303814
0.46569332
0.47825398
0.49071755
0.50308151
0.51534336
0.52750059
0.53955074
0.55149137
0.56332006
0.57503439
0.58663200
0.59811053
0.60946765
0.62070105
0.63180846
0.64278761
0.65363628
0.66435228
0.67493341
0.68537754
0.69568255
0.70584634
0.71586685
0.72574204
0.73546992
0.74504850
0.75447585
0.76375005
0.77286921
0.78183148
0.79063505
0.79927813
0.80775897
0.81607584
0.82422705
0.83221095
0.84002592
0.84767038
0.85514276
0.86244156
0.86956530
0.87651251
0.88328181
0.88987181
0.89628117
0.90250860
0.90855282
0.91441262
0.92008680
0.92557422
0.93087375
0.93598432
0.94090490
0.94563448
0.95017211
0.95451686
0.95866785
0.96262425
0.96638524
0.96995006
0.97331799
0.97648835
0.97946050
0.98223382
0.98480775
0.98718178
0.98935543
0.99132824
0.99309982
0.99466981
0.99603790
0.99720380
0.99816727
0.99892813
0.99948622
0.99984142
0.99999366
0.99994291
0.99968918
0.99923253
0.99857304
0.99771085
0.99664614
0.99537911
0.99391004
0.99223921
0.99036696
0.98829368
0.98601979
0.98354574
0.98087204
0.97799924
0.97492791
0.97165868
0.96819222
0.96452922
0.96067043
0.95661663
0.95236865
0.94792735
0.94329362
0.93846842
0.93345272
0.92824754
0.92285393
0.91727299
0.91150585
0.90555369
0.89941771
0.89309915
0.88659931
0.87991949
0.87306106
0.86602540
0.85881395
0.85142817
0.84386956
0.83613965
0.82824002
0.82017225
0.81193801
0.80353894
0.79497677
0.78625322
0.77737007
0.76832912
0.75913221
0.74978120
0.74027800
0.73062452
0.72082274
0.71087463
0.70078223
0.69054757
0.68017274
0.66965984
0.65901100
0.64822840
0.63731420
0.62627064
0.61509996
0.60380441
0.59238630
0.58084794
0.56919167
0.55741986
0.54553490
0.53353920
0.52143520
0.50922536
0.49691214
0.48449806
0.47198563
0.45937739
0.44667590
0.43388374
0.42100351
0.40803781
0.39498929
0.38186059
0.36865438
0.35537333
0.34202014
0.32859753
0.31510822
0.30155494
0.28794045
0.27426751
0.26053890
0.24675740
0.23292581
0.21904694
0.20512360
0.19115863
0.17715485
0.16311511
0.14904227
0.13493916
0.12080867
0.10665365
0.09247699
0.07828155
0.06407022
0.04984589
0.03561143
0.02136975
0.00712373
-0.00712373
-0.02136975
-0.03561143
-0.04984589
-0.06407022
-0.07828155
-0.09247699
-0.10665365
-0.12080867
-0.13493916
-0.14904227
-0.16311511
-0.17715485
-0.19115863
-0.20512360
-0.21904694
-0.23292581
-0.24675740
-0.26053890
-0.27426751
-0.28794045
-0.30155494
-0.31510822
-0.32859753
-0.34202014
-0.35537333
-0.36865438
-0.38186059
-0.39498929
-0.40803781
-0.42100351
-0.43388374
-0.44667590
-0.45937739
-0.47198563
-0.48449806
-0.49691214
-0.50922536
-0.52143520
-0.53353920
-0.54553490
-0.55741986
-0.56919167
-0.58084794
-0.59238630
-0.60380441
-0.61509996
-0.62627064
-0.63731420
-0.64822840
-0.65901100
-0.66965984
-0.68017274
-0.69054757
-0.70078223
-0.71087463
-0.72082274
-0.73062452
-0.74027800
-0.74978120
-0.75913221
-0.76832912
-0.77737007
-0.78625322
-0.79497677
-0.80353894
-0.81193801
-0.82017225
-0.82824002
-0.83613965
-0.84386956
-0.85142817
-0.85881395
-0.86602540
-0.87306106
-0.87991949
-0.88659931
-0.89309915
-0.89941771
-0.90555369
-0.91150585
-0.91727299
-0.92285393
-0.92824754
-0.93345272
-0.93846842
-0.94329362
-0.94792735
-0.95236865
-0.95661663
-0.96067043
-0.96452922
-0.96819222
-0.97165868
-0.97492791
-0.97799924
-0.98087204
-0.98354574
-0.98601979
-0.98829368
-0.99036696
-0.99223921
-0.99391004
-0.99537911
-0.99664614
-0.99771085
-0.99857304
-0.99923253
-0.99968918
-0.99994291
-0.99999366
-0.99984142
-0.99948622
-0.99892813
-0.99816727
-0.99720380
-0.99603790
-0.99466981
-0.99309982
-0.99132824
-0.98935543
-0.98718178
-0.98480775
-0.98223382
-0.97946050
-0.97648835
-0.97331799
-0.96995006
-0.96638524
-0.96262425
-0.95866785
-0.95451686
-0.95017211
-0.94563448
-0.94090490
-0.93598432
-0.93087375
-0.92557422
-0.92008680
-0.91441262
-0.90855282
-0.90250860
-0.89628117
-0.88987181
-0.88328181
-0.87651251
-0.86956530
-0.86244156
-0.85514276
-0.84767038
-0.84002592
-0.83221095
-0.82422705
-0.81607584
-0.80775897
-0.79927813
-0.79063505
-0.78183148
-0.77286921
-0.76375005
-0.75447585
-0.74504850
-0.73546992
-0.72574204
-0.71586685
-0.70584634
-0.69568255
-0.68537754
-0.67493341
-0.66435228
-0.65363628
-0.64278761
-0.63180846
-0.62070105
-0.60946765
-0.59811053
-0.58663200
-0.57503439
-0.56332006
-0.55149137
-0.53955074
-0.52750059
-0.51534336
-0.50308151
-0.49071755
-0.47825398
-0.46569332
-0.45303814
-0.44029099
-0.42745447
-0.41453118
-0.40152374
-0.38843480
-0.37526700
-0.36202304
-0.34870558
-0.33531735
-0.32186104
-0.30833940
-0.29475517
-0.28111111
-0.26740999
-0.25365458
-0.23984769
-0.22599211
-0.21209065
-0.19814614
-0.18416141
-0.17013930
-0.15608265
-0.14199432
-0.12787716
-0.11373405
-0.09956785
-0.08538143
-0.07117769
-0.05695950
-0.04272974
-0.02849132
-0.01424710
-0.00000000
0.01424710
0.02849132
0.04272974
0.05695950
0.07117769
0.08538143
0.09956785
0.11373405
0.12787716
0.14199432
0.15608265
0.17013930
0.18416141
0.19814614
0.21209065
0.22599211
0.23984769
0.25365458
0.26740999
0.28111111
0.29475517
0.30833940
0.32186104
0.33531735
0.34870558
0.36202304
0.37526700
0.38843480
0.40152374
0.41453118
0.42745447
0.44029099
0.45303814
0.46569332
0.47825398
0.49071755
0.50308151
0.51534336
0.52750059
0.53955074
0.55149137
0.56332006
0.57503439
0.58663200
0.59811053
0.60946765
0.62070105
0.63180846
0.64278761
0.65363628
0.66435228
0.67493341
0.68537754
0.69568255
0.70584634
0.71586685
0.72574204
0.73546992
0.74504850
0.75447585
0.76375005
0.77286921
0.78183148
0.79063505
0.79927813
0.80775897
0.81607584
0.82422705
0.83221095
0.84002592
0.84767038
0.85514276
0.86244156
0.86956530
0.87651251
0.88328181
0.88987181
0.89628117
0.90250860
0.90855282
0.91441262
0.92008680
0.92557422
0.93087375
0.93598432
0.94090490
0.94563448
0.95017211
0.95451686
0.95866785
0.96262425
0.96638524
0.96995006
0.97331799
0.97648835
0.97946050
0.98223382
0.98480775
0.98718178
0.98935543
0.99132824
0.99309982
0.99466981
0.99603790
0.99720380
0.99816727
0.99892813
0.99948622
0.99984142
0.99999366
0.99994291
0.99968918
0.99923253
0.99857304
0.99771085
0.99664614
0.99537911
0.99391004
0.99223921
0.99036696
0.98829368
0.98601979
0.98354574
0.98087204
0.97799924
0.97492791
0.97165868
0.96819222
0.96452922
0.96067043
0.95661663
0.95236865
0.94792735
0.94329362
0.93846842
0.93345272
0.92824754
0.92285393
0.91727299
0.91150585
0.90555369
0.89941771
0.89309915
0.88659931
0.87991949
0.87306106
0.86602540
0.85881395
0.85142817
0.84386956
0.83613965
0.82824002
0.82017225
0.81193801
0.80353894
0.79497677
0.78625322
0.77737007
0.76832912
0.75913221
0.74978120
0.74027800
0.73062452
0.72082274
0.71087463
0.70078223
0.69054757
0.68017274
0.66965984
0.65901100
0.64822840
0.63731420
0.62627064
0.61509996
0.60380441
0.59238630
0.58084794
0.56919167
0.55741986
0.54553490
0.53353920
0.52143520
0.50922536
0.49691214
0.48449806
0.47198563
0.45937739
0.44667590
0.43388374
0.42100351
0.40803781
0.39498929
0.38186059
0.36865438
0.35537333
0.34202014
0.32859753
0.31510822
0.30155494
0.28794045
0.27426751
0.26053890
0.24675740
0.23292581
0.21904694
0.20512360
0.19115863
0.17715485
0.16311511
0.14904227
0.13493916
0.12080867
0.10665365
0.09247699
0.07828155
0.06407022
0.04984589
0.03561143
0.02136975
0.00712373
-0.00712373
-0.02136975
-0.03561143
-0.04984589
-0.06407022
-0.07828155
-0.09247699
-0.10665365
-0.12080867
-0.13493916
-0.14904227
-0.16311511
-0.17715485
-0.19115863
-0.20512360
-0.21904694
-0.23292581
-0.24675740
-0.26053890
-0.27426751
-0.28794045
-0.30155494
-0.31510822
-0.32859753
-0.34202014
-0.35537333
-0.36865438
-0.38186059
-0.39498929
-0.40803781
-0.42100351
-0.43388374
-0.44667590
-0.45937739
-0.47198563
-0.48449806
-0.49691214
-0.50922536
-0.52143520
-0.53353920
-0.54553490
-0.55741986
-0.56919167
-0.58084794
-0.59238630
-0.60380441
-0.61509996
-0.62627064
-0.63731420
-0.64822840
-0.65901100
-0.66965984
-0.68017274
-0.69054757
-0.70078223
-0.71087463
-0.72082274
-0.73062452
-0.74027800
-0.74978120
-0.75913221
-0.76832912
-0.77737007
-0.78625322
-0.79497677
-0.80353894
-0.81193801
-0.82017225
-0.82824002
-0.83613965
-0.84386956
-0.85142817
-0.85881395
-0.86602540
-0.87306106
-0.87991949
-0.88659931
-0.89309915
-0.89941771
-0.90555369
-0.91150585
-0.91727299
-0.92285393
-0.92824754
-0.93345272
-0.93846842
-0.94329362
-0.94792735
-0.95236865
-0.95661663
-0.96067043
-0.96452922
-0.96819222
-0.97165868
-0.97492791
-0.97799924
-0.98087204
-0.98354574
-0.98601979
-0.98829368
-0.99036696
-0.99223921
-0.99391004
-0.99537911
-0.99664614
-0.99771085
-0.99857304
-0.99923253
-0.99968918
-0.99994291
-0.99999366
-0.99984142
-0.99948622
-0.99892813
-0.99816727
-0.99720380
-0.99603790
-0.99466981
-0.99309982
-0.99132824
-0.98935543
-0.98718178
-0.98480775
-0.98223382
-0.97946050
-0.97648835
-0.97331799
-0.96995006
-0.96638524
-0.96262425
-0.95866785
-0.95451686
-0.95017211
-0.94563448
-0.94090490
-0.93598432
-0.93087375
-0.92557422
-0.92008680
-0.91441262
-0.90855282
-0.90250860
-0.89628117
-0.88987181
-0.88328181
-0.87651251
-0.86956530
-0.86244156
-0.85514276
-0.84767038
-0.84002592
-0.83221095
-0.82422705
-0.81607584
-0.80775897
-0.79927813
-0.79063505
-0.78183148
-0.77286921
-0.76375005
-0.75447585
-0.74504850
-0.73546992
-0.72574204
-0.71586685
-0.70584634
-0.69568255
-0.68537754
-0.67493341
-0.66435228
-0.65363628
-0.64278761
-0.63180846
-0.62070105
-0.60946765
-0.59811053
-0.58663200
-0.57503439
-0.56332006
-0.55149137
-0.53955074
-0.52750059
-0.51534336
-0.50308151
-0.49071755
-0.47825398
-0.46569332
-0.45303814
-0.44029099
-0.42745447
-0.41453118
-0.40152374
-0.38843480
-0.37526700
-0.36202304
-0.34870558
-0.33531735
-0.32186104
-0.30833940
-0.29475517
-0.28111111
-0.26740999
-0.25365458
-0.23984769
-0.22599211
-0.21209065
-0.19814614
-0.18416141
-0.17013930
-0.15608265
-0.14199432
-0.12787716
-0.11373405
-0.09956785
-0.08538143
-0.07117769
-0.05695950
-0.04272974
-0.02849132
-0.01424710
-0.00000000
0.01424710
0.02849132
0.04272974
0.05695950
0.07117769
0.08538143
0.09956785
0.11373405
0.12787716
0.14199432
0.15608265
0.17013930
0.18416141
0.19814614
0.21209065
0.22599211
0.23984769
0.25365458
0.26740999
0.28111111
0.29475517
0.30833940
0.32186104
0.33531735
0.34870558
0.36202304
0.37526700
0.38843480
0.40152374
0.41453118
0.42745447
0.44029099
0.45303814
0.46569332
0.47825398
0.49071755
0.50308151
0.51534336
0.52750059
0.53955074
0.55149137
0.56332006
0.57503439
0.58663200
0.59811053
0.60946765
0.62070105
0.63180846
0.64278761
0.65363628
0.66435228
0.67493341
0.68537754
0.69568255
0.70584634
0.71586685
0.72574204
0.73546992
0.74504850
0.75447585
0.76375005
0.77286921
0.78183148
0.79063505
0.79927813
0.80775897
0.81607584
0.82422705
0.83221095
0.84002592
0.84767038
0.85514276
0.86244156
0.86956530
0.87651251
0.88328181
0.88987181
0.89628117
0.90250860
0.90855282
0.91441262
0.92008680
0.92557422
0.93087375
0.93598432
0.94090490
0.94563448
0.95017211
0.95451686
0.95866785
0.96262425
0.96638524
0.96995006
0.97331799
0.97648835
0.97946050
0.98223382
0.98480775
0.98718178
0.98935543
0.99132824
0.99309982
0.99466981
0.99603790
0.99720380
0.99816727
0.99892813
0.99948622
0.99984142
0.99999366
0.99994291
0.99968918
0.99923253
0.99857304
0.99771085
0.99664614
0.99537911
0.99391004
0.99223921
0.99036696
0.98829368
0.98601979
0.98354574
0.98087204
0.97799924
0.97492791
0.97165868
0.96819222
0.96452922
0.96067043
0.95661663
0.95236865
0.94792735
0.94329362
0.93846842
0.93345272
0.92824754
0.92285393
0.91727299
0.91150585
0.90555369
0.89941771
0.89309915
0.88659931
0.87991949
0.87306106
0.86602540
0.85881395
0.85142817
0.84386956
0.83613965
0.82824002
0.82017225
0.81193801
0.80353894
0.79497677
0.78625322
0.77737007
0.76832912
0.75913221
0.74978120
0.74027800
0.73062452
0.72082274
0.71087463
0.70078223
0.69054757
0.68017274
0.66965984
0.65901100
0.64822840
0.63731420
0.62627064
0.61509996
0.60380441
0.59238630
0.58084794
0.56919167
0.55741986
0.54553490
0.53353920
0.52143520
0.50922536
0.49691214
0.48449806
0.47198563
0.45937739
0.44667590
0.43388374
0.42100351
0.40803781
0.39498929
0.38186059
0.36865438
0.35537333
0.34202014
0.32859753
0.31510822
0.30155494
0.28794045
0.27426751
0.26053890
0.24675740
0.23292581
0.21904694
0.20512360
0.19115863
0.17715485
0.16311511
0.14904227
0.13493916
0.12080867
0.10665365
0.09247699
0.07828155
0.06407022
0.04984589
0.03561143
0.02136975
0.00712373
-0.00712373
-0.02136975
-0.03561143
-0.04984589
-0.06407022
-0.07828155
-0.09247699
-0.10665365
-0.12080867
-0.13493916
-0.14904227
-0.16311511
-0.17715485
-0.19115863
-0.20512360
-0.21904694
-0.23292581
-0.24675740
-0.26053890
-0.27426751
-0.28794045
-0.30155494
-0.31510822
-0.32859753
-0.34202014
-0.35537333
-0.36865438
-0.38186059
-0.39498929
-0.40803781
-0.42100351
-0.43388374
-0.44667590
-0.45937739
-0.47198563
-0.48449806
-0.49691214
-0.50922536
-0.52143520
-0.53353920
-0.54553490
-0.55741986
-0.56919167
-0.58084794
-0.59238630
-0.60380441
-0.61509996
-0.62627064
-0.63731420
-0.64822840
-0.65901100
-0.66965984
-0.68017274
-0.69054757
-0.70078223
-0.71087463
-0.72082274
-0.73062452
-0.74027800
-0.74978120
-0.75913221
-0.76832912
-0.77737007
-0.78625322
-0.79497677
-0.80353894
-0.81193801
-0.82017225
-0.82824002
-0.83613965
-0.84386956
-0.85142817
-0.85881395
-0.86602540
-0.87306106
-0.87991949
-0.88659931
-0.89309915
-0.89941771
-0.90555369
-0.91150585
-0.91727299
-0.92285393
-0.92824754
-0.93345272
-0.93846842
-0.94329362
-0.94792735
-0.95236865
-0.95661663
-0.96067043
-0.96452922
-0.96819222
-0.97165868
-0.97492791
-0.97799924
-0.98087204
-0.98354574
-0.98601979
-0.98829368
-0.99036696
-0.99223921
-0.99391004
-0.99537911
-0.99664614
-0.99771085
-0.99857304
-0.99923253
-0.99968918
-0.99994291
-0.99999366
-0.99984142
-0.99948622
-0.99892813
-0.99816727
-0.99720380
-0.99603790
-0.99466981
-0.99309982
-0.99132824
-0.98935543
-0.98718178
-0.98480775
-0.98223382
-0.97946050
-0.97648835
-0.97331799
-0.96995006
-0.96638524
-0.96262425
-0.95866785
-0.95451686
-0.95017211
-0.94563448
-0.94090490
-0.93598432
-0.93087375
-0.92557422
-0.92008680
-0.91441262
-0.90855282
-0.90250860
-0.89628117
-0.88987181
-0.88328181
-0.87651251
-0.86956530
-0.86244156
-0.85514276
-0.84767038
-0.84002592
-0.83221095
-0.82422705
-0.81607584
-0.80775897
-0.79927813
-0.79063505
-0.78183148
-0.77286921
-0.76375005
-0.75447585
-0.74504850
-0.73546992
-0.72574204
-0.71586685
-0.70584634
-0.69568255
-0.68537754
-0.67493341
-0.66435228
-0.65363628
-0.64278761
-0.63180846
-0.62070105
-0.60946765
-0.59811053
-0.58663200
-0.57503439
-0.56332006
-0.55149137
-0.53955074
-0.52750059
-0.51534336
-0.50308151
-0.49071755
-0.47825398
-0.46569332
-0.45303814
-0.44029099
-0.42745447
-0.41453118
-0.40152374
-0.38843480
-0.37526700
-0.36202304
-0.34870558
-0.33531735
-0.32186104
-0.30833940
-0.29475517
-0.28111111
-0.26740999
-0.25365458
-0.23984769
-0.22599211
-0.21209065
-0.19814614
-0.18416141
-0.17013930
-0.15608265
-0.14199432
-0.12787716
-0.11373405
-0.09956785
-0.08538143
-0.07117769
-0.05695950
-0.04272974
-0.02849132
-0.01424710
-0.00000000
0.01424710
0.02849132
0.04272974
0.05695950
0.07117769
0.08538143
0.09956785
0.11373405
0.12787716
0.14199432
0.15608265
0.17013930
0.18416141
0.19814614
0.21209065
0.22599211
0.23984769
0.25365458
0.26740999
0.28111111
0.29475517
0.30833940
0.32186104
0.33531735
0.34870558
0.36202304
0.37526700
0.38843480
0.40152374
0.41453118
0.42745447
0.44029099
0.45303814
0.46569332
0.47825398
0.49071755
0.50308151
0.51534336
0.52750059
0.53955074
0.55149137
0.56332006
0.57503439
0.58663200
0.59811053
0.60946765
0.62070105
0.63180846
0.64278761
0.65363628
0.66435228
0.67493341
0.68537754
0.69568255
0.70584634
0.71586685
0.72574204
0.73546992
0.74504850
0.75447585
0.76375005
0.77286921
0.78183148
0.79063505
0.79927813
0.80775897
0.81607584
0.82422705
0.83221095
0.84002592
0.84767038
0.85514276
0.86244156
0.86956530
0.87651251
0.88328181
0.88987181
0.89628117
0.90250860
0.90855282
0.91441262
0.92008680
0.92557422
0.93087375
0.93598432
0.94090490
0.94563448
0.95017211
0.95451686
0.95866785
0.96262425
0.96638524
0.96995006
0.97331799
0.97648835
0.97946050
0.98223382
0.98480775
0.98718178
0.98935543
0.99132824
0.99309982
0.99466981
0.99603790
0.99720380
0.99816727
0.99892813
0.99948622
0.99984142
0.99999366
0.99994291
0.99968918
0.99923253
0.99857304
0.99771085
0.99664614
0.99537911
0.99391004
0.99223921
0.99036696
0.98829368
0.98601979
0.98354574
0.98087204
0.97799924
0.97492791
0.97165868
0.96819222
0.96452922
0.96067043
0.95661663
0.95236865
0.94792735
0.94329362
0.93846842
0.93345272
0.92824754
0.92285393
0.91727299
0.91150585
0.90555369
0.89941771
0.89309915
0.88659931
0.87991949
0.87306106
0.86602540
0.85881395
0.85142817
0.84386956
0.83613965
0.82824002
0.82017225
0.81193801
0.80353894
0.79497677
0.78625322
0.77737007
0.76832912
0.75913221
0.74978120
0.74027800
0.73062452
0.72082274
0.71087463
0.70078223
0.69054757
0.68017274
0.66965984
0.65901100
0.64822840
0.63731420
0.62627064
0.61509996
0.60380441
0.59238630
0.58084794
0.56919167
0.55741986
0.54553490
0.53353920
0.52143520
0.50922536
0.49691214
0.48449806
0.47198563
0.45937739
0.44667590
0.43388374
0.42100351
0.40803781
0.39498929
0.38186059
0.36865438
0.35537333
0.34202014
0.32859753
0.31510822
0.30155494
0.28794045
0.27426751
0.26053890
0.24675740
0.23292581
0.21904694
0.20512360
0.19115863
0.17715485
0.16311511
0.14904227
0.13493916
0.12080867
0.10665365
0.09247699
0.07828155
0.06407022
0.04984589
0.03561143
0.02136975
0.00712373
-0.00712373
-0.02136975
-0.03561143
-0.04984589
-0.06407022
-0.07828155
-0.09247699
-0.10665365
-0.12080867
-0.13493916
-0.14904227
-0.16311511
-0.17715485
-0.19115863
-0.20512360
-0.21904694
-0.23292581
-0.24675740
-0.26053890
-0.27426751
-0.28794045
-0.30155494
-0.31510822
-0.32859753
-0.34202014
-0.35537333
-0.36865438
-0.38186059
-0.39498929
-0.40803781
-0.42100351
-0.43388374
-0.44667590
-0.45937739
-0.47198563
-0.48449806
-0.49691214
-0.50922536
-0.52143520
-0.53353920
-0.54553490
-0.55741986
-0.56919167
-0.58084794
-0.59238630
-0.60380441
-0.61509996
-0.62627064
-0.63731420
-0.64822840
-0.65901100
-0.66965984
-0.68017274
-0.69054757
-0.70078223
-0.71087463
-0.72082274
-0.73062452
-0.74027800
-0.74978120
-0.75913221
-0.76832912
-0.77737007
-0.78625322
-0.79497677
-0.80353894
-0.81193801
-0.82017225
-0.82824002
-0.83613965
-0.84386956
-0.85142817
-0.85881395
-0.86602540
-0.87306106
-0.87991949
-0.88659931
-0.89309915
-0.89941771
-0.90555369
-0.91150585
-0.91727299
-0.92285393
-0.92824754
-0.93345272
-0.93846842
-0.94329362
-0.94792735
-0.95236865
-0.95661663
-0.96067043
-0.96452922
-0.96819222
-0.97165868
-0.97492791
-0.97799924
-0.98087204
-0.98354574
-0.98601979
-0.98829368
-0.99036696
-0.99223921
-0.99391004
-0.99537911
-0.99664614
-0.99771085
-0.99857304
-0.99923253
-0.99968918
-0.99994291
-0.99999366
-0.99984142
-0.99948622
-0.99892813
-0.99816727
-0.99720380
-0.99603790
-0.99466981
-0.99309982
-0.99132824
-0.98935543
-0.98718178
-0.98480775
-0.98223382
-0.97946050
-0.97648835
-0.97331799
-0.96995006
-0.96638524
-0.96262425
-0.95866785
-0.95451686
-0.95017211
-0.94563448
-0.94090490
-0.93598432
-0.93087375
-0.92557422
-0.92008680
-0.91441262
-0.90855282
-0.90250860
-0.89628117
-0.88987181
-0.88328181
-0.87651251
-0.86956530
-0.86244156
-0.85514276
-0.84767038
-0.84002592
-0.83221095
-0.82422705
-0.81607584
-0.80775897
-0.79927813
-0.79063505
-0.78183148
-0.77286921
-0.76375005
-0.75447585
-0.74504850
-0.73546992
-0.72574204
-0.71586685
-0.70584634
-0.69568255
-0.68537754
-0.67493341
-0.66435228
-0.65363628
-0.64278761
-0.63180846
-0.62070105
-0.60946765
-0.59811053
-0.58663200
-0.57503439
-0.56332006
-0.55149137
-0.53955074
-0.52750059
-0.51534336
-0.50308151
-0.49071755
-0.47825398
-0.46569332
-0.45303814
-0.44029099
-0.42745447
-0.41453118
-0.40152374
-0.38843480
-0.37526700
-0.36202304
-0.34870558
-0.33531735
-0.32186104
-0.30833940
-0.29475517
-0.28111111
-0.26740999
-0.25365458
-0.23984769
-0.22599211
-0.21209065
-0.19814614
-0.18416141
-0.17013930
-0.15608265
-0.14199432
-0.12787716
-0.11373405
-0.09956785
-0.08538143
-0.07117769
-0.05695950
-0.04272974
-0.02849132
-0.01424710
-0.00000000
0.01424710
0.02849132
0.04272974
0.05695950
0.07117769
0.08538143
0.09956785
0.11373405
0.12787716
0.14199432
0.15608265
0.17013930
0.18416141
0.19814614
0.21209065
0.22599211
0.23984769
0.25365458
0.26740999
0.28111111
0.29475517
0.30833940
0.32186104
0.33531735
0.34870558
0.36202304
0.37526700
0.38843480
0.40152374
0.41453118
0.42745447
0.44029099
0.45303814
0.46569332
0.47825398
0.49071755
0.50308151
0.51534336
0.52750059
0.53955074
0.55149137
0.56332006
0.57503439
0.58663200
0.59811053
0.60946765
0.62070105
0.63180846
0.64278761
0.65363628
0.66435228
0.67493341
0.68537754
0.69568255
0.70584634
0.71586685
0.72574204
0.73546992
0.74504850
0.75447585
0.76375005
0.77286921
0.78183148
0.79063505
0.79927813
0.80775897
0.81607584
0.82422705
0.83221095
0.84002592
0.84767038
0.85514276
0.86244156
0.86956530
0.87651251
0.88328181
0.88987181
0.89628117
0.90250860
0.90855282
0.91441262
0.92008680
0.92557422
0.93087375
0.93598432
0.94090490
0.94563448
0.95017211
0.95451686
0.95866785
0.96262425
0.96638524
0.96995006
0.97331799
0.97648835
0.97946050
0.98223382
0.98480775
0.98718178
0.98935543
0.99132824
0.99309982
0.99466981
0.99603790
0.99720380
0.99816727
0.99892813
0.99948622
0.99984142
0.99999366
0.99994291
0.99968918
0.99923253
0.99857304
0.99771085
0.99664614
0.99537911
0.99391004
0.99223921
0.99036696
0.98829368
0.98601979
0.98354574
0.98087204
0.97799924
0.97492791
0.97165868
0.96819222
0.96452922
0.96067043
0.95661663
0.95236865
0.94792735
0.94329362
0.93846842
0.93345272
0.92824754
0.92285393
0.91727299
0.91150585
0.90555369
0.89941771
0.89309915
0.88659931
0.87991949
0.87306106
0.86602540
0.85881395
0.85142817
0.84386956
0.83613965
0.82824002
0.82017225
0.81193801
0.80353894
0.79497677
0.78625322
0.77737007
0.76832912
0.75913221
0.74978120
0.74027800
0.73062452
0.72082274
0.71087463
0.70078223
0.69054757
0.68017274
0.66965984
0.65901100
0.64822840
0.63731420
0.62627064
0.61509996
0.60380441
0.59238630
0.58084794
0.56919167
0.55741986
0.54553490
0.53353920
0.52143520
0.50922536
0.49691214
0.48449806
0.47198563
0.45937739
0.44667590
0.43388374
0.42100351
0.40803781
0.39498929
0.38186059
0.36865438
0.35537333
0.34202014
0.32859753
0.31510822
0.30155494
0.28794045
0.27426751
0.26053890
0.24675740
0.23292581
0.21904694
0.20512360
0.19115863
0.17715485
0.16311511
0.14904227
0.13493916
0.12080867
0.10665365
0.09247699
0.07828155
0.06407022
0.04984589
0.03561143
0.02136975
0.00712373
-0.00712373
-0.02136975
-0.03561143
-0.04984589
-0.06407022
-0.07828155
-0.09247699
-0.10665365
-0.12080867
-0.13493916
-0.14904227
-0.16311511
-0.17715485
-0.19115863
-0.20512360
-0.21904694
-0.23292581
-0.24675740
-0.26053890
-0.27426751
-0.28794045
-0.30155494
-0.31510822
-0.32859753
-0.34202014
-0.35537333
-0.36865438
-0.38186059
-0.39498929
-0.40803781
-0.42100351
-0.43388374
-0.44667590
-0.45937739
-0.47198563
-0.48449806
-0.49691214
-0.50922536
-0.52143520
-0.53353920
-0.54553490
-0.55741986
-0.56919167
-0.58084794
-0.59238630
-0.60380441
-0.61509996
-0.62627064
-0.63731420
-0.64822840
-0.65901100
-0.66965984
-0.68017274
-0.69054757
-0.70078223
-0.71087463
-0.72082274
-0.73062452
-0.74027800
-0.74978120
-0.75913221
-0.76832912
-0.77737007
-0.78625322
-0.79497677
-0.80353894
-0.81193801
-0.82017225
-0.82824002
-0.83613965
-0.84386956
-0.85142817
-0.85881395
-0.86602540
-0.87306106
-0.87991949
-0.88659931
-0.89309915
-0.89941771
-0.90555369
-0.91150585
-0.91727299
-0.92285393
-0.92824754
-0.93345272
-0.93846842
-0.94329362
-0.94792735
-0.95236865
-0.95661663
-0.96067043
-0.96452922
-0.96819222
-0.97165868
-0.97492791
-0.97799924
-0.98087204
-0.98354574
-0.98601979
-0.98829368
-0.99036696
-0.99223921
-0.99391004
-0.99537911
-0.99664614
-0.99771085
-0.99857304
-0.99923253
-0.99968918
-0.99994291
-0.99999366
-0.99984142
-0.99948622
-0.99892813
-0.99816727
-0.99720380
-0.99603790
-0.99466981
-0.99309982
-0.99132824
-0.98935543
-0.98718178
-0.98480775
-0.98223382
-0.97946050
-0.97648835
-0.97331799
-0.96995006
-0.96638524
-0.96262425
-0.95866785
-0.95451686
-0.95017211
-0.94563448
-0.94090490
-0.93598432
-0.93087375
-0.92557422
-0.92008680
-0.91441262
-0.90855282
-0.90250860
-0.89628117
-0.88987181
-0.88328181
-0.87651251
-0.86956530
-0.86244156
-0.85514276
-0.84767038
-0.84002592
-0.83221095
-0.82422705
-0.81607584
-0.80775897
-0.79927813
-0.79063505
-0.78183148
-0.77286921
-0.76375005
-0.75447585
-0.74504850
-0.73546992
-0.72574204
-0.71586685
-0.70584634
-0.69568255
-0.68537754
-0.67493341
-0.66435228
-0.65363628
-0.64278761
-0.63180846
-0.62070105
-0.60946765
-0.59811053
-0.58663200
-0.57503439
-0.56332006
-0.55149137
-0.53955074
-0.52750059
-0.51534336
-0.50308151
-0.49071755
-0.47825398
-0.46569332
-0.45303814
-0.44029099
-0.42745447
-0.41453118
-0.40152374
-0.38843480
-0.37526700
-0.36202304
-0.34870558
-0.33531735
-0.32186104
-0.30833940
-0.29475517
-0.28111111
-0.26740999
-0.25365458
-0.23984769
-0.22599211
-0.21209065
-0.19814614
-0.18416141
-0.17013930
-0.15608265
-0.14199432
-0.12787716
-0.11373405
-0.09956785
-0.08538143
-0.07117769
-0.05695950
-0.04272974
-0.02849132
-0.01424710
0.00000000
0.01424710
0.02849132
0.04272974
0.05695950
0.07117769
0.08538143
0.09956785
0.11373405
0.12787716
0.14199432
0.15608265
0.17013930
0.18416141
0.19814614
0.21209065
0.22599211
0.23984769
0.25365458
0.26740999
0.28111111
0.29475517
0.30833940
0.32186104
0.33531735
0.34870558
0.36202304
0.37526700
0.38843480
0.40152374
0.41453118
0.42745447
0.44029099
0.45303814
0.46569332
0.47825398
0.49071755
0.50308151
0.51534336
0.52750059
0.53955074
0.55149137
0.56332006
0.57503439
0.58663200
0.59811053
0.60946765
0.62070105
0.63180846
0.64278761
0.65363628
0.66435228
0.67493341
0.68537754
0.69568255
0.70584634
0.71586685
0.72574204
0.73546992
0.74504850
0.75447585
0.76375005
0.77286921
0.78183148
0.79063505
0.79927813
0.80775897
0.81607584
0.82422705
0.83221095
0.84002592
0.84767038
0.85514276
0.86244156
0.86956530
0.87651251
0.88328181
0.88987181
0.89628117
0.90250860
0.90855282
0.91441262
0.92008680
0.92557422
0.93087375
0.93598432
0.94090490
0.94563448
0.95017211
0.95451686
0.95866785
0.96262425
0.96638524
0.96995006
0.97331799
0.97648835
0.97946050
0.98223382
0.98480775
0.98718178
0.98935543
0.99132824
0.99309982
0.99466981
0.99603790
0.99720380
0.99816727
0.99892813
0.99948622
0.99984142
0.99999366
0.99994291
0.99968918
0.99923253
0.99857304
0.99771085
0.99664614
0.99537911
0.99391004
0.99223921
0.99036696
0.98829368
0.98601979
0.98354574
0.98087204
0.97799924
0.97492791
0.97165868
0.96819222
0.96452922
0.96067043
0.95661663
0.95236865
0.94792735
0.94329362
0.93846842
0.93345272
0.92824754
0.92285393
0.91727299
0.91150585
0.90555369
0.89941771
0.89309915
0.88659931
0.87991949
0.87306106
0.86602540
0.85881395
0.85142817
0.84386956
0.83613965
0.82824002
0.82017225
0.81193801
0.80353894
0.79497677
0.78625322
0.77737007
0.76832912
0.75913221
0.74978120
0.74027800
0.73062452
0.72082274
0.71087463
0.70078223
0.69054757
0.68017274
0.66965984
0.65901100
0.64822840
0.63731420
0.62627064
0.61509996
0.60380441
0.59238630
0.58084794
0.56919167
0.55741986
0.54553490
0.53353920
0.52143520
0.50922536
0.49691214
0.48449806
0.47198563
0.45937739
0.44667590
0.43388374
0.42100351
0.40803781
0.39498929
0.38186059
0.36865438
0.35537333
0.34202014
0.32859753
0.31510822
0.30155494
0.28794045
0.27426751
0.26053890
0.24675740
0.23292581
0.21904694
0.20512360
0.19115863
0.17715485
0.16311511
0.14904227
0.13493916
0.12080867
0.10665365
0.09247699
0.07828155
0.06407022
0.04984589
0.03561143
0.02136975
0.00712373
-0.00712373
-0.02136975
-0.03561143
-0.04984589
-0.06407022
-0.07828155
-0.09247699
-0.10665365
-0.12080867
-0.13493916
-0.14904227
-0.16311511
-0.17715485
-0.19115863
-0.20512360
-0.21904694
-0.23292581
-0.24675740
-0.26053890
-0.27426751
-0.28794045
-0.30155494
-0.31510822
-0.32859753
-0.34202014
-0.35537333
-0.36865438
-0.38186059
-0.39498929
-0.40803781
-0.42100351
-0.43388374
-0.44667590
-0.45937739
-0.47198563
-0.48449806
-0.49691214
-0.50922536
-0.52143520
-0.53353920
-0.54553490
-0.55741986
-0.56919167
-0.58084794
-0.59238630
-0.60380441
-0.61509996
-0.62627064
-0.63731420
-0.64822840
-0.65901100
-0.66965984
-0.68017274
-0.69054757
-0.70078223
-0.71087463
-0.72082274
-0.73062452
-0.74027800
-0.74978120
-0.75913221
-0.76832912
-0.77737007
-0.78625322
-0.79497677
-0.80353894
-0.81193801
-0.82017225
-0.82824002
-0.83613965
-0.84386956
-0.85142817
-0.85881395
-0.86602540
-0.87306106
-0.87991949
-0.88659931
-0.89309915
-0.89941771
-0.90555369
-0.91150585
-0.91727299
-0.92285393
-0.92824754
-0.93345272
-0.93846842
-0.94329362
-0.94792735
-0.95236865
-0.95661663
-0.96067043
-0.96452922
-0.96819222
-0.97165868
-0.97492791
-0.97799924
-0.98087204
-0.98354574
-0.98601979
-0.98829368
-0.99036696
-0.99223921
-0.99391004
-0.99537911
-0.99664614
-0.99771085
-0.99857304
-0.99923253
-0.99968918
-0.99994291
-0.99999366
-0.99984142
-0.99948622
-0.99892813
-0.99816727
-0.99720380
-0.99603790
-0.99466981
-0.99309982
-0.99132824
-0.98935543
-0.98718178
-0.98480775
-0.98223382
-0.97946050
-0.97648835
-0.97331799
-0.96995006
-0.96638524
-0.96262425
-0.95866785
-0.95451686
-0.95017211
-0.94563448
-0.94090490
-0.93598432
-0.93087375
-0.92557422
-0.92008680
-0.91441262
-0.90855282
-0.90250860
-0.89628117
-0.88987181
-0.88328181
-0.87651251
-0.86956530
-0.86244156
-0.85514276
-0.84767038
-0.84002592
-0.83221095
-0.82422705
-0.81607584
-0.80775897
-0.79927813
-0.79063505
-0.78183148
-0.77286921
-0.76375005
-0.75447585
-0.74504850
-0.73546992
-0.72574204
-0.71586685
-0.70584634
-0.69568255
-0.68537754
-0.67493341
-0.66435228
-0.65363628
-0.64278761
-0.63180846
-0.62070105
-0.60946765
-0.59811053
-0.58663200
-0.57503439
-0.56332006
-0.55149137
-0.53955074
-0.52750059
-0.51534336
-0.50308151
-0.49071755
-0.47825398
-0.46569332
-0.45303814
-0.44029099
-0.42745447
-0.41453118
-0.40152374
-0.38843480
-0.37526700
-0.36202304
-0.34870558
-0.33531735
-0.32186104
-0.30833940
-0.29475517
-0.28111111
-0.26740999
-0.25365458
-0.23984769
-0.22599211
-0.21209065
-0.19814614
-0.18416141
-0.17013930
-0.15608265
-0.14199432
-0.12787716
-0.11373405
-0.09956785
-0.08538143
-0.07117769
-0.05695950
-0.04272974
-0.02849132
-0.01424710
-0.00000000
0.01424710
0.02849132
0.04272974
0.05695950
0.07117769
0.08538143
0.09956785
0.11373405
0.12787716
0.14199432
0.15608265
0.17013930
0.18416141
0.19814614
0.21209065
0.22599211
0.23984769
0.25365458
0.26740999
0.28111111
0.29475517
0.30833940
0.32186104
0.33531735
0.34870558
0.36202304
0.37526700
0.38843480
0.40152374
0.41453118
0.42745447
0.44029099
0.45303814
0.46569332
0.47825398
0.49071755
0.50308151
0.51534336
0.52750059
0.53955074
0.55149137
0.56332006
0.57503439
0.58663200
0.59811053
0.60946765
0.62070105
0.63180846
0.64278761
0.65363628
0.66435228
0.67493341
0.68537754
0.69568255
0.70584634
0.71586685
0.72574204
0.73546992
0.74504850
0.75447585
0.76375005
0.77286921
0.78183148
0.79063505
0.79927813
0.80775897
0.81607584
0.82422705
0.83221095
0.84002592
0.84767038
0.85514276
0.86244156
0.86956530
0.87651251
0.88328181
0.88987181
0.89628117
0.90250860
0.90855282
0.91441262
0.92008680
0.92557422
0.93087375
0.93598432
0.94090490
0.94563448
0.95017211
0.95451686
0.95866785
0.96262425
0.96638524
0.96995006
0.97331799
0.97648835
0.97946050
0.98223382
0.98480775
0.98718178
0.98935543
0.99132824
0.99309982
0.99466981
0.99603790
0.99720380
0.99816727
0.99892813
0.99948622
0.99984142
0.99999366
0.99994291
0.99968918
0.99923253
0.99857304
0.99771085
0.99664614
0.99537911
0.99391004
0.99223921
0.99036696
0.98829368
0.98601979
0.98354574
0.98087204
0.97799924
0.97492791
0.97165868
0.96819222
0.96452922
0.96067043
0.95661663
0.95236865
0.94792735
0.94329362
0.93846842
0.93345272
0.92824754
0.92285393
0.91727299
0.91150585
0.90555369
0.89941771
0.89309915
0.88659931
0.87991949
0.87306106
0.86602540
0.85881395
0.85142817
0.84386956
0.83613965
0.82824002
0.82017225
0.81193801
0.80353894
0.79497677
0.78625322
0.77737007
0.76832912
0.75913221
0.74978120
0.74027800
0.73062452
0.72082274
0.71087463
0.70078223
0.69054757
0.68017274
0.66965984
0.65901100
0.64822840
0.63731420
0.62627064
0.61509996
0.60380441
0.59238630
0.58084794
0.56919167
0.55741986
0.54553490
0.53353920
0.52143520
0.50922536
0.49691214
0.48449806
0.47198563
0.45937739
0.44667590
0.43388374
0.42100351
0.40803781
0.39498929
0.38186059
0.36865438
0.35537333
0.34202014
0.32859753
0.31510822
0.30155494
0.28794045
0.27426751
0.26053890
0.24675740
0.23292581
0.21904694
0.20512360
0.19115863
0.17715485
0.16311511
0.14904227
0.13493916
0.12080867
0.10665365
0.09247699
0.07828155
0.06407022
0.04984589
0.03561143
0.02136975
0.00712373
-0.00712373
-0.02136975
-0.03561143
-0.04984589
-0.06407022
-0.07828155
-0.09247699
-0.10665365
-0.12080867
-0.13493916
-0.14904227
-0.16311511
-0.17715485
-0.19115863
-0.20512360
-0.21904694
-0.23292581
-0.24675740
-0.26053890
-0.27426751
-0.28794045
-0.30155494
-0.31510822
-0.32859753
-0.34202014
-0.35537333
-0.36865438
-0.38186059
-0.39498929
-0.40803781
-0.42100351
-0.43388374
-0.44667590
-0.45937739
-0.47198563
-0.48449806
-0.49691214
-0.50922536
-0.52143520
-0.53353920
-0.54553490
-0.55741986
-0.56919167
-0.58084794
-0.59238630
-0.60380441
-0.61509996
-0.62627064
-0.63731420
-0.64822840
-0.65901100
-0.66965984
-0.68017274
-0.69054757
-0.70078223
-0.71087463
-0.72082274
-0.73062452
-0.74027800
-0.74978120
-0.75913221
-0.76832912
-0.77737007
-0.78625322
-0.79497677
-0.80353894
-0.81193801
-0.82017225
-0.82824002
-0.83613965
-0.84386956
-0.85142817
-0.85881395
-0.86602540
-0.87306106
-0.87991949
-0.88659931
-0.89309915
-0.89941771
-0.90555369
-0.91150585
-0.91727299
-0.92285393
-0.92824754
-0.93345272
-0.93846842
-0.94329362
-0.94792735
-0.95236865
-0.95661663
-0.96067043
-0.96452922
-0.96819222
-0.97165868
-0.97492791
-0.97799924
-0.98087204
-0.98354574
-0.98601979
-0.98829368
-0.99036696
-0.99223921
-0.99391004
-0.99537911
-0.99664614
-0.99771085
-0.99857304
-0.99923253
-0.99968918
-0.99994291
-0.99999366
-0.99984142
-0.99948622
-0.99892813
-0.99816727
-0.99720380
-0.99603790
-0.99466981
-0.99309982
-0.99132824
-0.98935543
-0.98718178
-0.98480775
-0.98223382
-0.97946050
-0.97648835
-0.97331799
-0.96995006
-0.96638524
-0.96262425
-0.95866785
-0.95451686
-0.95017211
-0.94563448
-0.94090490
-0.93598432
-0.93087375
-0.92557422
-0.92008680
-0.91441262
-0.90855282
-0.90250860
-0.89628117
-0.88987181
-0.88328181
-0.87651251
-0.86956530
-0.86244156
-0.85514276
-0.84767038
-0.84002592
-0.83221095
-0.82422705
-0.81607584
-0.80775897
-0.79927813
-0.79063505
-0.78183148
-0.77286921
-0.76375005
-0.75447585
-0.74504850
-0.73546992
-0.72574204
-0.71586685
-0.70584634
-0.69568255
-0.68537754
-0.67493341
-0.66435228
-0.65363628
-0.64278761
-0.63180846
-0.62070105
-0.60946765
-0.59811053
-0.58663200
-0.57503439
-0.56332006
-0.55149137
-0.53955074
-0.52750059
-0.51534336
-0.50308151
-0.49071755
-0.47825398
-0.46569332
-0.45303814
-0.44029099
-0.42745447
-0.41453118
-0.40152374
-0.38843480
-0.37526700
-0.36202304
-0.34870558
-0.33531735
-0.32186104
-0.30833940
-0.29475517
-0.28111111
-0.26740999
-0.25365458
-0.23984769
-0.22599211
-0.21209065
-0.19814614
-0.18416141
-0.17013930
-0.15608265
-0.14199432
-0.12787716
-0.11373405
-0.09956785
-0.08538143
-0.07117769
-0.05695950
-0.04272974
-0.02849132
-0.01424710
-0.00000000
0.01424710
0.02849132
0.04272974
0.05695950
0.07117769
0.08538143
0.09956785
0.11373405
0.12787716
0.14199432
0.15608265
0.17013930
0.18416141
0.19814614
0.21209065
0.22599211
0.23984769
0.25365458
0.26740999
0.28111111
0.29475517
0.30833940
0.32186104
0.33531735
0.34870558
0.36202304
0.37526700
0.38843480
0.40152374
0.41453118
0.42745447
0.44029099
0.45303814
0.46569332
0.47825398
0.49071755
0.50308151
0.51534336
0.52750059
0.53955074
0.55149137
0.56332006
0.57503439
0.58663200
0.59811053
0.60946765
0.62070105
0.63180846
0.64278761
0.65363628
0.66435228
0.67493341
0.68537754
0.69568255
0.70584634
0.71586685
0.72574204
0.73546992
0.74504850
0.75447585
0.76375005
0.77286921
0.78183148
0.79063505
0.79927813
0.80775897
0.81607584
0.82422705
0.83221095
0.84002592
0.84767038
0.85514276
0.86244156
0.86956530
0.87651251
0.88328181
0.88987181
0.89628117
0.90250860
0.90855282
0.91441262
0.92008680
0.92557422
0.93087375
0.93598432
0.94090490
0.94563448
0.95017211
0.95451686
0.95866785
0.96262425
0.96638524
0.96995006
0.97331799
0.97648835
0.97946050
0.98223382
0.98480775
0.98718178
0.98935543
0.99132824
0.99309982
0.99466981
0.99603790
0.99720380
0.99816727
0.99892813
0.99948622
0.99984142
0.99999366
0.99994291
0.99968918
0.99923253
0.99857304
0.99771085
0.99664614
0.99537911
0.99391004
0.99223921
0.99036696
0.98829368
0.98601979
0.98354574
0.98087204
0.97799924
0.97492791
