0	0	35.7912
0	10.7666	29.3004
0	21.5332	1.02742
0	32.2998	-13.9113
0	43.0664	-14.3987
0	53.833	-14.6973
0	64.5996	-15.4516
0	75.3662	-16.3157
0	86.1328	-17.1742
0	96.8994	-17.9904
0	107.666	-18.7544
0	118.433	-19.4659
0	129.199	-20.1278
0	139.966	-20.7442
0	150.732	-21.3194
0	161.499	-21.8572
0	172.266	-22.3612
0	183.032	-22.8345
0	193.799	-23.2799
0	204.565	-23.6998
0	215.332	-24.0963
0	226.099	-24.4712
0	236.865	-24.8263
0	247.632	-25.163
0	258.398	-25.4826
0	269.165	-25.7861
0	279.932	-26.0747
0	290.698	-26.3493
0	301.465	-26.6107
0	312.231	-26.8595
0	322.998	-27.0966
0	333.765	-27.3224
0	344.531	-27.5376
0	355.298	-27.7427
0	366.064	-27.938
0	376.831	-28.124
0	387.598	-28.3012
0	398.364	-28.4697
0	409.131	-28.6301
0	419.897	-28.7824
0	430.664	-28.9271
0	441.431	-29.0644
0	452.197	-29.1944
0	462.964	-29.3174
0	473.73	-29.4337
0	484.497	-29.5432
0	495.264	-29.6464
0	506.03	-29.7431
0	516.797	-29.8337
0	527.563	-29.9183
0	538.33	-29.9968
0	549.097	-30.0696
0	559.863	-30.1366
0	570.63	-30.1979
0	581.396	-30.2537
0	592.163	-30.3039
0	602.93	-30.3487
0	613.696	-30.3881
0	624.463	-30.4221
0	635.229	-30.4509
0	645.996	-30.4743
0	656.763	-30.4925
0	667.529	-30.5056
0	678.296	-30.5133
0	689.062	-30.5159
0	699.829	-30.5133
0	710.596	-30.5056
0	721.362	-30.4925
0	732.129	-30.4743
0	742.896	-30.4509
0	753.662	-30.4221
0	764.429	-30.3881
0	775.195	-30.3487
0	785.962	-30.3039
0	796.729	-30.2537
0	807.495	-30.1979
0	818.262	-30.1366
0	829.028	-30.0696
0	839.795	-29.9968
0	850.562	-29.9183
0	861.328	-29.8337
0	872.095	-29.7431
0	882.861	-29.6464
0	893.628	-29.5432
0	904.395	-29.4337
0	915.161	-29.3174
0	925.928	-29.1944
0	936.694	-29.0644
0	947.461	-28.9271
0	958.228	-28.7824
0	968.994	-28.6301
0	979.761	-28.4697
0	990.527	-28.3012
0	1001.29	-28.124
0	1012.06	-27.938
0	1022.83	-27.7427
0	1033.59	-27.5376
0	1044.36	-27.3224
0	1055.13	-27.0966
0	1065.89	-26.8595
0	1076.66	-26.6107
0	1087.43	-26.3493
0	1098.19	-26.0747
0	1108.96	-25.7861
0	1119.73	-25.4826
0	1130.49	-25.163
0	1141.26	-24.8263
0	1152.03	-24.4712
0	1162.79	-24.0963
0	1173.56	-23.6998
0	1184.33	-23.2799
0	1195.09	-22.8345
0	1205.86	-22.3612
0	1216.63	-21.8572
0	1227.39	-21.3194
0	1238.16	-20.7442
0	1248.93	-20.1278
0	1259.69	-19.4659
0	1270.46	-18.7544
0	1281.23	-17.9904
0	1291.99	-17.1742
0	1302.76	-16.3157
0	1313.53	-15.4516
0	1324.29	-14.6973
0	1335.06	-14.3987
0	1345.83	-13.9113
0	1356.59	1.02742
0	1367.36	29.3004
2.90249	0	33.8463
2.90249	10.7666	30.3298
2.90249	21.5332	16.0735
2.90249	32.2998	-7.97336
2.90249	43.0664	-23.725
2.90249	53.833	-23.1364
2.90249	64.5996	-23.252
2.90249	75.3662	-24.0297
2.90249	86.1328	-24.9494
2.90249	96.8994	-25.8608
2.90249	107.666	-26.7199
2.90249	118.433	-27.5167
2.90249	129.199	-28.2522
2.90249	139.966	-28.9313
2.90249	150.732	-29.5597
2.90249	161.499	-30.1426
2.90249	172.266	-30.6851
2.90249	183.032	-31.1913
2.90249	193.799	-31.665
2.90249	204.565	-32.1094
2.90249	215.332	-32.5272
2.90249	226.099	-32.9207
2.90249	236.865	-33.2922
2.90249	247.632	-33.6432
2.90249	258.398	-33.9755
2.90249	269.165	-34.2904
2.90249	279.932	-34.5892
2.90249	290.698	-34.8728
2.90249	301.465	-35.1423
2.90249	312.231	-35.3985
2.90249	322.998	-35.6421
2.90249	333.765	-35.874
2.90249	344.531	-36.0946
2.90249	355.298	-36.3046
2.90249	366.064	-36.5044
2.90249	376.831	-36.6946
2.90249	387.598	-36.8755
2.90249	398.364	-37.0475
2.90249	409.131	-37.211
2.90249	419.897	-37.3663
2.90249	430.664	-37.5136
2.90249	441.431	-37.6533
2.90249	452.197	-37.7856
2.90249	462.964	-37.9107
2.90249	473.73	-38.0289
2.90249	484.497	-38.1402
2.90249	495.264	-38.2449
2.90249	506.03	-38.3432
2.90249	516.797	-38.4351
2.90249	527.563	-38.5209
2.90249	538.33	-38.6006
2.90249	549.097	-38.6744
2.90249	559.863	-38.7423
2.90249	570.63	-38.8045
2.90249	581.396	-38.861
2.90249	592.163	-38.9119
2.90249	602.93	-38.9573
2.90249	613.696	-38.9972
2.90249	624.463	-39.0317
2.90249	635.229	-39.0608
2.90249	645.996	-39.0846
2.90249	656.763	-39.103
2.90249	667.529	-39.1162
2.90249	678.296	-39.1241
2.90249	689.062	-39.1267
2.90249	699.829	-39.1241
2.90249	710.596	-39.1162
2.90249	721.362	-39.103
2.90249	732.129	-39.0846
2.90249	742.896	-39.0608
2.90249	753.662	-39.0317
2.90249	764.429	-38.9972
2.90249	775.195	-38.9573
2.90249	785.962	-38.9119
2.90249	796.729	-38.861
2.90249	807.495	-38.8045
2.90249	818.262	-38.7423
2.90249	829.028	-38.6744
2.90249	839.795	-38.6006
2.90249	850.562	-38.5209
2.90249	861.328	-38.4351
2.90249	872.095	-38.3432
2.90249	882.861	-38.2449
2.90249	893.628	-38.1402
2.90249	904.395	-38.0289
2.90249	915.161	-37.9107
2.90249	925.928	-37.7856
2.90249	936.694	-37.6533
2.90249	947.461	-37.5136
2.90249	958.228	-37.3663
2.90249	968.994	-37.211
2.90249	979.761	-37.0475
2.90249	990.527	-36.8755
2.90249	1001.29	-36.6946
2.90249	1012.06	-36.5044
2.90249	1022.83	-36.3046
2.90249	1033.59	-36.0946
2.90249	1044.36	-35.874
2.90249	1055.13	-35.6421
2.90249	1065.89	-35.3985
2.90249	1076.66	-35.1423
2.90249	1087.43	-34.8728
2.90249	1098.19	-34.5892
2.90249	1108.96	-34.2904
2.90249	1119.73	-33.9755
2.90249	1130.49	-33.6432
2.90249	1141.26	-33.2922
2.90249	1152.03	-32.9207
2.90249	1162.79	-32.5272
2.90249	1173.56	-32.1094
2.90249	1184.33	-31.665
2.90249	1195.09	-31.1913
2.90249	1205.86	-30.6851
2.90249	1216.63	-30.1426
2.90249	1227.39	-29.5597
2.90249	1238.16	-28.9313
2.90249	1248.93	-28.2522
2.90249	1259.69	-27.5167
2.90249	1270.46	-26.7199
2.90249	1281.23	-25.8608
2.90249	1291.99	-24.9494
2.90249	1302.76	-24.0297
2.90249	1313.53	-23.252
2.90249	1324.29	-23.1364
2.90249	1335.06	-23.725
2.90249	1345.83	-7.97336
2.90249	1356.59	16.0735
2.90249	1367.36	30.3298
5.80499	0	19.3481
5.80499	10.7666	30.6005
5.80499	21.5332	24.2426
5.80499	32.2998	-4.74377
5.80499	43.0664	-37.5693
5.80499	53.833	-26.9289
5.80499	64.5996	-25.7844
5.80499	75.3662	-26.1845
5.80499	86.1328	-26.8984
5.80499	96.8994	-27.6689
5.80499	107.666	-28.4227
5.80499	118.433	-29.1372
5.80499	129.199	-29.8071
5.80499	139.966	-30.4329
5.80499	150.732	-31.0174
5.80499	161.499	-31.564
5.80499	172.266	-32.0758
5.80499	183.032	-32.5562
5.80499	193.799	-33.0078
5.80499	204.565	-33.4332
5.80499	215.332	-33.8346
5.80499	226.099	-34.2139
5.80499	236.865	-34.5728
5.80499	247.632	-34.9129
5.80499	258.398	-35.2355
5.80499	269.165	-35.5418
5.80499	279.932	-35.8328
5.80499	290.698	-36.1096
5.80499	301.465	-36.3729
5.80499	312.231	-36.6236
5.80499	322.998	-36.8623
5.80499	333.765	-37.0896
5.80499	344.531	-37.3061
5.80499	355.298	-37.5124
5.80499	366.064	-37.7088
5.80499	376.831	-37.8959
5.80499	387.598	-38.074
5.80499	398.364	-38.2434
5.80499	409.131	-38.4045
5.80499	419.897	-38.5576
5.80499	430.664	-38.703
5.80499	441.431	-38.8408
5.80499	452.197	-38.9714
5.80499	462.964	-39.095
5.80499	473.73	-39.2117
5.80499	484.497	-39.3217
5.80499	495.264	-39.4252
5.80499	506.03	-39.5223
5.80499	516.797	-39.6133
5.80499	527.563	-39.6981
5.80499	538.33	-39.777
5.80499	549.097	-39.85
5.80499	559.863	-39.9172
5.80499	570.63	-39.9788
5.80499	581.396	-40.0347
5.80499	592.163	-40.0851
5.80499	602.93	-40.13
5.80499	613.696	-40.1696
5.80499	624.463	-40.2037
5.80499	635.229	-40.2326
5.80499	645.996	-40.2561
5.80499	656.763	-40.2744
5.80499	667.529	-40.2874
5.80499	678.296	-40.2952
5.80499	689.062	-40.2978
5.80499	699.829	-40.2952
5.80499	710.596	-40.2874
5.80499	721.362	-40.2744
5.80499	732.129	-40.2561
5.80499	742.896	-40.2326
5.80499	753.662	-40.2037
5.80499	764.429	-40.1696
5.80499	775.195	-40.13
5.80499	785.962	-40.0851
5.80499	796.729	-40.0347
5.80499	807.495	-39.9788
5.80499	818.262	-39.9172
5.80499	829.028	-39.85
5.80499	839.795	-39.777
5.80499	850.562	-39.6981
5.80499	861.328	-39.6133
5.80499	872.095	-39.5223
5.80499	882.861	-39.4252
5.80499	893.628	-39.3217
5.80499	904.395	-39.2117
5.80499	915.161	-39.095
5.80499	925.928	-38.9714
5.80499	936.694	-38.8408
5.80499	947.461	-38.703
5.80499	958.228	-38.5576
5.80499	968.994	-38.4045
5.80499	979.761	-38.2434
5.80499	990.527	-38.074
5.80499	1001.29	-37.8959
5.80499	1012.06	-37.7088
5.80499	1022.83	-37.5124
5.80499	1033.59	-37.3061
5.80499	1044.36	-37.0896
5.80499	1055.13	-36.8623
5.80499	1065.89	-36.6236
5.80499	1076.66	-36.3729
5.80499	1087.43	-36.1096
5.80499	1098.19	-35.8328
5.80499	1108.96	-35.5418
5.80499	1119.73	-35.2355
5.80499	1130.49	-34.9129
5.80499	1141.26	-34.5728
5.80499	1152.03	-34.2139
5.80499	1162.79	-33.8346
5.80499	1173.56	-33.4332
5.80499	1184.33	-33.0078
5.80499	1195.09	-32.5562
5.80499	1205.86	-32.0758
5.80499	1216.63	-31.564
5.80499	1227.39	-31.0174
5.80499	1238.16	-30.4329
5.80499	1248.93	-29.8071
5.80499	1259.69	-29.1372
5.80499	1270.46	-28.4227
5.80499	1281.23	-27.6689
5.80499	1291.99	-26.8984
5.80499	1302.76	-26.1845
5.80499	1313.53	-25.7844
5.80499	1324.29	-26.9289
5.80499	1335.06	-37.5693
5.80499	1345.83	-4.74377
5.80499	1356.59	24.2426
5.80499	1367.36	30.6005
8.70748	0	19.0968
8.70748	10.7666	29.1343
8.70748	21.5332	28.7558
8.70748	32.2998	12.0592
8.70748	43.0664	-10.1557
8.70748	53.833	-9.97011
8.70748	64.5996	-9.84194
8.70748	75.3662	-10.4949
8.70748	86.1328	-11.3117
8.70748	96.8994	-12.1347
8.70748	107.666	-12.9188
8.70748	118.433	-13.6526
8.70748	129.199	-14.3355
8.70748	139.966	-14.9705
8.70748	150.732	-15.5618
8.70748	161.499	-16.1135
8.70748	172.266	-16.6294
8.70748	183.032	-17.1129
8.70748	193.799	-17.5671
8.70748	204.565	-17.9946
8.70748	215.332	-18.3977
8.70748	226.099	-18.7785
8.70748	236.865	-19.1387
8.70748	247.632	-19.4799
8.70748	258.398	-19.8034
8.70748	269.165	-20.1105
8.70748	279.932	-20.4023
8.70748	290.698	-20.6796
8.70748	301.465	-20.9435
8.70748	312.231	-21.1947
8.70748	322.998	-21.4338
8.70748	333.765	-21.6615
8.70748	344.531	-21.8784
8.70748	355.298	-22.085
8.70748	366.064	-22.2817
8.70748	376.831	-22.469
8.70748	387.598	-22.6473
8.70748	398.364	-22.817
8.70748	409.131	-22.9783
8.70748	419.897	-23.1315
8.70748	430.664	-23.2771
8.70748	441.431	-23.4151
8.70748	452.197	-23.5458
8.70748	462.964	-23.6695
8.70748	473.73	-23.7863
8.70748	484.497	-23.8964
8.70748	495.264	-24
8.70748	506.03	-24.0973
8.70748	516.797	-24.1883
8.70748	527.563	-24.2732
8.70748	538.33	-24.3521
8.70748	549.097	-24.4252
8.70748	559.863	-24.4925
8.70748	570.63	-24.5541
8.70748	581.396	-24.61
8.70748	592.163	-24.6605
8.70748	602.93	-24.7055
8.70748	613.696	-24.745
8.70748	624.463	-24.7792
8.70748	635.229	-24.808
8.70748	645.996	-24.8316
8.70748	656.763	-24.8499
8.70748	667.529	-24.863
8.70748	678.296	-24.8708
8.70748	689.062	-24.8734
8.70748	699.829	-24.8708
8.70748	710.596	-24.863
8.70748	721.362	-24.8499
8.70748	732.129	-24.8316
8.70748	742.896	-24.808
8.70748	753.662	-24.7792
8.70748	764.429	-24.745
8.70748	775.195	-24.7055
8.70748	785.962	-24.6605
8.70748	796.729	-24.61
8.70748	807.495	-24.5541
8.70748	818.262	-24.4925
8.70748	829.028	-24.4252
8.70748	839.795	-24.3521
8.70748	850.562	-24.2732
8.70748	861.328	-24.1883
8.70748	872.095	-24.0973
8.70748	882.861	-24
8.70748	893.628	-23.8964
8.70748	904.395	-23.7863
8.70748	915.161	-23.6695
8.70748	925.928	-23.5458
8.70748	936.694	-23.4151
8.70748	947.461	-23.2771
8.70748	958.228	-23.1315
8.70748	968.994	-22.9783
8.70748	979.761	-22.817
8.70748	990.527	-22.6473
8.70748	1001.29	-22.469
8.70748	1012.06	-22.2817
8.70748	1022.83	-22.085
8.70748	1033.59	-21.8784
8.70748	1044.36	-21.6615
8.70748	1055.13	-21.4338
8.70748	1065.89	-21.1947
8.70748	1076.66	-20.9435
8.70748	1087.43	-20.6796
8.70748	1098.19	-20.4023
8.70748	1108.96	-20.1105
8.70748	1119.73	-19.8034
8.70748	1130.49	-19.4799
8.70748	1141.26	-19.1387
8.70748	1152.03	-18.7785
8.70748	1162.79	-18.3977
8.70748	1173.56	-17.9946
8.70748	1184.33	-17.5671
8.70748	1195.09	-17.1129
8.70748	1205.86	-16.6294
8.70748	1216.63	-16.1135
8.70748	1227.39	-15.5618
8.70748	1238.16	-14.9705
8.70748	1248.93	-14.3355
8.70748	1259.69	-13.6526
8.70748	1270.46	-12.9188
8.70748	1281.23	-12.1347
8.70748	1291.99	-11.3117
8.70748	1302.76	-10.4949
8.70748	1313.53	-9.84194
8.70748	1324.29	-9.97011
8.70748	1335.06	-10.1557
8.70748	1345.83	12.0592
8.70748	1356.59	28.7558
8.70748	1367.36	29.1343
11.61	0	2.10623
11.61	10.7666	24.9852
11.61	21.5332	30.6327
11.61	32.2998	21.6127
11.61	43.0664	-7.91748
11.61	53.833	-16.7511
11.61	64.5996	-16.7265
11.61	75.3662	-17.472
11.61	86.1328	-18.376
11.61	96.8994	-19.2659
11.61	107.666	-20.1001
11.61	118.433	-20.8715
11.61	129.199	-21.5833
11.61	139.966	-22.2408
11.61	150.732	-22.8499
11.61	161.499	-23.416
11.61	172.266	-23.9436
11.61	183.032	-24.4368
11.61	193.799	-24.8991
11.61	204.565	-25.3335
11.61	215.332	-25.7424
11.61	226.099	-26.1282
11.61	236.865	-26.4928
11.61	247.632	-26.8377
11.61	258.398	-27.1645
11.61	269.165	-27.4745
11.61	279.932	-27.7689
11.61	290.698	-28.0485
11.61	301.465	-28.3144
11.61	312.231	-28.5674
11.61	322.998	-28.8082
11.61	333.765	-29.0374
11.61	344.531	-29.2556
11.61	355.298	-29.4633
11.61	366.064	-29.6612
11.61	376.831	-29.8495
11.61	387.598	-30.0287
11.61	398.364	-30.1992
11.61	409.131	-30.3613
11.61	419.897	-30.5152
11.61	430.664	-30.6614
11.61	441.431	-30.8
11.61	452.197	-30.9313
11.61	462.964	-31.0554
11.61	473.73	-31.1727
11.61	484.497	-31.2832
11.61	495.264	-31.3872
11.61	506.03	-31.4848
11.61	516.797	-31.5761
11.61	527.563	-31.6614
11.61	538.33	-31.7405
11.61	549.097	-31.8138
11.61	559.863	-31.8814
11.61	570.63	-31.9432
11.61	581.396	-31.9993
11.61	592.163	-32.0499
11.61	602.93	-32.095
11.61	613.696	-32.1347
11.61	624.463	-32.169
11.61	635.229	-32.1979
11.61	645.996	-32.2216
11.61	656.763	-32.2399
11.61	667.529	-32.253
11.61	678.296	-32.2608
11.61	689.062	-32.2635
11.61	699.829	-32.2608
11.61	710.596	-32.253
11.61	721.362	-32.2399
11.61	732.129	-32.2216
11.61	742.896	-32.1979
11.61	753.662	-32.169
11.61	764.429	-32.1347
11.61	775.195	-32.095
11.61	785.962	-32.0499
11.61	796.729	-31.9993
11.61	807.495	-31.9432
11.61	818.262	-31.8814
11.61	829.028	-31.8138
11.61	839.795	-31.7405
11.61	850.562	-31.6614
11.61	861.328	-31.5761
11.61	872.095	-31.4848
11.61	882.861	-31.3872
11.61	893.628	-31.2832
11.61	904.395	-31.1727
11.61	915.161	-31.0554
11.61	925.928	-30.9313
11.61	936.694	-30.8
11.61	947.461	-30.6614
11.61	958.228	-30.5152
11.61	968.994	-30.3613
11.61	979.761	-30.1992
11.61	990.527	-30.0287
11.61	1001.29	-29.8495
11.61	1012.06	-29.6612
11.61	1022.83	-29.4633
11.61	1033.59	-29.2556
11.61	1044.36	-29.0374
11.61	1055.13	-28.8082
11.61	1065.89	-28.5674
11.61	1076.66	-28.3144
11.61	1087.43	-28.0485
11.61	1098.19	-27.7689
11.61	1108.96	-27.4745
11.61	1119.73	-27.1645
11.61	1130.49	-26.8377
11.61	1141.26	-26.4928
11.61	1152.03	-26.1282
11.61	1162.79	-25.7424
11.61	1173.56	-25.3335
11.61	1184.33	-24.8991
11.61	1195.09	-24.4368
11.61	1205.86	-23.9436
11.61	1216.63	-23.416
11.61	1227.39	-22.8499
11.61	1238.16	-22.2408
11.61	1248.93	-21.5833
11.61	1259.69	-20.8715
11.61	1270.46	-20.1001
11.61	1281.23	-19.2659
11.61	1291.99	-18.376
11.61	1302.76	-17.472
11.61	1313.53	-16.7265
11.61	1324.29	-16.7511
11.61	1335.06	-7.91748
11.61	1345.83	21.6127
11.61	1356.59	30.6327
11.61	1367.36	24.9852
14.5125	0	-6.71722
14.5125	10.7666	17.4002
14.5125	21.5332	30.0297
14.5125	32.2998	27.3984
14.5125	43.0664	6.28874
14.5125	53.833	-19.8165
14.5125	64.5996	-15.4965
14.5125	75.3662	-14.7181
14.5125	86.1328	-15.2352
14.5125	96.8994	-16.0161
14.5125	107.666	-16.831
14.5125	118.433	-17.6153
14.5125	129.199	-18.3507
14.5125	139.966	-19.0345
14.5125	150.732	-19.6692
14.5125	161.499	-20.2588
14.5125	172.266	-20.8076
14.5125	183.032	-21.3198
14.5125	193.799	-21.7988
14.5125	204.565	-22.2479
14.5125	215.332	-22.67
14.5125	226.099	-23.0673
14.5125	236.865	-23.4421
14.5125	247.632	-23.7962
14.5125	258.398	-24.1311
14.5125	269.165	-24.4484
14.5125	279.932	-24.7493
14.5125	290.698	-25.0349
14.5125	301.465	-25.3061
14.5125	312.231	-25.5638
14.5125	322.998	-25.8089
14.5125	333.765	-26.0421
14.5125	344.531	-26.2639
14.5125	355.298	-26.475
14.5125	366.064	-26.6758
14.5125	376.831	-26.8668
14.5125	387.598	-27.0486
14.5125	398.364	-27.2213
14.5125	409.131	-27.3855
14.5125	419.897	-27.5414
14.5125	430.664	-27.6894
14.5125	441.431	-27.8296
14.5125	452.197	-27.9624
14.5125	462.964	-28.0879
14.5125	473.73	-28.2065
14.5125	484.497	-28.3182
14.5125	495.264	-28.4233
14.5125	506.03	-28.5219
14.5125	516.797	-28.6141
14.5125	527.563	-28.7002
14.5125	538.33	-28.7801
14.5125	549.097	-28.8541
14.5125	559.863	-28.9222
14.5125	570.63	-28.9846
14.5125	581.396	-29.0413
14.5125	592.163	-29.0923
14.5125	602.93	-29.1378
14.5125	613.696	-29.1779
14.5125	624.463	-29.2125
14.5125	635.229	-29.2416
14.5125	645.996	-29.2655
14.5125	656.763	-29.284
14.5125	667.529	-29.2972
14.5125	678.296	-29.3051
14.5125	689.062	-29.3077
14.5125	699.829	-29.3051
14.5125	710.596	-29.2972
14.5125	721.362	-29.284
14.5125	732.129	-29.2655
14.5125	742.896	-29.2416
14.5125	753.662	-29.2125
14.5125	764.429	-29.1779
14.5125	775.195	-29.1378
14.5125	785.962	-29.0923
14.5125	796.729	-29.0413
14.5125	807.495	-28.9846
14.5125	818.262	-28.9222
14.5125	829.028	-28.8541
14.5125	839.795	-28.7801
14.5125	850.562	-28.7002
14.5125	861.328	-28.6141
14.5125	872.095	-28.5219
14.5125	882.861	-28.4233
14.5125	893.628	-28.3182
14.5125	904.395	-28.2065
14.5125	915.161	-28.0879
14.5125	925.928	-27.9624
14.5125	936.694	-27.8296
14.5125	947.461	-27.6894
14.5125	958.228	-27.5414
14.5125	968.994	-27.3855
14.5125	979.761	-27.2213
14.5125	990.527	-27.0486
14.5125	1001.29	-26.8668
14.5125	1012.06	-26.6758
14.5125	1022.83	-26.475
14.5125	1033.59	-26.2639
14.5125	1044.36	-26.0421
14.5125	1055.13	-25.8089
14.5125	1065.89	-25.5638
14.5125	1076.66	-25.3061
14.5125	1087.43	-25.0349
14.5125	1098.19	-24.7493
14.5125	1108.96	-24.4484
14.5125	1119.73	-24.1311
14.5125	1130.49	-23.7962
14.5125	1141.26	-23.4421
14.5125	1152.03	-23.0673
14.5125	1162.79	-22.67
14.5125	1173.56	-22.2479
14.5125	1184.33	-21.7988
14.5125	1195.09	-21.3198
14.5125	1205.86	-20.8076
14.5125	1216.63	-20.2588
14.5125	1227.39	-19.6692
14.5125	1238.16	-19.0345
14.5125	1248.93	-18.3507
14.5125	1259.69	-17.6153
14.5125	1270.46	-16.831
14.5125	1281.23	-16.0161
14.5125	1291.99	-15.2352
14.5125	1302.76	-14.7181
14.5125	1313.53	-15.4965
14.5125	1324.29	-19.8165
14.5125	1335.06	6.28874
14.5125	1345.83	27.3984
14.5125	1356.59	30.0297
14.5125	1367.36	17.4002
17.415	0	-20.6567
17.415	10.7666	4.53376
17.415	21.5332	26.9167
17.415	32.2998	30.1989
17.415	43.0664	18.6061
17.415	53.833	-7.70124
17.415	64.5996	-18.2703
17.415	75.3662	-17.2002
17.415	86.1328	-17.7328
17.415	96.8994	-18.6566
17.415	107.666	-19.6308
17.415	118.433	-20.5626
17.415	129.199	-21.4278
17.415	139.966	-22.2236
17.415	150.732	-22.9544
17.415	161.499	-23.6264
17.415	172.266	-24.2462
17.415	183.032	-24.8195
17.415	193.799	-25.3516
17.415	204.565	-25.8469
17.415	215.332	-26.3093
17.415	226.099	-26.7421
17.415	236.865	-27.1482
17.415	247.632	-27.53
17.415	258.398	-27.8896
17.415	269.165	-28.2288
17.415	279.932	-28.5494
17.415	290.698	-28.8526
17.415	301.465	-29.1397
17.415	312.231	-29.4118
17.415	322.998	-29.6699
17.415	333.765	-29.9149
17.415	344.531	-30.1474
17.415	355.298	-30.3682
17.415	366.064	-30.578
17.415	376.831	-30.7772
17.415	387.598	-30.9664
17.415	398.364	-31.146
17.415	409.131	-31.3165
17.415	419.897	-31.4781
17.415	430.664	-31.6314
17.415	441.431	-31.7765
17.415	452.197	-31.9138
17.415	462.964	-32.0435
17.415	473.73	-32.1659
17.415	484.497	-32.2811
17.415	495.264	-32.3894
17.415	506.03	-32.4909
17.415	516.797	-32.5859
17.415	527.563	-32.6744
17.415	538.33	-32.7566
17.415	549.097	-32.8327
17.415	559.863	-32.9027
17.415	570.63	-32.9667
17.415	581.396	-33.0249
17.415	592.163	-33.0773
17.415	602.93	-33.124
17.415	613.696	-33.1651
17.415	624.463	-33.2006
17.415	635.229	-33.2305
17.415	645.996	-33.255
17.415	656.763	-33.2739
17.415	667.529	-33.2875
17.415	678.296	-33.2956
17.415	689.062	-33.2983
17.415	699.829	-33.2956
17.415	710.596	-33.2875
17.415	721.362	-33.2739
17.415	732.129	-33.255
17.415	742.896	-33.2305
17.415	753.662	-33.2006
17.415	764.429	-33.1651
17.415	775.195	-33.124
17.415	785.962	-33.0773
17.415	796.729	-33.0249
17.415	807.495	-32.9667
17.415	818.262	-32.9027
17.415	829.028	-32.8327
17.415	839.795	-32.7566
17.415	850.562	-32.6744
17.415	861.328	-32.5859
17.415	872.095	-32.4909
17.415	882.861	-32.3894
17.415	893.628	-32.2811
17.415	904.395	-32.1659
17.415	915.161	-32.0435
17.415	925.928	-31.9138
17.415	936.694	-31.7765
17.415	947.461	-31.6314
17.415	958.228	-31.4781
17.415	968.994	-31.3165
17.415	979.761	-31.146
17.415	990.527	-30.9664
17.415	1001.29	-30.7772
17.415	1012.06	-30.578
17.415	1022.83	-30.3682
17.415	1033.59	-30.1474
17.415	1044.36	-29.9149
17.415	1055.13	-29.6699
17.415	1065.89	-29.4118
17.415	1076.66	-29.1397
17.415	1087.43	-28.8526
17.415	1098.19	-28.5494
17.415	1108.96	-28.2288
17.415	1119.73	-27.8896
17.415	1130.49	-27.53
17.415	1141.26	-27.1482
17.415	1152.03	-26.7421
17.415	1162.79	-26.3093
17.415	1173.56	-25.8469
17.415	1184.33	-25.3516
17.415	1195.09	-24.8195
17.415	1205.86	-24.2462
17.415	1216.63	-23.6264
17.415	1227.39	-22.9544
17.415	1238.16	-22.2236
17.415	1248.93	-21.4278
17.415	1259.69	-20.5626
17.415	1270.46	-19.6308
17.415	1281.23	-18.6566
17.415	1291.99	-17.7328
17.415	1302.76	-17.2002
17.415	1313.53	-18.2703
17.415	1324.29	-7.70124
17.415	1335.06	18.6061
17.415	1345.83	30.1989
17.415	1356.59	26.9167
17.415	1367.36	4.53376
20.3175	0	-18.842
20.3175	10.7666	-11.3096
20.3175	21.5332	20.7355
20.3175	32.2998	30.5239
20.3175	43.0664	25.6541
20.3175	53.833	-0.415422
20.3175	64.5996	-42.004
20.3175	75.3662	-19.2111
20.3175	86.1328	-18.4244
20.3175	96.8994	-18.8727
20.3175	107.666	-19.5798
20.3175	118.433	-20.3283
20.3175	129.199	-21.0547
20.3175	139.966	-21.7402
20.3175	150.732	-22.3807
20.3175	161.499	-22.9775
20.3175	172.266	-23.5338
20.3175	183.032	-24.0529
20.3175	193.799	-24.5385
20.3175	204.565	-24.9935
20.3175	215.332	-25.4209
20.3175	226.099	-25.823
20.3175	236.865	-26.202
20.3175	247.632	-26.5599
20.3175	258.398	-26.8983
20.3175	269.165	-27.2187
20.3175	279.932	-27.5223
20.3175	290.698	-27.8103
20.3175	301.465	-28.0838
20.3175	312.231	-28.3436
20.3175	322.998	-28.5905
20.3175	333.765	-28.8253
20.3175	344.531	-29.0487
20.3175	355.298	-29.2611
20.3175	366.064	-29.4632
20.3175	376.831	-29.6554
20.3175	387.598	-29.8382
20.3175	398.364	-30.012
20.3175	409.131	-30.1771
20.3175	419.897	-30.3338
20.3175	430.664	-30.4825
20.3175	441.431	-30.6234
20.3175	452.197	-30.7568
20.3175	462.964	-30.883
20.3175	473.73	-31.0021
20.3175	484.497	-31.1143
20.3175	495.264	-31.2198
20.3175	506.03	-31.3188
20.3175	516.797	-31.4115
20.3175	527.563	-31.4979
20.3175	538.33	-31.5782
20.3175	549.097	-31.6524
20.3175	559.863	-31.7208
20.3175	570.63	-31.7834
20.3175	581.396	-31.8403
20.3175	592.163	-31.8916
20.3175	602.93	-31.9373
20.3175	613.696	-31.9774
20.3175	624.463	-32.0121
20.3175	635.229	-32.0414
20.3175	645.996	-32.0654
20.3175	656.763	-32.0839
20.3175	667.529	-32.0972
20.3175	678.296	-32.1051
20.3175	689.062	-32.1078
20.3175	699.829	-32.1051
20.3175	710.596	-32.0972
20.3175	721.362	-32.0839
20.3175	732.129	-32.0654
20.3175	742.896	-32.0414
20.3175	753.662	-32.0121
20.3175	764.429	-31.9774
20.3175	775.195	-31.9373
20.3175	785.962	-31.8916
20.3175	796.729	-31.8403
20.3175	807.495	-31.7834
20.3175	818.262	-31.7208
20.3175	829.028	-31.6524
20.3175	839.795	-31.5782
20.3175	850.562	-31.4979
20.3175	861.328	-31.4115
20.3175	872.095	-31.3188
20.3175	882.861	-31.2198
20.3175	893.628	-31.1143
20.3175	904.395	-31.0021
20.3175	915.161	-30.883
20.3175	925.928	-30.7568
20.3175	936.694	-30.6234
20.3175	947.461	-30.4825
20.3175	958.228	-30.3338
20.3175	968.994	-30.1771
20.3175	979.761	-30.012
20.3175	990.527	-29.8382
20.3175	1001.29	-29.6554
20.3175	1012.06	-29.4632
20.3175	1022.83	-29.2611
20.3175	1033.59	-29.0487
20.3175	1044.36	-28.8253
20.3175	1055.13	-28.5905
20.3175	1065.89	-28.3436
20.3175	1076.66	-28.0838
20.3175	1087.43	-27.8103
20.3175	1098.19	-27.5223
20.3175	1108.96	-27.2187
20.3175	1119.73	-26.8983
20.3175	1130.49	-26.5599
20.3175	1141.26	-26.202
20.3175	1152.03	-25.823
20.3175	1162.79	-25.4209
20.3175	1173.56	-24.9935
20.3175	1184.33	-24.5385
20.3175	1195.09	-24.0529
20.3175	1205.86	-23.5338
20.3175	1216.63	-22.9775
20.3175	1227.39	-22.3807
20.3175	1238.16	-21.7402
20.3175	1248.93	-21.0547
20.3175	1259.69	-20.3283
20.3175	1270.46	-19.5798
20.3175	1281.23	-18.8727
20.3175	1291.99	-18.4244
20.3175	1302.76	-19.2111
20.3175	1313.53	-42.004
20.3175	1324.29	-0.415422
20.3175	1335.06	25.6541
20.3175	1345.83	30.5239
20.3175	1356.59	20.7355
20.3175	1367.36	-11.3096
23.22	0	-30.667
23.22	10.7666	-10.3445
23.22	21.5332	10.6431
23.22	32.2998	28.3052
23.22	43.0664	29.53
23.22	53.833	14.5138
23.22	64.5996	-37.8383
23.22	75.3662	-9.02167
23.22	86.1328	-8.39779
23.22	96.8994	-8.93656
23.22	107.666	-9.68662
23.22	118.433	-10.4541
23.22	129.199	-11.1876
23.22	139.966	-11.8741
23.22	150.732	-12.5125
23.22	161.499	-13.1059
23.22	172.266	-13.6581
23.22	183.032	-14.173
23.22	193.799	-14.6545
23.22	204.565	-15.1056
23.22	215.332	-15.5293
23.22	226.099	-15.928
23.22	236.865	-16.304
23.22	247.632	-16.6591
23.22	258.398	-16.9949
23.22	269.165	-17.3129
23.22	279.932	-17.6144
23.22	290.698	-17.9005
23.22	301.465	-18.1722
23.22	312.231	-18.4304
23.22	322.998	-18.6759
23.22	333.765	-18.9093
23.22	344.531	-19.1314
23.22	355.298	-19.3427
23.22	366.064	-19.5438
23.22	376.831	-19.735
23.22	387.598	-19.9169
23.22	398.364	-20.0899
23.22	409.131	-20.2542
23.22	419.897	-20.4102
23.22	430.664	-20.5583
23.22	441.431	-20.6986
23.22	452.197	-20.8315
23.22	462.964	-20.9572
23.22	473.73	-21.0758
23.22	484.497	-21.1876
23.22	495.264	-21.2927
23.22	506.03	-21.3914
23.22	516.797	-21.4837
23.22	527.563	-21.5698
23.22	538.33	-21.6498
23.22	549.097	-21.7238
23.22	559.863	-21.792
23.22	570.63	-21.8544
23.22	581.396	-21.9111
23.22	592.163	-21.9622
23.22	602.93	-22.0077
23.22	613.696	-22.0477
23.22	624.463	-22.0823
23.22	635.229	-22.1116
23.22	645.996	-22.1354
23.22	656.763	-22.1539
23.22	667.529	-22.1671
23.22	678.296	-22.175
23.22	689.062	-22.1777
23.22	699.829	-22.175
23.22	710.596	-22.1671
23.22	721.362	-22.1539
23.22	732.129	-22.1354
23.22	742.896	-22.1116
23.22	753.662	-22.0823
23.22	764.429	-22.0477
23.22	775.195	-22.0077
23.22	785.962	-21.9622
23.22	796.729	-21.9111
23.22	807.495	-21.8544
23.22	818.262	-21.792
23.22	829.028	-21.7238
23.22	839.795	-21.6498
23.22	850.562	-21.5698
23.22	861.328	-21.4837
23.22	872.095	-21.3914
23.22	882.861	-21.2927
23.22	893.628	-21.1876
23.22	904.395	-21.0758
23.22	915.161	-20.9572
23.22	925.928	-20.8315
23.22	936.694	-20.6986
23.22	947.461	-20.5583
23.22	958.228	-20.4102
23.22	968.994	-20.2542
23.22	979.761	-20.0899
23.22	990.527	-19.9169
23.22	1001.29	-19.735
23.22	1012.06	-19.5438
23.22	1022.83	-19.3427
23.22	1033.59	-19.1314
23.22	1044.36	-18.9093
23.22	1055.13	-18.6759
23.22	1065.89	-18.4304
23.22	1076.66	-18.1722
23.22	1087.43	-17.9005
23.22	1098.19	-17.6144
23.22	1108.96	-17.3129
23.22	1119.73	-16.9949
23.22	1130.49	-16.6591
23.22	1141.26	-16.304
23.22	1152.03	-15.928
23.22	1162.79	-15.5293
23.22	1173.56	-15.1056
23.22	1184.33	-14.6545
23.22	1195.09	-14.173
23.22	1205.86	-13.6581
23.22	1216.63	-13.1059
23.22	1227.39	-12.5125
23.22	1238.16	-11.8741
23.22	1248.93	-11.1876
23.22	1259.69	-10.4541
23.22	1270.46	-9.68662
23.22	1281.23	-8.93656
23.22	1291.99	-8.39779
23.22	1302.76	-9.02167
23.22	1313.53	-37.8383
23.22	1324.29	14.5138
23.22	1335.06	29.53
23.22	1345.83	28.3052
23.22	1356.59	10.6431
23.22	1367.36	-10.3445
26.1224	0	-30.1421
26.1224	10.7666	-23.3131
26.1224	21.5332	-5.53544
26.1224	32.2998	23.4328
26.1224	43.0664	30.6959
26.1224	53.833	23.4332
26.1224	64.5996	-5.59102
26.1224	75.3662	-24.2217
26.1224	86.1328	-35.4539
26.1224	96.8994	-40.128
26.1224	107.666	-42.7218
26.1224	118.433	-44.9483
26.1224	129.199	-47.0157
26.1224	139.966	-48.9441
26.1224	150.732	-50.7402
26.1224	161.499	-52.4132
26.1224	172.266	-53.9742
26.1224	183.032	-55.4339
26.1224	193.799	-56.8029
26.1224	204.565	-58.0901
26.1224	215.332	-59.304
26.1224	226.099	-60.4521
26.1224	236.865	-61.5404
26.1224	247.632	-62.5759
26.1224	258.398	-63.5618
26.1224	269.165	-64.5041
26.1224	279.932	-65.4065
26.1224	290.698	-66.2725
26.1224	301.465	-67.1052
26.1224	312.231	-67.9077
26.1224	322.998	-68.6833
26.1224	333.765	-69.4331
26.1224	344.531	-70.16
26.1224	355.298	-70.8665
26.1224	366.064	-71.5541
26.1224	376.831	-72.2239
26.1224	387.598	-72.8786
26.1224	398.364	-73.5182
26.1224	409.131	-74.1453
26.1224	419.897	-74.7602
26.1224	430.664	-75.3669
26.1224	441.431	-75.9622
26.1224	452.197	-76.5496
26.1224	462.964	-77.1318
26.1224	473.73	-77.7033
26.1224	484.497	-78.2708
26.1224	495.264	-78.8381
26.1224	506.03	-79.3908
26.1224	516.797	-79.9467
26.1224	527.563	-80.4978
26.1224	538.33	-81.0384
26.1224	549.097	-81.58
26.1224	559.863	-82.1096
26.1224	570.63	-82.635
26.1224	581.396	-83.1425
26.1224	592.163	-83.6462
26.1224	602.93	-84.1201
26.1224	613.696	-84.5729
26.1224	624.463	-84.9928
26.1224	635.229	-85.3732
26.1224	645.996	-85.7029
26.1224	656.763	-85.9682
26.1224	667.529	-86.1708
26.1224	678.296	-86.2964
26.1224	689.062	-86.3372
26.1224	699.829	-86.2964
26.1224	710.596	-86.1708
26.1224	721.362	-85.9682
26.1224	732.129	-85.7029
26.1224	742.896	-85.3732
26.1224	753.662	-84.9928
26.1224	764.429	-84.5729
26.1224	775.195	-84.1201
26.1224	785.962	-83.6462
26.1224	796.729	-83.1425
26.1224	807.495	-82.635
26.1224	818.262	-82.1096
26.1224	829.028	-81.58
26.1224	839.795	-81.0384
26.1224	850.562	-80.4978
26.1224	861.328	-79.9467
26.1224	872.095	-79.3908
26.1224	882.861	-78.8381
26.1224	893.628	-78.2708
26.1224	904.395	-77.7033
26.1224	915.161	-77.1318
26.1224	925.928	-76.5496
26.1224	936.694	-75.9622
26.1224	947.461	-75.3669
26.1224	958.228	-74.7602
26.1224	968.994	-74.1453
26.1224	979.761	-73.5182
26.1224	990.527	-72.8786
26.1224	1001.29	-72.2239
26.1224	1012.06	-71.5541
26.1224	1022.83	-70.8665
26.1224	1033.59	-70.16
26.1224	1044.36	-69.4331
26.1224	1055.13	-68.6833
26.1224	1065.89	-67.9077
26.1224	1076.66	-67.1052
26.1224	1087.43	-66.2725
26.1224	1098.19	-65.4065
26.1224	1108.96	-64.5041
26.1224	1119.73	-63.5618
26.1224	1130.49	-62.5759
26.1224	1141.26	-61.5404
26.1224	1152.03	-60.4521
26.1224	1162.79	-59.304
26.1224	1173.56	-58.0901
26.1224	1184.33	-56.8029
26.1224	1195.09	-55.4339
26.1224	1205.86	-53.9742
26.1224	1216.63	-52.4132
26.1224	1227.39	-50.7402
26.1224	1238.16	-48.9441
26.1224	1248.93	-47.0157
26.1224	1259.69	-44.9483
26.1224	1270.46	-42.7218
26.1224	1281.23	-40.128
26.1224	1291.99	-35.4539
26.1224	1302.76	-24.2217
26.1224	1313.53	-5.59102
26.1224	1324.29	23.4332
26.1224	1335.06	30.6959
26.1224	1345.83	23.4328
26.1224	1356.59	-5.53544
26.1224	1367.36	-23.3131
29.0249	0	-35.4147
29.0249	10.7666	-31.0681
29.0249	21.5332	-8.46835
29.0249	32.2998	15.0338
29.0249	43.0664	29.4273
29.0249	53.833	28.4229
29.0249	64.5996	9.79787
29.0249	75.3662	-19.4122
29.0249	86.1328	-9.34143
29.0249	96.8994	-8.91268
29.0249	107.666	-9.45136
29.0249	118.433	-10.1762
29.0249	129.199	-10.9157
29.0249	139.966	-11.6227
29.0249	150.732	-12.2849
29.0249	161.499	-12.9011
29.0249	172.266	-13.4742
29.0249	183.032	-14.0077
29.0249	193.799	-14.5055
29.0249	204.565	-14.9709
29.0249	215.332	-15.4071
29.0249	226.099	-15.8169
29.0249	236.865	-16.2025
29.0249	247.632	-16.5661
29.0249	258.398	-16.9095
29.0249	269.165	-17.2343
29.0249	279.932	-17.5418
29.0249	290.698	-17.8332
29.0249	301.465	-18.1097
29.0249	312.231	-18.3722
29.0249	322.998	-18.6216
29.0249	333.765	-18.8586
29.0249	344.531	-19.0839
29.0249	355.298	-19.2982
29.0249	366.064	-19.5019
29.0249	376.831	-19.6955
29.0249	387.598	-19.8797
29.0249	398.364	-20.0546
29.0249	409.131	-20.2208
29.0249	419.897	-20.3786
29.0249	430.664	-20.5282
29.0249	441.431	-20.67
29.0249	452.197	-20.8042
29.0249	462.964	-20.931
29.0249	473.73	-21.0508
29.0249	484.497	-21.1636
29.0249	495.264	-21.2697
29.0249	506.03	-21.3692
29.0249	516.797	-21.4623
29.0249	527.563	-21.5491
29.0249	538.33	-21.6298
29.0249	549.097	-21.7044
29.0249	559.863	-21.7731
29.0249	570.63	-21.836
29.0249	581.396	-21.8932
29.0249	592.163	-21.9446
29.0249	602.93	-21.9905
29.0249	613.696	-22.0309
29.0249	624.463	-22.0657
29.0249	635.229	-22.0952
29.0249	645.996	-22.1192
29.0249	656.763	-22.1378
29.0249	667.529	-22.1511
29.0249	678.296	-22.1591
29.0249	689.062	-22.1618
29.0249	699.829	-22.1591
29.0249	710.596	-22.1511
29.0249	721.362	-22.1378
29.0249	732.129	-22.1192
29.0249	742.896	-22.0952
29.0249	753.662	-22.0657
29.0249	764.429	-22.0309
29.0249	775.195	-21.9905
29.0249	785.962	-21.9446
29.0249	796.729	-21.8932
29.0249	807.495	-21.836
29.0249	818.262	-21.7731
29.0249	829.028	-21.7044
29.0249	839.795	-21.6298
29.0249	850.562	-21.5491
29.0249	861.328	-21.4623
29.0249	872.095	-21.3692
29.0249	882.861	-21.2697
29.0249	893.628	-21.1636
29.0249	904.395	-21.0508
29.0249	915.161	-20.931
29.0249	925.928	-20.8042
29.0249	936.694	-20.67
29.0249	947.461	-20.5282
29.0249	958.228	-20.3786
29.0249	968.994	-20.2208
29.0249	979.761	-20.0546
29.0249	990.527	-19.8797
29.0249	1001.29	-19.6955
29.0249	1012.06	-19.5019
29.0249	1022.83	-19.2982
29.0249	1033.59	-19.0839
29.0249	1044.36	-18.8586
29.0249	1055.13	-18.6216
29.0249	1065.89	-18.3722
29.0249	1076.66	-18.1097
29.0249	1087.43	-17.8332
29.0249	1098.19	-17.5418
29.0249	1108.96	-17.2343
29.0249	1119.73	-16.9095
29.0249	1130.49	-16.5661
29.0249	1141.26	-16.2025
29.0249	1152.03	-15.8169
29.0249	1162.79	-15.4071
29.0249	1173.56	-14.9709
29.0249	1184.33	-14.5055
29.0249	1195.09	-14.0077
29.0249	1205.86	-13.4742
29.0249	1216.63	-12.9011
29.0249	1227.39	-12.2849
29.0249	1238.16	-11.6227
29.0249	1248.93	-10.9157
29.0249	1259.69	-10.1762
29.0249	1270.46	-9.45136
29.0249	1281.23	-8.91268
29.0249	1291.99	-9.34143
29.0249	1302.76	-19.4122
29.0249	1313.53	9.79787
29.0249	1324.29	28.4229
29.0249	1335.06	29.4273
29.0249	1345.83	15.0338
29.0249	1356.59	-8.46835
29.0249	1367.36	-31.0681
31.9274	0	-15.7396
31.9274	10.7666	-15.9883
31.9274	21.5332	-15.1985
31.9274	32.2998	0.817448
31.9274	43.0664	25.6404
31.9274	53.833	30.5294
31.9274	64.5996	20.6978
31.9274	75.3662	-7.88197
31.9274	86.1328	-17.8386
31.9274	96.8994	-17.288
31.9274	107.666	-17.919
31.9274	118.433	-18.8137
31.9274	129.199	-19.7196
31.9274	139.966	-20.5726
31.9274	150.732	-21.3592
31.9274	161.499	-22.0807
31.9274	172.266	-22.7429
31.9274	183.032	-23.3522
31.9274	193.799	-23.9147
31.9274	204.565	-24.4358
31.9274	215.332	-24.9202
31.9274	226.099	-25.3719
31.9274	236.865	-25.7942
31.9274	247.632	-26.19
31.9274	258.398	-26.5618
31.9274	269.165	-26.9118
31.9274	279.932	-27.2417
31.9274	290.698	-27.5532
31.9274	301.465	-27.8477
31.9274	312.231	-28.1264
31.9274	322.998	-28.3903
31.9274	333.765	-28.6405
31.9274	344.531	-28.8778
31.9274	355.298	-29.1029
31.9274	366.064	-29.3165
31.9274	376.831	-29.5192
31.9274	387.598	-29.7116
31.9274	398.364	-29.8941
31.9274	409.131	-30.0672
31.9274	419.897	-30.2313
31.9274	430.664	-30.3867
31.9274	441.431	-30.5338
31.9274	452.197	-30.673
31.9274	462.964	-30.8044
31.9274	473.73	-30.9283
31.9274	484.497	-31.0449
31.9274	495.264	-31.1545
31.9274	506.03	-31.2572
31.9274	516.797	-31.3533
31.9274	527.563	-31.4428
31.9274	538.33	-31.5259
31.9274	549.097	-31.6028
31.9274	559.863	-31.6736
31.9274	570.63	-31.7383
31.9274	581.396	-31.7971
31.9274	592.163	-31.85
31.9274	602.93	-31.8972
31.9274	613.696	-31.9387
31.9274	624.463	-31.9745
31.9274	635.229	-32.0047
31.9274	645.996	-32.0294
31.9274	656.763	-32.0486
31.9274	667.529	-32.0622
31.9274	678.296	-32.0704
31.9274	689.062	-32.0731
31.9274	699.829	-32.0704
31.9274	710.596	-32.0622
31.9274	721.362	-32.0486
31.9274	732.129	-32.0294
31.9274	742.896	-32.0047
31.9274	753.662	-31.9745
31.9274	764.429	-31.9387
31.9274	775.195	-31.8972
31.9274	785.962	-31.85
31.9274	796.729	-31.7971
31.9274	807.495	-31.7383
31.9274	818.262	-31.6736
31.9274	829.028	-31.6028
31.9274	839.795	-31.5259
31.9274	850.562	-31.4428
31.9274	861.328	-31.3533
31.9274	872.095	-31.2572
31.9274	882.861	-31.1545
31.9274	893.628	-31.0449
31.9274	904.395	-30.9283
31.9274	915.161	-30.8044
31.9274	925.928	-30.673
31.9274	936.694	-30.5338
31.9274	947.461	-30.3867
31.9274	958.228	-30.2313
31.9274	968.994	-30.0672
31.9274	979.761	-29.8941
31.9274	990.527	-29.7116
31.9274	1001.29	-29.5192
31.9274	1012.06	-29.3165
31.9274	1022.83	-29.1029
31.9274	1033.59	-28.8778
31.9274	1044.36	-28.6405
31.9274	1055.13	-28.3903
31.9274	1065.89	-28.1264
31.9274	1076.66	-27.8477
31.9274	1087.43	-27.5532
31.9274	1098.19	-27.2417
31.9274	1108.96	-26.9118
31.9274	1119.73	-26.5618
31.9274	1130.49	-26.19
31.9274	1141.26	-25.7942
31.9274	1152.03	-25.3719
31.9274	1162.79	-24.9202
31.9274	1173.56	-24.4358
31.9274	1184.33	-23.9147
31.9274	1195.09	-23.3522
31.9274	1205.86	-22.7429
31.9274	1216.63	-22.0807
31.9274	1227.39	-21.3592
31.9274	1238.16	-20.5726
31.9274	1248.93	-19.7196
31.9274	1259.69	-18.8137
31.9274	1270.46	-17.919
31.9274	1281.23	-17.288
31.9274	1291.99	-17.8386
31.9274	1302.76	-7.88197
31.9274	1313.53	20.6978
31.9274	1324.29	30.5294
31.9274	1335.06	25.6404
31.9274	1345.83	0.817448
31.9274	1356.59	-15.1985
31.9274	1367.36	-15.9883
34.8299	0	-9.22275
34.8299	10.7666	-9.41611
34.8299	21.5332	-11.0409
34.8299	32.2998	-15.813
34.8299	43.0664	18.5016
34.8299	53.833	30.2371
34.8299	64.5996	26.8627
34.8299	75.3662	4.50591
34.8299	86.1328	-25.1763
34.8299	96.8994	-18.9743
34.8299	107.666	-17.6264
34.8299	118.433	-18.1182
34.8299	129.199	-18.9795
34.8299	139.966	-19.9047
34.8299	150.732	-20.8048
34.8299	161.499	-21.6522
34.8299	172.266	-22.4402
34.8299	183.032	-23.1698
34.8299	193.799	-23.8448
34.8299	204.565	-24.4699
34.8299	215.332	-25.0498
34.8299	226.099	-25.5887
34.8299	236.865	-26.0906
34.8299	247.632	-26.559
34.8299	258.398	-26.9971
34.8299	269.165	-27.4074
34.8299	279.932	-27.7925
34.8299	290.698	-28.1544
34.8299	301.465	-28.495
34.8299	312.231	-28.816
34.8299	322.998	-29.1186
34.8299	333.765	-29.4044
34.8299	344.531	-29.6743
34.8299	355.298	-29.9295
34.8299	366.064	-30.1708
34.8299	376.831	-30.399
34.8299	387.598	-30.6149
34.8299	398.364	-30.8192
34.8299	409.131	-31.0124
34.8299	419.897	-31.195
34.8299	430.664	-31.3676
34.8299	441.431	-31.5306
34.8299	452.197	-31.6843
34.8299	462.964	-31.8293
34.8299	473.73	-31.9657
34.8299	484.497	-32.0939
34.8299	495.264	-32.2141
34.8299	506.03	-32.3266
34.8299	516.797	-32.4317
34.8299	527.563	-32.5295
34.8299	538.33	-32.6202
34.8299	549.097	-32.704
34.8299	559.863	-32.781
34.8299	570.63	-32.8514
34.8299	581.396	-32.9153
34.8299	592.163	-32.9727
34.8299	602.93	-33.0239
34.8299	613.696	-33.0689
34.8299	624.463	-33.1077
34.8299	635.229	-33.1405
34.8299	645.996	-33.1672
34.8299	656.763	-33.188
34.8299	667.529	-33.2028
34.8299	678.296	-33.2116
34.8299	689.062	-33.2146
34.8299	699.829	-33.2116
34.8299	710.596	-33.2028
34.8299	721.362	-33.188
34.8299	732.129	-33.1672
34.8299	742.896	-33.1405
34.8299	753.662	-33.1077
34.8299	764.429	-33.0689
34.8299	775.195	-33.0239
34.8299	785.962	-32.9727
34.8299	796.729	-32.9153
34.8299	807.495	-32.8514
34.8299	818.262	-32.781
34.8299	829.028	-32.704
34.8299	839.795	-32.6202
34.8299	850.562	-32.5295
34.8299	861.328	-32.4317
34.8299	872.095	-32.3266
34.8299	882.861	-32.2141
34.8299	893.628	-32.0939
34.8299	904.395	-31.9657
34.8299	915.161	-31.8293
34.8299	925.928	-31.6843
34.8299	936.694	-31.5306
34.8299	947.461	-31.3676
34.8299	958.228	-31.195
34.8299	968.994	-31.0124
34.8299	979.761	-30.8192
34.8299	990.527	-30.6149
34.8299	1001.29	-30.399
34.8299	1012.06	-30.1708
34.8299	1022.83	-29.9295
34.8299	1033.59	-29.6743
34.8299	1044.36	-29.4044
34.8299	1055.13	-29.1186
34.8299	1065.89	-28.816
34.8299	1076.66	-28.495
34.8299	1087.43	-28.1544
34.8299	1098.19	-27.7925
34.8299	1108.96	-27.4074
34.8299	1119.73	-26.9971
34.8299	1130.49	-26.559
34.8299	1141.26	-26.0906
34.8299	1152.03	-25.5887
34.8299	1162.79	-25.0498
34.8299	1173.56	-24.4699
34.8299	1184.33	-23.8448
34.8299	1195.09	-23.1698
34.8299	1205.86	-22.4402
34.8299	1216.63	-21.6522
34.8299	1227.39	-20.8048
34.8299	1238.16	-19.9047
34.8299	1248.93	-18.9795
34.8299	1259.69	-18.1182
34.8299	1270.46	-17.6264
34.8299	1281.23	-18.9743
34.8299	1291.99	-25.1763
34.8299	1302.76	4.50591
34.8299	1313.53	26.8627
34.8299	1324.29	30.2371
34.8299	1335.06	18.5016
34.8299	1345.83	-15.813
34.8299	1356.59	-11.0409
34.8299	1367.36	-9.41611
37.7324	0	-9.7085
37.7324	10.7666	-9.78617
37.7324	21.5332	-10.4398
37.7324	32.2998	-13.0198
37.7324	43.0664	6.62852
37.7324	53.833	27.4212
37.7324	64.5996	30.0106
37.7324	75.3662	17.3977
37.7324	86.1328	-10.0271
37.7324	96.8994	-15.7693
37.7324	107.666	-14.2601
37.7324	118.433	-14.7597
37.7324	129.199	-15.6313
37.7324	139.966	-16.5506
37.7324	150.732	-17.4319
37.7324	161.499	-18.2522
37.7324	172.266	-19.0085
37.7324	183.032	-19.7043
37.7324	193.799	-20.345
37.7324	204.565	-20.9364
37.7324	215.332	-21.4837
37.7324	226.099	-21.9915
37.7324	236.865	-22.4641
37.7324	247.632	-22.905
37.7324	258.398	-23.3173
37.7324	269.165	-23.7037
37.7324	279.932	-24.0665
37.7324	290.698	-24.4077
37.7324	301.465	-24.729
37.7324	312.231	-25.0321
37.7324	322.998	-25.3183
37.7324	333.765	-25.5887
37.7324	344.531	-25.8444
37.7324	355.298	-26.0864
37.7324	366.064	-26.3154
37.7324	376.831	-26.5323
37.7324	387.598	-26.7376
37.7324	398.364	-26.9321
37.7324	409.131	-27.1162
37.7324	419.897	-27.2904
37.7324	430.664	-27.4552
37.7324	441.431	-27.6109
37.7324	452.197	-27.7579
37.7324	462.964	-27.8966
37.7324	473.73	-28.0272
37.7324	484.497	-28.15
37.7324	495.264	-28.2653
37.7324	506.03	-28.3733
37.7324	516.797	-28.4741
37.7324	527.563	-28.5681
37.7324	538.33	-28.6552
37.7324	549.097	-28.7357
37.7324	559.863	-28.8098
37.7324	570.63	-28.8775
37.7324	581.396	-28.939
37.7324	592.163	-28.9944
37.7324	602.93	-29.0437
37.7324	613.696	-29.087
37.7324	624.463	-29.1244
37.7324	635.229	-29.1559
37.7324	645.996	-29.1817
37.7324	656.763	-29.2017
37.7324	667.529	-29.216
37.7324	678.296	-29.2245
37.7324	689.062	-29.2273
37.7324	699.829	-29.2245
37.7324	710.596	-29.216
37.7324	721.362	-29.2017
37.7324	732.129	-29.1817
37.7324	742.896	-29.1559
37.7324	753.662	-29.1244
37.7324	764.429	-29.087
37.7324	775.195	-29.0437
37.7324	785.962	-28.9944
37.7324	796.729	-28.939
37.7324	807.495	-28.8775
37.7324	818.262	-28.8098
37.7324	829.028	-28.7357
37.7324	839.795	-28.6552
37.7324	850.562	-28.5681
37.7324	861.328	-28.4741
37.7324	872.095	-28.3733
37.7324	882.861	-28.2653
37.7324	893.628	-28.15
37.7324	904.395	-28.0272
37.7324	915.161	-27.8966
37.7324	925.928	-27.7579
37.7324	936.694	-27.6109
37.7324	947.461	-27.4552
37.7324	958.228	-27.2904
37.7324	968.994	-27.1162
37.7324	979.761	-26.9321
37.7324	990.527	-26.7376
37.7324	1001.29	-26.5323
37.7324	1012.06	-26.3154
37.7324	1022.83	-26.0864
37.7324	1033.59	-25.8444
37.7324	1044.36	-25.5887
37.7324	1055.13	-25.3183
37.7324	1065.89	-25.0321
37.7324	1076.66	-24.729
37.7324	1087.43	-24.4077
37.7324	1098.19	-24.0665
37.7324	1108.96	-23.7037
37.7324	1119.73	-23.3173
37.7324	1130.49	-22.905
37.7324	1141.26	-22.4641
37.7324	1152.03	-21.9915
37.7324	1162.79	-21.4837
37.7324	1173.56	-20.9364
37.7324	1184.33	-20.345
37.7324	1195.09	-19.7043
37.7324	1205.86	-19.0085
37.7324	1216.63	-18.2522
37.7324	1227.39	-17.4319
37.7324	1238.16	-16.5506
37.7324	1248.93	-15.6313
37.7324	1259.69	-14.7597
37.7324	1270.46	-14.2601
37.7324	1281.23	-15.7693
37.7324	1291.99	-10.0271
37.7324	1302.76	17.3977
37.7324	1313.53	30.0106
37.7324	1324.29	27.4212
37.7324	1335.06	6.62852
37.7324	1345.83	-13.0198
37.7324	1356.59	-10.4398
37.7324	1367.36	-9.78617
40.6349	0	-23.54
40.6349	10.7666	-23.3713
40.6349	21.5332	-23.4976
40.6349	32.2998	-29.455
40.6349	43.0664	-8.16484
40.6349	53.833	21.6941
40.6349	64.5996	30.6088
40.6349	75.3662	24.995
40.6349	86.1328	-2.26174
40.6349	96.8994	-24.5744
40.6349	107.666	-20.7899
40.6349	118.433	-20.1431
40.6349	129.199	-20.5211
40.6349	139.966	-21.1373
40.6349	150.732	-21.7979
40.6349	161.499	-22.4438
40.6349	172.266	-23.0562
40.6349	183.032	-23.6306
40.6349	193.799	-24.1671
40.6349	204.565	-24.6682
40.6349	215.332	-25.1365
40.6349	226.099	-25.5751
40.6349	236.865	-25.9865
40.6349	247.632	-26.373
40.6349	258.398	-26.7369
40.6349	269.165	-27.08
40.6349	279.932	-27.4039
40.6349	290.698	-27.7101
40.6349	301.465	-27.9999
40.6349	312.231	-28.2744
40.6349	322.998	-28.5346
40.6349	333.765	-28.7814
40.6349	344.531	-29.0156
40.6349	355.298	-29.238
40.6349	366.064	-29.4491
40.6349	376.831	-29.6495
40.6349	387.598	-29.8399
40.6349	398.364	-30.0205
40.6349	409.131	-30.1919
40.6349	419.897	-30.3544
40.6349	430.664	-30.5084
40.6349	441.431	-30.6542
40.6349	452.197	-30.7921
40.6349	462.964	-30.9224
40.6349	473.73	-31.0452
40.6349	484.497	-31.1609
40.6349	495.264	-31.2696
40.6349	506.03	-31.3716
40.6349	516.797	-31.4669
40.6349	527.563	-31.5557
40.6349	538.33	-31.6383
40.6349	549.097	-31.7146
40.6349	559.863	-31.7849
40.6349	570.63	-31.8491
40.6349	581.396	-31.9075
40.6349	592.163	-31.9601
40.6349	602.93	-32.0069
40.6349	613.696	-32.0481
40.6349	624.463	-32.0837
40.6349	635.229	-32.1138
40.6349	645.996	-32.1383
40.6349	656.763	-32.1573
40.6349	667.529	-32.1709
40.6349	678.296	-32.179
40.6349	689.062	-32.1817
40.6349	699.829	-32.179
40.6349	710.596	-32.1709
40.6349	721.362	-32.1573
40.6349	732.129	-32.1383
40.6349	742.896	-32.1138
40.6349	753.662	-32.0837
40.6349	764.429	-32.0481
40.6349	775.195	-32.0069
40.6349	785.962	-31.9601
40.6349	796.729	-31.9075
40.6349	807.495	-31.8491
40.6349	818.262	-31.7849
40.6349	829.028	-31.7146
40.6349	839.795	-31.6383
40.6349	850.562	-31.5557
40.6349	861.328	-31.4669
40.6349	872.095	-31.3716
40.6349	882.861	-31.2696
40.6349	893.628	-31.1609
40.6349	904.395	-31.0452
40.6349	915.161	-30.9224
40.6349	925.928	-30.7921
40.6349	936.694	-30.6542
40.6349	947.461	-30.5084
40.6349	958.228	-30.3544
40.6349	968.994	-30.1919
40.6349	979.761	-30.0205
40.6349	990.527	-29.8399
40.6349	1001.29	-29.6495
40.6349	1012.06	-29.4491
40.6349	1022.83	-29.238
40.6349	1033.59	-29.0156
40.6349	1044.36	-28.7814
40.6349	1055.13	-28.5346
40.6349	1065.89	-28.2744
40.6349	1076.66	-27.9999
40.6349	1087.43	-27.7101
40.6349	1098.19	-27.4039
40.6349	1108.96	-27.08
40.6349	1119.73	-26.7369
40.6349	1130.49	-26.373
40.6349	1141.26	-25.9865
40.6349	1152.03	-25.5751
40.6349	1162.79	-25.1365
40.6349	1173.56	-24.6682
40.6349	1184.33	-24.1671
40.6349	1195.09	-23.6306
40.6349	1205.86	-23.0562
40.6349	1216.63	-22.4438
40.6349	1227.39	-21.7979
40.6349	1238.16	-21.1373
40.6349	1248.93	-20.5211
40.6349	1259.69	-20.1431
40.6349	1270.46	-20.7899
40.6349	1281.23	-24.5744
40.6349	1291.99	-2.26174
40.6349	1302.76	24.995
40.6349	1313.53	30.6088
40.6349	1324.29	21.6941
40.6349	1335.06	-8.16484
40.6349	1345.83	-29.455
40.6349	1356.59	-23.4976
40.6349	1367.36	-23.3713
43.5374	0	-10.4027
43.5374	10.7666	-10.3441
43.5374	21.5332	-10.338
43.5374	32.2998	-11.4394
43.5374	43.0664	-18.3304
43.5374	53.833	11.5855
43.5374	64.5996	28.7848
43.5374	75.3662	29.147
43.5374	86.1328	13.4564
43.5374	96.8994	-14.3513
43.5374	107.666	-12.275
43.5374	118.433	-11.3208
43.5374	129.199	-11.8159
43.5374	139.966	-12.5889
43.5374	150.732	-13.3945
43.5374	161.499	-14.1659
43.5374	172.266	-14.8854
43.5374	183.032	-15.5509
43.5374	193.799	-16.1653
43.5374	204.565	-16.7333
43.5374	215.332	-17.2595
43.5374	226.099	-17.7483
43.5374	236.865	-18.2035
43.5374	247.632	-18.6286
43.5374	258.398	-19.0264
43.5374	269.165	-19.3996
43.5374	279.932	-19.7503
43.5374	290.698	-20.0804
43.5374	301.465	-20.3916
43.5374	312.231	-20.6854
43.5374	322.998	-20.9629
43.5374	333.765	-21.2255
43.5374	344.531	-21.4739
43.5374	355.298	-21.7092
43.5374	366.064	-21.9321
43.5374	376.831	-22.1433
43.5374	387.598	-22.3434
43.5374	398.364	-22.533
43.5374	409.131	-22.7126
43.5374	419.897	-22.8826
43.5374	430.664	-23.0436
43.5374	441.431	-23.1957
43.5374	452.197	-23.3395
43.5374	462.964	-23.4751
43.5374	473.73	-23.6029
43.5374	484.497	-23.7232
43.5374	495.264	-23.8361
43.5374	506.03	-23.9418
43.5374	516.797	-24.0407
43.5374	527.563	-24.1327
43.5374	538.33	-24.2182
43.5374	549.097	-24.2972
43.5374	559.863	-24.3698
43.5374	570.63	-24.4363
43.5374	581.396	-24.4966
43.5374	592.163	-24.5509
43.5374	602.93	-24.5993
43.5374	613.696	-24.6418
43.5374	624.463	-24.6786
43.5374	635.229	-24.7096
43.5374	645.996	-24.7349
43.5374	656.763	-24.7545
43.5374	667.529	-24.7685
43.5374	678.296	-24.7769
43.5374	689.062	-24.7797
43.5374	699.829	-24.7769
43.5374	710.596	-24.7685
43.5374	721.362	-24.7545
43.5374	732.129	-24.7349
43.5374	742.896	-24.7096
43.5374	753.662	-24.6786
43.5374	764.429	-24.6418
43.5374	775.195	-24.5993
43.5374	785.962	-24.5509
43.5374	796.729	-24.4966
43.5374	807.495	-24.4363
43.5374	818.262	-24.3698
43.5374	829.028	-24.2972
43.5374	839.795	-24.2182
43.5374	850.562	-24.1327
43.5374	861.328	-24.0407
43.5374	872.095	-23.9418
43.5374	882.861	-23.8361
43.5374	893.628	-23.7232
43.5374	904.395	-23.6029
43.5374	915.161	-23.4751
43.5374	925.928	-23.3395
43.5374	936.694	-23.1957
43.5374	947.461	-23.0436
43.5374	958.228	-22.8826
43.5374	968.994	-22.7126
43.5374	979.761	-22.533
43.5374	990.527	-22.3434
43.5374	1001.29	-22.1433
43.5374	1012.06	-21.9321
43.5374	1022.83	-21.7092
43.5374	1033.59	-21.4739
43.5374	1044.36	-21.2255
43.5374	1055.13	-20.9629
43.5374	1065.89	-20.6854
43.5374	1076.66	-20.3916
43.5374	1087.43	-20.0804
43.5374	1098.19	-19.7503
43.5374	1108.96	-19.3996
43.5374	1119.73	-19.0264
43.5374	1130.49	-18.6286
43.5374	1141.26	-18.2035
43.5374	1152.03	-17.7483
43.5374	1162.79	-17.2595
43.5374	1173.56	-16.7333
43.5374	1184.33	-16.1653
43.5374	1195.09	-15.5509
43.5374	1205.86	-14.8854
43.5374	1216.63	-14.1659
43.5374	1227.39	-13.3945
43.5374	1238.16	-12.5889
43.5374	1248.93	-11.8159
43.5374	1259.69	-11.3208
43.5374	1270.46	-12.275
43.5374	1281.23	-14.3513
43.5374	1291.99	13.4564
43.5374	1302.76	29.147
43.5374	1313.53	28.7848
43.5374	1324.29	11.5855
43.5374	1335.06	-18.3304
43.5374	1345.83	-11.4394
43.5374	1356.59	-10.338
43.5374	1367.36	-10.3441
46.4399	0	-30.1863
46.4399	10.7666	-30.1246
46.4399	21.5332	-29.9933
46.4399	32.2998	-29.3038
46.4399	43.0664	-21.5963
46.4399	53.833	-3.70542
46.4399	64.5996	24.2046
46.4399	75.3662	30.6794
46.4399	86.1328	22.5995
46.4399	96.8994	-6.73744
46.4399	107.666	-22.1782
46.4399	118.433	-24.4477
46.4399	129.199	-25.5843
46.4399	139.966	-26.7211
46.4399	150.732	-27.7786
46.4399	161.499	-28.7343
46.4399	172.266	-29.5928
46.4399	183.032	-30.3658
46.4399	193.799	-31.0651
46.4399	204.565	-31.7014
46.4399	215.332	-32.2832
46.4399	226.099	-32.818
46.4399	236.865	-33.3118
46.4399	247.632	-33.7694
46.4399	258.398	-34.1951
46.4399	269.165	-34.5921
46.4399	279.932	-34.9635
46.4399	290.698	-35.3117
46.4399	301.465	-35.6388
46.4399	312.231	-35.9465
46.4399	322.998	-36.2365
46.4399	333.765	-36.5101
46.4399	344.531	-36.7684
46.4399	355.298	-37.0126
46.4399	366.064	-37.2434
46.4399	376.831	-37.4618
46.4399	387.598	-37.6684
46.4399	398.364	-37.8639
46.4399	409.131	-38.0489
46.4399	419.897	-38.2238
46.4399	430.664	-38.3892
46.4399	441.431	-38.5454
46.4399	452.197	-38.6929
46.4399	462.964	-38.8319
46.4399	473.73	-38.9628
46.4399	484.497	-39.0859
46.4399	495.264	-39.2014
46.4399	506.03	-39.3095
46.4399	516.797	-39.4105
46.4399	527.563	-39.5046
46.4399	538.33	-39.5918
46.4399	549.097	-39.6724
46.4399	559.863	-39.7466
46.4399	570.63	-39.8144
46.4399	581.396	-39.8759
46.4399	592.163	-39.9312
46.4399	602.93	-39.9805
46.4399	613.696	-40.0239
46.4399	624.463	-40.0613
46.4399	635.229	-40.0929
46.4399	645.996	-40.1186
46.4399	656.763	-40.1387
46.4399	667.529	-40.1529
46.4399	678.296	-40.1615
46.4399	689.062	-40.1643
46.4399	699.829	-40.1615
46.4399	710.596	-40.1529
46.4399	721.362	-40.1387
46.4399	732.129	-40.1186
46.4399	742.896	-40.0929
46.4399	753.662	-40.0613
46.4399	764.429	-40.0239
46.4399	775.195	-39.9805
46.4399	785.962	-39.9312
46.4399	796.729	-39.8759
46.4399	807.495	-39.8144
46.4399	818.262	-39.7466
46.4399	829.028	-39.6724
46.4399	839.795	-39.5918
46.4399	850.562	-39.5046
46.4399	861.328	-39.4105
46.4399	872.095	-39.3095
46.4399	882.861	-39.2014
46.4399	893.628	-39.0859
46.4399	904.395	-38.9628
46.4399	915.161	-38.8319
46.4399	925.928	-38.6929
46.4399	936.694	-38.5454
46.4399	947.461	-38.3892
46.4399	958.228	-38.2238
46.4399	968.994	-38.0489
46.4399	979.761	-37.8639
46.4399	990.527	-37.6684
46.4399	1001.29	-37.4618
46.4399	1012.06	-37.2434
46.4399	1022.83	-37.0126
46.4399	1033.59	-36.7684
46.4399	1044.36	-36.5101
46.4399	1055.13	-36.2365
46.4399	1065.89	-35.9465
46.4399	1076.66	-35.6388
46.4399	1087.43	-35.3117
46.4399	1098.19	-34.9635
46.4399	1108.96	-34.5921
46.4399	1119.73	-34.1951
46.4399	1130.49	-33.7694
46.4399	1141.26	-33.3118
46.4399	1152.03	-32.818
46.4399	1162.79	-32.2832
46.4399	1173.56	-31.7014
46.4399	1184.33	-31.0651
46.4399	1195.09	-30.3658
46.4399	1205.86	-29.5928
46.4399	1216.63	-28.7343
46.4399	1227.39	-27.7786
46.4399	1238.16	-26.7211
46.4399	1248.93	-25.5843
46.4399	1259.69	-24.4477
46.4399	1270.46	-22.1782
46.4399	1281.23	-6.73744
46.4399	1291.99	22.5995
46.4399	1302.76	30.6794
46.4399	1313.53	24.2046
46.4399	1324.29	-3.70542
46.4399	1335.06	-21.5963
46.4399	1345.83	-29.3038
46.4399	1356.59	-29.9933
46.4399	1367.36	-30.1246
49.3424	0	-8.79341
49.3424	10.7666	-8.73337
49.3424	21.5332	-8.59451
49.3424	32.2998	-8.58946
49.3424	43.0664	-9.8232
49.3424	53.833	-20.055
49.3424	64.5996	15.9311
49.3424	75.3662	29.7881
49.3424	86.1328	27.8951
49.3424	96.8994	8.69014
49.3424	107.666	-16.5248
49.3424	118.433	-17.6935
49.3424	129.199	-16.3156
49.3424	139.966	-16.9359
49.3424	150.732	-17.9783
49.3424	161.499	-19.1079
49.3424	172.266	-20.2254
49.3424	183.032	-21.2981
49.3424	193.799	-22.3162
49.3424	204.565	-23.2785
49.3424	215.332	-24.1871
49.3424	226.099	-25.0455
49.3424	236.865	-25.8572
49.3424	247.632	-26.6257
49.3424	258.398	-27.3545
49.3424	269.165	-28.0464
49.3424	279.932	-28.704
49.3424	290.698	-29.3299
49.3424	301.465	-29.926
49.3424	312.231	-30.4943
49.3424	322.998	-31.0365
49.3424	333.765	-31.554
49.3424	344.531	-32.0481
49.3424	355.298	-32.5201
49.3424	366.064	-32.9709
49.3424	376.831	-33.4016
49.3424	387.598	-33.8129
49.3424	398.364	-34.2056
49.3424	409.131	-34.5805
49.3424	419.897	-34.938
49.3424	430.664	-35.2787
49.3424	441.431	-35.6032
49.3424	452.197	-35.9117
49.3424	462.964	-36.2048
49.3424	473.73	-36.4827
49.3424	484.497	-36.7457
49.3424	495.264	-36.9942
49.3424	506.03	-37.2283
49.3424	516.797	-37.4482
49.3424	527.563	-37.6542
49.3424	538.33	-37.8463
49.3424	549.097	-38.0247
49.3424	559.863	-38.1896
49.3424	570.63	-38.341
49.3424	581.396	-38.4789
49.3424	592.163	-38.6036
49.3424	602.93	-38.715
49.3424	613.696	-38.8132
49.3424	624.463	-38.8983
49.3424	635.229	-38.9701
49.3424	645.996	-39.029
49.3424	656.763	-39.0746
49.3424	667.529	-39.1073
49.3424	678.296	-39.1269
49.3424	689.062	-39.1334
49.3424	699.829	-39.1269
49.3424	710.596	-39.1073
49.3424	721.362	-39.0746
49.3424	732.129	-39.029
49.3424	742.896	-38.9701
49.3424	753.662	-38.8983
49.3424	764.429	-38.8132
49.3424	775.195	-38.715
49.3424	785.962	-38.6036
49.3424	796.729	-38.4789
49.3424	807.495	-38.341
49.3424	818.262	-38.1896
49.3424	829.028	-38.0247
49.3424	839.795	-37.8463
49.3424	850.562	-37.6542
49.3424	861.328	-37.4482
49.3424	872.095	-37.2283
49.3424	882.861	-36.9942
49.3424	893.628	-36.7457
49.3424	904.395	-36.4827
49.3424	915.161	-36.2048
49.3424	925.928	-35.9117
49.3424	936.694	-35.6032
49.3424	947.461	-35.2787
49.3424	958.228	-34.938
49.3424	968.994	-34.5805
49.3424	979.761	-34.2056
49.3424	990.527	-33.8129
49.3424	1001.29	-33.4016
49.3424	1012.06	-32.9709
49.3424	1022.83	-32.5201
49.3424	1033.59	-32.0481
49.3424	1044.36	-31.554
49.3424	1055.13	-31.0365
49.3424	1065.89	-30.4943
49.3424	1076.66	-29.926
49.3424	1087.43	-29.3299
49.3424	1098.19	-28.704
49.3424	1108.96	-28.0464
49.3424	1119.73	-27.3545
49.3424	1130.49	-26.6257
49.3424	1141.26	-25.8572
49.3424	1152.03	-25.0455
49.3424	1162.79	-24.1871
49.3424	1173.56	-23.2785
49.3424	1184.33	-22.3162
49.3424	1195.09	-21.2981
49.3424	1205.86	-20.2254
49.3424	1216.63	-19.1079
49.3424	1227.39	-17.9783
49.3424	1238.16	-16.9359
49.3424	1248.93	-16.3156
49.3424	1259.69	-17.6935
49.3424	1270.46	-16.5248
49.3424	1281.23	8.69014
49.3424	1291.99	27.8951
49.3424	1302.76	29.7881
49.3424	1313.53	15.9311
49.3424	1324.29	-20.055
49.3424	1335.06	-9.8232
49.3424	1345.83	-8.58946
49.3424	1356.59	-8.59451
49.3424	1367.36	-8.73337
52.2449	0	-14.7219
52.2449	10.7666	-14.6549
52.2449	21.5332	-14.4947
52.2449	32.2998	-14.4344
52.2449	43.0664	-15.324
52.2449	53.833	-26.8998
52.2449	64.5996	1.86761
52.2449	75.3662	26.2871
52.2449	86.1328	30.3891
52.2449	96.8994	19.7339
52.2449	107.666	-10.1523
52.2449	118.433	-18.63
52.2449	129.199	-16.0283
52.2449	139.966	-16.4076
52.2449	150.732	-17.2456
52.2449	161.499	-18.1483
52.2449	172.266	-19.0175
52.2449	183.032	-19.8273
52.2449	193.799	-20.5737
52.2449	204.565	-21.26
52.2449	215.332	-21.8915
52.2449	226.099	-22.4738
52.2449	236.865	-23.0121
52.2449	247.632	-23.5112
52.2449	258.398	-23.975
52.2449	269.165	-24.4073
52.2449	279.932	-24.811
52.2449	290.698	-25.1888
52.2449	301.465	-25.543
52.2449	312.231	-25.8757
52.2449	322.998	-26.1885
52.2449	333.765	-26.4831
52.2449	344.531	-26.7607
52.2449	355.298	-27.0226
52.2449	366.064	-27.2698
52.2449	376.831	-27.5032
52.2449	387.598	-27.7237
52.2449	398.364	-27.932
52.2449	409.131	-28.1288
52.2449	419.897	-28.3147
52.2449	430.664	-28.4902
52.2449	441.431	-28.6557
52.2449	452.197	-28.8118
52.2449	462.964	-28.9588
52.2449	473.73	-29.097
52.2449	484.497	-29.2269
52.2449	495.264	-29.3486
52.2449	506.03	-29.4625
52.2449	516.797	-29.5688
52.2449	527.563	-29.6676
52.2449	538.33	-29.7593
52.2449	549.097	-29.844
52.2449	559.863	-29.9218
52.2449	570.63	-29.9929
52.2449	581.396	-30.0574
52.2449	592.163	-30.1154
52.2449	602.93	-30.1671
52.2449	613.696	-30.2125
52.2449	624.463	-30.2517
52.2449	635.229	-30.2847
52.2449	645.996	-30.3117
52.2449	656.763	-30.3326
52.2449	667.529	-30.3475
52.2449	678.296	-30.3565
52.2449	689.062	-30.3594
52.2449	699.829	-30.3565
52.2449	710.596	-30.3475
52.2449	721.362	-30.3326
52.2449	732.129	-30.3117
52.2449	742.896	-30.2847
52.2449	753.662	-30.2517
52.2449	764.429	-30.2125
52.2449	775.195	-30.1671
52.2449	785.962	-30.1154
52.2449	796.729	-30.0574
52.2449	807.495	-29.9929
52.2449	818.262	-29.9218
52.2449	829.028	-29.844
52.2449	839.795	-29.7593
52.2449	850.562	-29.6676
52.2449	861.328	-29.5688
52.2449	872.095	-29.4625
52.2449	882.861	-29.3486
52.2449	893.628	-29.2269
52.2449	904.395	-29.097
52.2449	915.161	-28.9588
52.2449	925.928	-28.8118
52.2449	936.694	-28.6557
52.2449	947.461	-28.4902
52.2449	958.228	-28.3147
52.2449	968.994	-28.1288
52.2449	979.761	-27.932
52.2449	990.527	-27.7237
52.2449	1001.29	-27.5032
52.2449	1012.06	-27.2698
52.2449	1022.83	-27.0226
52.2449	1033.59	-26.7607
52.2449	1044.36	-26.4831
52.2449	1055.13	-26.1885
52.2449	1065.89	-25.8757
52.2449	1076.66	-25.543
52.2449	1087.43	-25.1888
52.2449	1098.19	-24.811
52.2449	1108.96	-24.4073
52.2449	1119.73	-23.975
52.2449	1130.49	-23.5112
52.2449	1141.26	-23.0121
52.2449	1152.03	-22.4738
52.2449	1162.79	-21.8915
52.2449	1173.56	-21.26
52.2449	1184.33	-20.5737
52.2449	1195.09	-19.8273
52.2449	1205.86	-19.0175
52.2449	1216.63	-18.1483
52.2449	1227.39	-17.2456
52.2449	1238.16	-16.4076
52.2449	1248.93	-16.0283
52.2449	1259.69	-18.63
52.2449	1270.46	-10.1523
52.2449	1281.23	19.7339
52.2449	1291.99	30.3891
52.2449	1302.76	26.2871
52.2449	1313.53	1.86761
52.2449	1324.29	-26.8998
52.2449	1335.06	-15.324
52.2449	1345.83	-14.4344
52.2449	1356.59	-14.4947
52.2449	1367.36	-14.6549
55.1474	0	-14.9458
55.1474	10.7666	-14.8436
55.1474	21.5332	-14.5539
55.1474	32.2998	-14.1518
55.1474	43.0664	-13.9101
55.1474	53.833	-15.1039
55.1474	64.5996	-9.23856
55.1474	75.3662	19.5981
55.1474	86.1328	30.3967
55.1474	96.8994	26.2953
55.1474	107.666	2.79596
55.1474	118.433	-17.422
55.1474	129.199	-17.2226
55.1474	139.966	-16.8908
55.1474	150.732	-17.4551
55.1474	161.499	-18.2308
55.1474	172.266	-19.0307
55.1474	183.032	-19.7979
55.1474	193.799	-20.5157
55.1474	204.565	-21.1813
55.1474	215.332	-21.7971
55.1474	226.099	-22.3668
55.1474	236.865	-22.8949
55.1474	247.632	-23.3853
55.1474	258.398	-23.8418
55.1474	269.165	-24.2676
55.1474	279.932	-24.6657
55.1474	290.698	-25.0386
55.1474	301.465	-25.3883
55.1474	312.231	-25.717
55.1474	322.998	-26.0263
55.1474	333.765	-26.3176
55.1474	344.531	-26.5923
55.1474	355.298	-26.8515
55.1474	366.064	-27.0962
55.1474	376.831	-27.3274
55.1474	387.598	-27.5459
55.1474	398.364	-27.7523
55.1474	409.131	-27.9474
55.1474	419.897	-28.1316
55.1474	430.664	-28.3056
55.1474	441.431	-28.4698
55.1474	452.197	-28.6246
55.1474	462.964	-28.7705
55.1474	473.73	-28.9077
55.1474	484.497	-29.0365
55.1474	495.264	-29.1573
55.1474	506.03	-29.2704
55.1474	516.797	-29.3759
55.1474	527.563	-29.4741
55.1474	538.33	-29.5651
55.1474	549.097	-29.6492
55.1474	559.863	-29.7265
55.1474	570.63	-29.7971
55.1474	581.396	-29.8612
55.1474	592.163	-29.9188
55.1474	602.93	-29.9702
55.1474	613.696	-30.0153
55.1474	624.463	-30.0542
55.1474	635.229	-30.087
55.1474	645.996	-30.1138
55.1474	656.763	-30.1346
55.1474	667.529	-30.1494
55.1474	678.296	-30.1583
55.1474	689.062	-30.1613
55.1474	699.829	-30.1583
55.1474	710.596	-30.1494
55.1474	721.362	-30.1346
55.1474	732.129	-30.1138
55.1474	742.896	-30.087
55.1474	753.662	-30.0542
55.1474	764.429	-30.0153
55.1474	775.195	-29.9702
55.1474	785.962	-29.9188
55.1474	796.729	-29.8612
55.1474	807.495	-29.7971
55.1474	818.262	-29.7265
55.1474	829.028	-29.6492
55.1474	839.795	-29.5651
55.1474	850.562	-29.4741
55.1474	861.328	-29.3759
55.1474	872.095	-29.2704
55.1474	882.861	-29.1573
55.1474	893.628	-29.0365
55.1474	904.395	-28.9077
55.1474	915.161	-28.7705
55.1474	925.928	-28.6246
55.1474	936.694	-28.4698
55.1474	947.461	-28.3056
55.1474	958.228	-28.1316
55.1474	968.994	-27.9474
55.1474	979.761	-27.7523
55.1474	990.527	-27.5459
55.1474	1001.29	-27.3274
55.1474	1012.06	-27.0962
55.1474	1022.83	-26.8515
55.1474	1033.59	-26.5923
55.1474	1044.36	-26.3176
55.1474	1055.13	-26.0263
55.1474	1065.89	-25.717
55.1474	1076.66	-25.3883
55.1474	1087.43	-25.0386
55.1474	1098.19	-24.6657
55.1474	1108.96	-24.2676
55.1474	1119.73	-23.8418
55.1474	1130.49	-23.3853
55.1474	1141.26	-22.8949
55.1474	1152.03	-22.3668
55.1474	1162.79	-21.7971
55.1474	1173.56	-21.1813
55.1474	1184.33	-20.5157
55.1474	1195.09	-19.7979
55.1474	1205.86	-19.0307
55.1474	1216.63	-18.2308
55.1474	1227.39	-17.4551
55.1474	1238.16	-16.8908
55.1474	1248.93	-17.2226
55.1474	1259.69	-17.422
55.1474	1270.46	2.79596
55.1474	1281.23	26.2953
55.1474	1291.99	30.3967
55.1474	1302.76	19.5981
55.1474	1313.53	-9.23856
55.1474	1324.29	-15.1039
55.1474	1335.06	-13.9101
55.1474	1345.83	-14.1518
55.1474	1356.59	-14.5539
55.1474	1367.36	-14.8436
58.0499	0	-10.0705
58.0499	10.7666	-10.0081
58.0499	21.5332	-9.83225
58.0499	32.2998	-9.59289
58.0499	43.0664	-9.46826
58.0499	53.833	-10.2595
58.0499	64.5996	-21.0098
58.0499	75.3662	7.99797
58.0499	86.1328	27.9317
58.0499	96.8994	29.7511
58.0499	107.666	16.269
58.0499	118.433	-11.1579
58.0499	129.199	-17.8186
58.0499	139.966	-15.3333
58.0499	150.732	-15.8429
58.0499	161.499	-16.8752
58.0499	172.266	-18.0098
58.0499	183.032	-19.1321
58.0499	193.799	-20.2064
58.0499	204.565	-21.2229
58.0499	215.332	-22.1808
58.0499	226.099	-23.083
58.0499	236.865	-23.9332
58.0499	247.632	-24.7356
58.0499	258.398	-25.4939
58.0499	269.165	-26.2116
58.0499	279.932	-26.892
58.0499	290.698	-27.5377
58.0499	301.465	-28.1514
58.0499	312.231	-28.7351
58.0499	322.998	-29.2908
58.0499	333.765	-29.8202
58.0499	344.531	-30.3249
58.0499	355.298	-30.8061
58.0499	366.064	-31.2652
58.0499	376.831	-31.703
58.0499	387.598	-32.1207
58.0499	398.364	-32.5189
58.0499	409.131	-32.8986
58.0499	419.897	-33.2603
58.0499	430.664	-33.6047
58.0499	441.431	-33.9324
58.0499	452.197	-34.2436
58.0499	462.964	-34.539
58.0499	473.73	-34.8189
58.0499	484.497	-35.0836
58.0499	495.264	-35.3334
58.0499	506.03	-35.5686
58.0499	516.797	-35.7894
58.0499	527.563	-35.9961
58.0499	538.33	-36.1888
58.0499	549.097	-36.3676
58.0499	559.863	-36.5327
58.0499	570.63	-36.6843
58.0499	581.396	-36.8224
58.0499	592.163	-36.9472
58.0499	602.93	-37.0586
58.0499	613.696	-37.1567
58.0499	624.463	-37.2417
58.0499	635.229	-37.3136
58.0499	645.996	-37.3723
58.0499	656.763	-37.418
58.0499	667.529	-37.4506
58.0499	678.296	-37.4701
58.0499	689.062	-37.4767
58.0499	699.829	-37.4701
58.0499	710.596	-37.4506
58.0499	721.362	-37.418
58.0499	732.129	-37.3723
58.0499	742.896	-37.3136
58.0499	753.662	-37.2417
58.0499	764.429	-37.1567
58.0499	775.195	-37.0586
58.0499	785.962	-36.9472
58.0499	796.729	-36.8224
58.0499	807.495	-36.6843
58.0499	818.262	-36.5327
58.0499	829.028	-36.3676
58.0499	839.795	-36.1888
58.0499	850.562	-35.9961
58.0499	861.328	-35.7894
58.0499	872.095	-35.5686
58.0499	882.861	-35.3334
58.0499	893.628	-35.0836
58.0499	904.395	-34.8189
58.0499	915.161	-34.539
58.0499	925.928	-34.2436
58.0499	936.694	-33.9324
58.0499	947.461	-33.6047
58.0499	958.228	-33.2603
58.0499	968.994	-32.8986
58.0499	979.761	-32.5189
58.0499	990.527	-32.1207
58.0499	1001.29	-31.703
58.0499	1012.06	-31.2652
58.0499	1022.83	-30.8061
58.0499	1033.59	-30.3249
58.0499	1044.36	-29.8202
58.0499	1055.13	-29.2908
58.0499	1065.89	-28.7351
58.0499	1076.66	-28.1514
58.0499	1087.43	-27.5377
58.0499	1098.19	-26.892
58.0499	1108.96	-26.2116
58.0499	1119.73	-25.4939
58.0499	1130.49	-24.7356
58.0499	1141.26	-23.9332
58.0499	1152.03	-23.083
58.0499	1162.79	-22.1808
58.0499	1173.56	-21.2229
58.0499	1184.33	-20.2064
58.0499	1195.09	-19.1321
58.0499	1205.86	-18.0098
58.0499	1216.63	-16.8752
58.0499	1227.39	-15.8429
58.0499	1238.16	-15.3333
58.0499	1248.93	-17.8186
58.0499	1259.69	-11.1579
58.0499	1270.46	16.269
58.0499	1281.23	29.7511
58.0499	1291.99	27.9317
58.0499	1302.76	7.99797
58.0499	1313.53	-21.0098
58.0499	1324.29	-10.2595
58.0499	1335.06	-9.46826
58.0499	1345.83	-9.59289
58.0499	1356.59	-9.83225
58.0499	1367.36	-10.0081
60.9524	0	-26.2575
60.9524	10.7666	-26.1405
60.9524	21.5332	-25.7985
60.9524	32.2998	-25.2679
60.9524	43.0664	-24.6662
60.9524	53.833	-24.4236
60.9524	64.5996	-25.2591
60.9524	75.3662	-7.38917
60.9524	86.1328	22.5556
60.9524	96.8994	30.6739
60.9524	107.666	24.2593
60.9524	118.433	-4.05796
60.9524	129.199	-26.286
60.9524	139.966	-31.039
60.9524	150.732	-28.7726
60.9524	161.499	-28.733
60.9524	172.266	-29.2112
60.9524	183.032	-29.8261
60.9524	193.799	-30.4627
60.9524	204.565	-31.081
60.9524	215.332	-31.6671
60.9524	226.099	-32.2172
60.9524	236.865	-32.7315
60.9524	247.632	-33.2118
60.9524	258.398	-33.6607
60.9524	269.165	-34.0805
60.9524	279.932	-34.4738
60.9524	290.698	-34.8426
60.9524	301.465	-35.189
60.9524	312.231	-35.5148
60.9524	322.998	-35.8215
60.9524	333.765	-36.1106
60.9524	344.531	-36.3833
60.9524	355.298	-36.6408
60.9524	366.064	-36.8839
60.9524	376.831	-37.1137
60.9524	387.598	-37.3308
60.9524	398.364	-37.5361
60.9524	409.131	-37.73
60.9524	419.897	-37.9133
60.9524	430.664	-38.0864
60.9524	441.431	-38.2497
60.9524	452.197	-38.4037
60.9524	462.964	-38.5489
60.9524	473.73	-38.6854
60.9524	484.497	-38.8137
60.9524	495.264	-38.9339
60.9524	506.03	-39.0465
60.9524	516.797	-39.1515
60.9524	527.563	-39.2493
60.9524	538.33	-39.3399
60.9524	549.097	-39.4237
60.9524	559.863	-39.5006
60.9524	570.63	-39.5709
60.9524	581.396	-39.6347
60.9524	592.163	-39.6921
60.9524	602.93	-39.7433
60.9524	613.696	-39.7882
60.9524	624.463	-39.8269
60.9524	635.229	-39.8596
60.9524	645.996	-39.8863
60.9524	656.763	-39.907
60.9524	667.529	-39.9218
60.9524	678.296	-39.9307
60.9524	689.062	-39.9336
60.9524	699.829	-39.9307
60.9524	710.596	-39.9218
60.9524	721.362	-39.907
60.9524	732.129	-39.8863
60.9524	742.896	-39.8596
60.9524	753.662	-39.8269
60.9524	764.429	-39.7882
60.9524	775.195	-39.7433
60.9524	785.962	-39.6921
60.9524	796.729	-39.6347
60.9524	807.495	-39.5709
60.9524	818.262	-39.5006
60.9524	829.028	-39.4237
60.9524	839.795	-39.3399
60.9524	850.562	-39.2493
60.9524	861.328	-39.1515
60.9524	872.095	-39.0465
60.9524	882.861	-38.9339
60.9524	893.628	-38.8137
60.9524	904.395	-38.6854
60.9524	915.161	-38.5489
60.9524	925.928	-38.4037
60.9524	936.694	-38.2497
60.9524	947.461	-38.0864
60.9524	958.228	-37.9133
60.9524	968.994	-37.73
60.9524	979.761	-37.5361
60.9524	990.527	-37.3308
60.9524	1001.29	-37.1137
60.9524	1012.06	-36.8839
60.9524	1022.83	-36.6408
60.9524	1033.59	-36.3833
60.9524	1044.36	-36.1106
60.9524	1055.13	-35.8215
60.9524	1065.89	-35.5148
60.9524	1076.66	-35.189
60.9524	1087.43	-34.8426
60.9524	1098.19	-34.4738
60.9524	1108.96	-34.0805
60.9524	1119.73	-33.6607
60.9524	1130.49	-33.2118
60.9524	1141.26	-32.7315
60.9524	1152.03	-32.2172
60.9524	1162.79	-31.6671
60.9524	1173.56	-31.081
60.9524	1184.33	-30.4627
60.9524	1195.09	-29.8261
60.9524	1205.86	-29.2112
60.9524	1216.63	-28.733
60.9524	1227.39	-28.7726
60.9524	1238.16	-31.039
60.9524	1248.93	-26.286
60.9524	1259.69	-4.05796
60.9524	1270.46	24.2593
60.9524	1281.23	30.6739
60.9524	1291.99	22.5556
60.9524	1302.76	-7.38917
60.9524	1313.53	-25.2591
60.9524	1324.29	-24.4236
60.9524	1335.06	-24.6662
60.9524	1345.83	-25.2679
60.9524	1356.59	-25.7985
60.9524	1367.36	-26.1405
63.8549	0	-13.5471
63.8549	10.7666	-13.4385
63.8549	21.5332	-13.1225
63.8549	32.2998	-12.6348
63.8549	43.0664	-12.069
63.8549	53.833	-11.7137
63.8549	64.5996	-12.9108
63.8549	75.3662	-16.6622
63.8549	86.1328	13.1938
63.8549	96.8994	29.139
63.8549	107.666	28.7938
63.8549	118.433	11.9223
63.8549	129.199	-16.111
63.8549	139.966	-12.159
63.8549	150.732	-11.2941
63.8549	161.499	-11.7934
63.8549	172.266	-12.5573
63.8549	183.032	-13.3514
63.8549	193.799	-14.1112
63.8549	204.565	-14.8193
63.8549	215.332	-15.4735
63.8549	226.099	-16.0768
63.8549	236.865	-16.6336
63.8549	247.632	-17.1486
63.8549	258.398	-17.6259
63.8549	269.165	-18.0696
63.8549	279.932	-18.483
63.8549	290.698	-18.869
63.8549	301.465	-19.2302
63.8549	312.231	-19.5688
63.8549	322.998	-19.8867
63.8549	333.765	-20.1856
63.8549	344.531	-20.467
63.8549	355.298	-20.7321
63.8549	366.064	-20.9821
63.8549	376.831	-21.2179
63.8549	387.598	-21.4405
63.8549	398.364	-21.6506
63.8549	409.131	-21.849
63.8549	419.897	-22.0363
63.8549	430.664	-22.213
63.8549	441.431	-22.3796
63.8549	452.197	-22.5366
63.8549	462.964	-22.6845
63.8549	473.73	-22.8235
63.8549	484.497	-22.954
63.8549	495.264	-23.0763
63.8549	506.03	-23.1907
63.8549	516.797	-23.2974
63.8549	527.563	-23.3967
63.8549	538.33	-23.4887
63.8549	549.097	-23.5737
63.8549	559.863	-23.6518
63.8549	570.63	-23.7232
63.8549	581.396	-23.7879
63.8549	592.163	-23.8461
63.8549	602.93	-23.8979
63.8549	613.696	-23.9435
63.8549	624.463	-23.9828
63.8549	635.229	-24.0159
63.8549	645.996	-24.0429
63.8549	656.763	-24.0639
63.8549	667.529	-24.0789
63.8549	678.296	-24.0879
63.8549	689.062	-24.0909
63.8549	699.829	-24.0879
63.8549	710.596	-24.0789
63.8549	721.362	-24.0639
63.8549	732.129	-24.0429
63.8549	742.896	-24.0159
63.8549	753.662	-23.9828
63.8549	764.429	-23.9435
63.8549	775.195	-23.8979
63.8549	785.962	-23.8461
63.8549	796.729	-23.7879
63.8549	807.495	-23.7232
63.8549	818.262	-23.6518
63.8549	829.028	-23.5737
63.8549	839.795	-23.4887
63.8549	850.562	-23.3967
63.8549	861.328	-23.2974
63.8549	872.095	-23.1907
63.8549	882.861	-23.0763
63.8549	893.628	-22.954
63.8549	904.395	-22.8235
63.8549	915.161	-22.6845
63.8549	925.928	-22.5366
63.8549	936.694	-22.3796
63.8549	947.461	-22.213
63.8549	958.228	-22.0363
63.8549	968.994	-21.849
63.8549	979.761	-21.6506
63.8549	990.527	-21.4405
63.8549	1001.29	-21.2179
63.8549	1012.06	-20.9821
63.8549	1022.83	-20.7321
63.8549	1033.59	-20.467
63.8549	1044.36	-20.1856
63.8549	1055.13	-19.8867
63.8549	1065.89	-19.5688
63.8549	1076.66	-19.2302
63.8549	1087.43	-18.869
63.8549	1098.19	-18.483
63.8549	1108.96	-18.0696
63.8549	1119.73	-17.6259
63.8549	1130.49	-17.1486
63.8549	1141.26	-16.6336
63.8549	1152.03	-16.0768
63.8549	1162.79	-15.4735
63.8549	1173.56	-14.8193
63.8549	1184.33	-14.1112
63.8549	1195.09	-13.3514
63.8549	1205.86	-12.5573
63.8549	1216.63	-11.7934
63.8549	1227.39	-11.2941
63.8549	1238.16	-12.159
63.8549	1248.93	-16.111
63.8549	1259.69	11.9223
63.8549	1270.46	28.7938
63.8549	1281.23	29.139
63.8549	1291.99	13.1938
63.8549	1302.76	-16.6622
63.8549	1313.53	-12.9108
63.8549	1324.29	-11.7137
63.8549	1335.06	-12.069
63.8549	1345.83	-12.6348
63.8549	1356.59	-13.1225
63.8549	1367.36	-13.4385
66.7574	0	-28.4249
66.7574	10.7666	-28.2328
66.7574	21.5332	-27.6943
66.7574	32.2998	-26.9113
66.7574	43.0664	-26.0421
66.7574	53.833	-25.3608
66.7574	64.5996	-25.3515
66.7574	75.3662	-20.5938
66.7574	86.1328	-1.73245
66.7574	96.8994	24.922
66.7574	107.666	30.6287
66.7574	118.433	21.7042
66.7574	129.199	-7.87811
66.7574	139.966	-19.7477
66.7574	150.732	-19.2805
66.7574	161.499	-19.9081
66.7574	172.266	-20.7863
66.7574	183.032	-21.6661
66.7574	193.799	-22.4877
66.7574	204.565	-23.2401
66.7574	215.332	-23.9263
66.7574	226.099	-24.5529
66.7574	236.865	-25.1266
66.7574	247.632	-25.6541
66.7574	258.398	-26.1407
66.7574	269.165	-26.5912
66.7574	279.932	-27.0096
66.7574	290.698	-27.3992
66.7574	301.465	-27.7631
66.7574	312.231	-28.1036
66.7574	322.998	-28.4228
66.7574	333.765	-28.7226
66.7574	344.531	-29.0045
66.7574	355.298	-29.2699
66.7574	366.064	-29.5199
66.7574	376.831	-29.7557
66.7574	387.598	-29.9781
66.7574	398.364	-30.188
66.7574	409.131	-30.3861
66.7574	419.897	-30.573
66.7574	430.664	-30.7493
66.7574	441.431	-30.9155
66.7574	452.197	-31.0722
66.7574	462.964	-31.2196
66.7574	473.73	-31.3582
66.7574	484.497	-31.4883
66.7574	495.264	-31.6103
66.7574	506.03	-31.7243
66.7574	516.797	-31.8307
66.7574	527.563	-31.9296
66.7574	538.33	-32.0214
66.7574	549.097	-32.1061
66.7574	559.863	-32.1839
66.7574	570.63	-32.255
66.7574	581.396	-32.3195
66.7574	592.163	-32.3775
66.7574	602.93	-32.4292
66.7574	613.696	-32.4745
66.7574	624.463	-32.5137
66.7574	635.229	-32.5467
66.7574	645.996	-32.5737
66.7574	656.763	-32.5946
66.7574	667.529	-32.6095
66.7574	678.296	-32.6184
66.7574	689.062	-32.6214
66.7574	699.829	-32.6184
66.7574	710.596	-32.6095
66.7574	721.362	-32.5946
66.7574	732.129	-32.5737
66.7574	742.896	-32.5467
66.7574	753.662	-32.5137
66.7574	764.429	-32.4745
66.7574	775.195	-32.4292
66.7574	785.962	-32.3775
66.7574	796.729	-32.3195
66.7574	807.495	-32.255
66.7574	818.262	-32.1839
66.7574	829.028	-32.1061
66.7574	839.795	-32.0214
66.7574	850.562	-31.9296
66.7574	861.328	-31.8307
66.7574	872.095	-31.7243
66.7574	882.861	-31.6103
66.7574	893.628	-31.4883
66.7574	904.395	-31.3582
66.7574	915.161	-31.2196
66.7574	925.928	-31.0722
66.7574	936.694	-30.9155
66.7574	947.461	-30.7493
66.7574	958.228	-30.573
66.7574	968.994	-30.3861
66.7574	979.761	-30.188
66.7574	990.527	-29.9781
66.7574	1001.29	-29.7557
66.7574	1012.06	-29.5199
66.7574	1022.83	-29.2699
66.7574	1033.59	-29.0045
66.7574	1044.36	-28.7226
66.7574	1055.13	-28.4228
66.7574	1065.89	-28.1036
66.7574	1076.66	-27.7631
66.7574	1087.43	-27.3992
66.7574	1098.19	-27.0096
66.7574	1108.96	-26.5912
66.7574	1119.73	-26.1407
66.7574	1130.49	-25.6541
66.7574	1141.26	-25.1266
66.7574	1152.03	-24.5529
66.7574	1162.79	-23.9263
66.7574	1173.56	-23.2401
66.7574	1184.33	-22.4877
66.7574	1195.09	-21.6661
66.7574	1205.86	-20.7863
66.7574	1216.63	-19.9081
66.7574	1227.39	-19.2805
66.7574	1238.16	-19.7477
66.7574	1248.93	-7.87811
66.7574	1259.69	21.7042
66.7574	1270.46	30.6287
66.7574	1281.23	24.922
66.7574	1291.99	-1.73245
66.7574	1302.76	-20.5938
66.7574	1313.53	-25.3515
66.7574	1324.29	-25.3608
66.7574	1335.06	-26.0421
66.7574	1345.83	-26.9113
66.7574	1356.59	-27.6943
66.7574	1367.36	-28.2328
69.6599	0	-12.581
69.6599	10.7666	-12.5165
69.6599	21.5332	-12.3243
69.6599	32.2998	-12.0105
69.6599	43.0664	-11.5966
69.6599	53.833	-11.1549
69.6599	64.5996	-10.957
69.6599	75.3662	-12.4688
69.6599	86.1328	-14.662
69.6599	96.8994	17.2966
69.6599	107.666	30.0109
69.6599	118.433	27.4351
69.6599	129.199	6.57032
69.6599	139.966	-25.2607
69.6599	150.732	-16.2871
69.6599	161.499	-15.2079
69.6599	172.266	-15.7635
69.6599	183.032	-16.6495
69.6599	193.799	-17.5893
69.6599	204.565	-18.5028
69.6599	215.332	-19.3648
69.6599	226.099	-20.1693
69.6599	236.865	-20.9173
69.6599	247.632	-21.612
69.6599	258.398	-22.2576
69.6599	269.165	-22.8583
69.6599	279.932	-23.418
69.6599	290.698	-23.9402
69.6599	301.465	-24.4283
69.6599	312.231	-24.8849
69.6599	322.998	-25.3127
69.6599	333.765	-25.714
69.6599	344.531	-26.0907
69.6599	355.298	-26.4447
69.6599	366.064	-26.7774
69.6599	376.831	-27.0904
69.6599	387.598	-27.385
69.6599	398.364	-27.6622
69.6599	409.131	-27.9231
69.6599	419.897	-28.1686
69.6599	430.664	-28.3997
69.6599	441.431	-28.6169
69.6599	452.197	-28.821
69.6599	462.964	-29.0127
69.6599	473.73	-29.1924
69.6599	484.497	-29.3608
69.6599	495.264	-29.5182
69.6599	506.03	-29.6651
69.6599	516.797	-29.8018
69.6599	527.563	-29.9287
69.6599	538.33	-30.0462
69.6599	549.097	-30.1544
69.6599	559.863	-30.2537
69.6599	570.63	-30.3443
69.6599	581.396	-30.4264
69.6599	592.163	-30.5001
69.6599	602.93	-30.5657
69.6599	613.696	-30.6232
69.6599	624.463	-30.6728
69.6599	635.229	-30.7146
69.6599	645.996	-30.7487
69.6599	656.763	-30.7751
69.6599	667.529	-30.794
69.6599	678.296	-30.8053
69.6599	689.062	-30.8091
69.6599	699.829	-30.8053
69.6599	710.596	-30.794
69.6599	721.362	-30.7751
69.6599	732.129	-30.7487
69.6599	742.896	-30.7146
69.6599	753.662	-30.6728
69.6599	764.429	-30.6232
69.6599	775.195	-30.5657
69.6599	785.962	-30.5001
69.6599	796.729	-30.4264
69.6599	807.495	-30.3443
69.6599	818.262	-30.2537
69.6599	829.028	-30.1544
69.6599	839.795	-30.0462
69.6599	850.562	-29.9287
69.6599	861.328	-29.8018
69.6599	872.095	-29.6651
69.6599	882.861	-29.5182
69.6599	893.628	-29.3608
69.6599	904.395	-29.1924
69.6599	915.161	-29.0127
69.6599	925.928	-28.821
69.6599	936.694	-28.6169
69.6599	947.461	-28.3997
69.6599	958.228	-28.1686
69.6599	968.994	-27.9231
69.6599	979.761	-27.6622
69.6599	990.527	-27.385
69.6599	1001.29	-27.0904
69.6599	1012.06	-26.7774
69.6599	1022.83	-26.4447
69.6599	1033.59	-26.0907
69.6599	1044.36	-25.714
69.6599	1055.13	-25.3127
69.6599	1065.89	-24.8849
69.6599	1076.66	-24.4283
69.6599	1087.43	-23.9402
69.6599	1098.19	-23.418
69.6599	1108.96	-22.8583
69.6599	1119.73	-22.2576
69.6599	1130.49	-21.612
69.6599	1141.26	-20.9173
69.6599	1152.03	-20.1693
69.6599	1162.79	-19.3648
69.6599	1173.56	-18.5028
69.6599	1184.33	-17.5893
69.6599	1195.09	-16.6495
69.6599	1205.86	-15.7635
69.6599	1216.63	-15.2079
69.6599	1227.39	-16.2871
69.6599	1238.16	-25.2607
69.6599	1248.93	6.57032
69.6599	1259.69	27.4351
69.6599	1270.46	30.0109
69.6599	1281.23	17.2966
69.6599	1291.99	-14.662
69.6599	1302.76	-12.4688
69.6599	1313.53	-10.957
69.6599	1324.29	-11.1549
69.6599	1335.06	-11.5966
69.6599	1345.83	-12.0105
69.6599	1356.59	-12.3243
69.6599	1367.36	-12.5165
72.5624	0	-13.8356
72.5624	10.7666	-13.782
72.5624	21.5332	-13.6223
72.5624	32.2998	-13.3609
72.5624	43.0664	-13.0131
72.5624	53.833	-12.628
72.5624	64.5996	-12.3709
72.5624	75.3662	-12.9249
72.5624	86.1328	-17.2941
72.5624	96.8994	4.31929
72.5624	107.666	26.8643
72.5624	118.433	30.2219
72.5624	129.199	18.6531
72.5624	139.966	-9.4822
72.5624	150.732	-18.6822
72.5624	161.499	-16.3566
72.5624	172.266	-16.8827
72.5624	183.032	-17.9091
72.5624	193.799	-19.0241
72.5624	204.565	-20.1181
72.5624	215.332	-21.1587
72.5624	226.099	-22.138
72.5624	236.865	-23.0566
72.5624	247.632	-23.9179
72.5624	258.398	-24.7263
72.5624	269.165	-25.4863
72.5624	279.932	-26.2018
72.5624	290.698	-26.8766
72.5624	301.465	-27.514
72.5624	312.231	-28.1167
72.5624	322.998	-28.6873
72.5624	333.765	-29.228
72.5624	344.531	-29.7408
72.5624	355.298	-30.2275
72.5624	366.064	-30.6894
72.5624	376.831	-31.1282
72.5624	387.598	-31.5448
72.5624	398.364	-31.9405
72.5624	409.131	-32.3161
72.5624	419.897	-32.6726
72.5624	430.664	-33.0107
72.5624	441.431	-33.3311
72.5624	452.197	-33.6345
72.5624	462.964	-33.9214
72.5624	473.73	-34.1923
72.5624	484.497	-34.4476
72.5624	495.264	-34.6879
72.5624	506.03	-34.9134
72.5624	516.797	-35.1246
72.5624	527.563	-35.3216
72.5624	538.33	-35.5048
72.5624	549.097	-35.6745
72.5624	559.863	-35.8308
72.5624	570.63	-35.9739
72.5624	581.396	-36.104
72.5624	592.163	-36.2214
72.5624	602.93	-36.326
72.5624	613.696	-36.418
72.5624	624.463	-36.4976
72.5624	635.229	-36.5648
72.5624	645.996	-36.6197
72.5624	656.763	-36.6623
72.5624	667.529	-36.6927
72.5624	678.296	-36.711
72.5624	689.062	-36.717
72.5624	699.829	-36.711
72.5624	710.596	-36.6927
72.5624	721.362	-36.6623
72.5624	732.129	-36.6197
72.5624	742.896	-36.5648
72.5624	753.662	-36.4976
72.5624	764.429	-36.418
72.5624	775.195	-36.326
72.5624	785.962	-36.2214
72.5624	796.729	-36.104
72.5624	807.495	-35.9739
72.5624	818.262	-35.8308
72.5624	829.028	-35.6745
72.5624	839.795	-35.5048
72.5624	850.562	-35.3216
72.5624	861.328	-35.1246
72.5624	872.095	-34.9134
72.5624	882.861	-34.6879
72.5624	893.628	-34.4476
72.5624	904.395	-34.1923
72.5624	915.161	-33.9214
72.5624	925.928	-33.6345
72.5624	936.694	-33.3311
72.5624	947.461	-33.0107
72.5624	958.228	-32.6726
72.5624	968.994	-32.3161
72.5624	979.761	-31.9405
72.5624	990.527	-31.5448
72.5624	1001.29	-31.1282
72.5624	1012.06	-30.6894
72.5624	1022.83	-30.2275
72.5624	1033.59	-29.7408
72.5624	1044.36	-29.228
72.5624	1055.13	-28.6873
72.5624	1065.89	-28.1167
72.5624	1076.66	-27.514
72.5624	1087.43	-26.8766
72.5624	1098.19	-26.2018
72.5624	1108.96	-25.4863
72.5624	1119.73	-24.7263
72.5624	1130.49	-23.9179
72.5624	1141.26	-23.0566
72.5624	1152.03	-22.138
72.5624	1162.79	-21.1587
72.5624	1173.56	-20.1181
72.5624	1184.33	-19.0241
72.5624	1195.09	-17.9091
72.5624	1205.86	-16.8827
72.5624	1216.63	-16.3566
72.5624	1227.39	-18.6822
72.5624	1238.16	-9.4822
72.5624	1248.93	18.6531
72.5624	1259.69	30.2219
72.5624	1270.46	26.8643
72.5624	1281.23	4.31929
72.5624	1291.99	-17.2941
72.5624	1302.76	-12.9249
72.5624	1313.53	-12.3709
72.5624	1324.29	-12.628
72.5624	1335.06	-13.0131
72.5624	1345.83	-13.3609
72.5624	1356.59	-13.6223
72.5624	1367.36	-13.782
75.4649	0	-18.3546
75.4649	10.7666	-18.289
75.4649	21.5332	-18.0925
75.4649	32.2998	-17.7662
75.4649	43.0664	-17.3168
75.4649	53.833	-16.7691
75.4649	64.5996	-16.2109
75.4649	75.3662	-15.9916
75.4649	86.1328	-18.2477
75.4649	96.8994	-9.99865
75.4649	107.666	20.649
75.4649	118.433	30.5213
75.4649	129.199	25.6861
75.4649	139.966	0.170615
75.4649	150.732	-26.5143
75.4649	161.499	-20.7688
75.4649	172.266	-19.7817
75.4649	183.032	-20.2381
75.4649	193.799	-21.0092
75.4649	204.565	-21.8382
75.4649	215.332	-22.6475
75.4649	226.099	-23.4125
75.4649	236.865	-24.1266
75.4649	247.632	-24.7901
75.4649	258.398	-25.4057
75.4649	269.165	-25.9772
75.4649	279.932	-26.5084
75.4649	290.698	-27.0028
75.4649	301.465	-27.4636
75.4649	312.231	-27.8939
75.4649	322.998	-28.2961
75.4649	333.765	-28.6727
75.4649	344.531	-29.0257
75.4649	355.298	-29.3569
75.4649	366.064	-29.6678
75.4649	376.831	-29.96
75.4649	387.598	-30.2346
75.4649	398.364	-30.493
75.4649	409.131	-30.7359
75.4649	419.897	-30.9644
75.4649	430.664	-31.1794
75.4649	441.431	-31.3814
75.4649	452.197	-31.5711
75.4649	462.964	-31.7493
75.4649	473.73	-31.9163
75.4649	484.497	-32.0728
75.4649	495.264	-32.219
75.4649	506.03	-32.3555
75.4649	516.797	-32.4825
75.4649	527.563	-32.6005
75.4649	538.33	-32.7096
75.4649	549.097	-32.8102
75.4649	559.863	-32.9025
75.4649	570.63	-32.9866
75.4649	581.396	-33.0629
75.4649	592.163	-33.1314
75.4649	602.93	-33.1924
75.4649	613.696	-33.2458
75.4649	624.463	-33.292
75.4649	635.229	-33.3308
75.4649	645.996	-33.3625
75.4649	656.763	-33.3871
75.4649	667.529	-33.4046
75.4649	678.296	-33.4151
75.4649	689.062	-33.4186
75.4649	699.829	-33.4151
75.4649	710.596	-33.4046
75.4649	721.362	-33.3871
75.4649	732.129	-33.3625
75.4649	742.896	-33.3308
75.4649	753.662	-33.292
75.4649	764.429	-33.2458
75.4649	775.195	-33.1924
75.4649	785.962	-33.1314
75.4649	796.729	-33.0629
75.4649	807.495	-32.9866
75.4649	818.262	-32.9025
75.4649	829.028	-32.8102
75.4649	839.795	-32.7096
75.4649	850.562	-32.6005
75.4649	861.328	-32.4825
75.4649	872.095	-32.3555
75.4649	882.861	-32.219
75.4649	893.628	-32.0728
75.4649	904.395	-31.9163
75.4649	915.161	-31.7493
75.4649	925.928	-31.5711
75.4649	936.694	-31.3814
75.4649	947.461	-31.1794
75.4649	958.228	-30.9644
75.4649	968.994	-30.7359
75.4649	979.761	-30.493
75.4649	990.527	-30.2346
75.4649	1001.29	-29.96
75.4649	1012.06	-29.6678
75.4649	1022.83	-29.3569
75.4649	1033.59	-29.0257
75.4649	1044.36	-28.6727
75.4649	1055.13	-28.2961
75.4649	1065.89	-27.8939
75.4649	1076.66	-27.4636
75.4649	1087.43	-27.0028
75.4649	1098.19	-26.5084
75.4649	1108.96	-25.9772
75.4649	1119.73	-25.4057
75.4649	1130.49	-24.7901
75.4649	1141.26	-24.1266
75.4649	1152.03	-23.4125
75.4649	1162.79	-22.6475
75.4649	1173.56	-21.8382
75.4649	1184.33	-21.0092
75.4649	1195.09	-20.2381
75.4649	1205.86	-19.7817
75.4649	1216.63	-20.7688
75.4649	1227.39	-26.5143
75.4649	1238.16	0.170615
75.4649	1248.93	25.6861
75.4649	1259.69	30.5213
75.4649	1270.46	20.649
75.4649	1281.23	-9.99865
75.4649	1291.99	-18.2477
75.4649	1302.76	-15.9916
75.4649	1313.53	-16.2109
75.4649	1324.29	-16.7691
75.4649	1335.06	-17.3168
75.4649	1345.83	-17.7662
75.4649	1356.59	-18.0925
75.4649	1367.36	-18.289
78.3673	0	-25.6284
78.3673	10.7666	-25.0131
78.3673	21.5332	-23.5179
78.3673	32.2998	-21.698
78.3673	43.0664	-19.86
78.3673	53.833	-18.1295
78.3673	64.5996	-16.6151
78.3673	75.3662	-15.6305
78.3673	86.1328	-16.7208
78.3673	96.8994	-15.9507
78.3673	107.666	10.2295
78.3673	118.433	28.3213
78.3673	129.199	29.516
78.3673	139.966	14.7394
78.3673	150.732	-19.5227
78.3673	161.499	-11.3824
78.3673	172.266	-10.3133
78.3673	183.032	-10.7563
78.3673	193.799	-11.4722
78.3673	204.565	-12.2188
78.3673	215.332	-12.9321
78.3673	226.099	-13.5956
78.3673	236.865	-14.2075
78.3673	247.632	-14.7711
78.3673	258.398	-15.2906
78.3673	269.165	-15.7708
78.3673	279.932	-16.2156
78.3673	290.698	-16.6288
78.3673	301.465	-17.0136
78.3673	312.231	-17.3727
78.3673	322.998	-17.7086
78.3673	333.765	-18.0233
78.3673	344.531	-18.3185
78.3673	355.298	-18.5959
78.3673	366.064	-18.8568
78.3673	376.831	-19.1024
78.3673	387.598	-19.3337
78.3673	398.364	-19.5516
78.3673	409.131	-19.757
78.3673	419.897	-19.9506
78.3673	430.664	-20.133
78.3673	441.431	-20.3048
78.3673	452.197	-20.4664
78.3673	462.964	-20.6185
78.3673	473.73	-20.7613
78.3673	484.497	-20.8953
78.3673	495.264	-21.0208
78.3673	506.03	-21.1381
78.3673	516.797	-21.2474
78.3673	527.563	-21.3491
78.3673	538.33	-21.4433
78.3673	549.097	-21.5302
78.3673	559.863	-21.61
78.3673	570.63	-21.6829
78.3673	581.396	-21.7491
78.3673	592.163	-21.8085
78.3673	602.93	-21.8614
78.3673	613.696	-21.9079
78.3673	624.463	-21.948
78.3673	635.229	-21.9818
78.3673	645.996	-22.0094
78.3673	656.763	-22.0308
78.3673	667.529	-22.0461
78.3673	678.296	-22.0552
78.3673	689.062	-22.0583
78.3673	699.829	-22.0552
78.3673	710.596	-22.0461
78.3673	721.362	-22.0308
78.3673	732.129	-22.0094
78.3673	742.896	-21.9818
78.3673	753.662	-21.948
78.3673	764.429	-21.9079
78.3673	775.195	-21.8614
78.3673	785.962	-21.8085
78.3673	796.729	-21.7491
78.3673	807.495	-21.6829
78.3673	818.262	-21.61
78.3673	829.028	-21.5302
78.3673	839.795	-21.4433
78.3673	850.562	-21.3491
78.3673	861.328	-21.2474
78.3673	872.095	-21.1381
78.3673	882.861	-21.0208
78.3673	893.628	-20.8953
78.3673	904.395	-20.7613
78.3673	915.161	-20.6185
78.3673	925.928	-20.4664
78.3673	936.694	-20.3048
78.3673	947.461	-20.133
78.3673	958.228	-19.9506
78.3673	968.994	-19.757
78.3673	979.761	-19.5516
78.3673	990.527	-19.3337
78.3673	1001.29	-19.1024
78.3673	1012.06	-18.8568
78.3673	1022.83	-18.5959
78.3673	1033.59	-18.3185
78.3673	1044.36	-18.0233
78.3673	1055.13	-17.7086
78.3673	1065.89	-17.3727
78.3673	1076.66	-17.0136
78.3673	1087.43	-16.6288
78.3673	1098.19	-16.2156
78.3673	1108.96	-15.7708
78.3673	1119.73	-15.2906
78.3673	1130.49	-14.7711
78.3673	1141.26	-14.2075
78.3673	1152.03	-13.5956
78.3673	1162.79	-12.9321
78.3673	1173.56	-12.2188
78.3673	1184.33	-11.4722
78.3673	1195.09	-10.7563
78.3673	1205.86	-10.3133
78.3673	1216.63	-11.3824
78.3673	1227.39	-19.5227
78.3673	1238.16	14.7394
78.3673	1248.93	29.516
78.3673	1259.69	28.3213
78.3673	1270.46	10.2295
78.3673	1281.23	-15.9507
78.3673	1291.99	-16.7208
78.3673	1302.76	-15.6305
78.3673	1313.53	-16.6151
78.3673	1324.29	-18.1295
78.3673	1335.06	-19.86
78.3673	1345.83	-21.698
78.3673	1356.59	-23.5179
78.3673	1367.36	-25.0131
81.2698	0	-49.3877
81.2698	10.7666	-48.9879
81.2698	21.5332	-47.9012
81.2698	32.2998	-46.3549
81.2698	43.0664	-44.5351
81.2698	53.833	-42.547
81.2698	64.5996	-40.4398
81.2698	75.3662	-38.1583
81.2698	86.1328	-34.5882
81.2698	96.8994	-24.4286
81.2698	107.666	-5.71952
81.2698	118.433	23.384
81.2698	129.199	30.6953
81.2698	139.966	23.4847
81.2698	150.732	-5.53562
81.2698	161.499	-24.5027
81.2698	172.266	-37.1469
81.2698	183.032	-42.3022
81.2698	193.799	-44.6008
81.2698	204.565	-46.689
81.2698	215.332	-48.7722
81.2698	226.099	-50.8214
81.2698	236.865	-52.8185
81.2698	247.632	-54.7607
81.2698	258.398	-56.6542
81.2698	269.165	-58.5071
81.2698	279.932	-60.3311
81.2698	290.698	-62.1353
81.2698	301.465	-63.9297
81.2698	312.231	-65.7217
81.2698	322.998	-67.5151
81.2698	333.765	-69.3054
81.2698	344.531	-71.0749
81.2698	355.298	-72.7809
81.2698	366.064	-74.3474
81.2698	376.831	-75.6583
81.2698	387.598	-76.5925
81.2698	398.364	-77.0855
81.2698	409.131	-77.1822
81.2698	419.897	-77.0015
81.2698	430.664	-76.6616
81.2698	441.431	-76.2627
81.2698	452.197	-75.8543
81.2698	462.964	-75.4672
81.2698	473.73	-75.1116
81.2698	484.497	-74.7925
81.2698	495.264	-74.5076
81.2698	506.03	-74.2578
81.2698	516.797	-74.038
81.2698	527.563	-73.8432
81.2698	538.33	-73.6757
81.2698	549.097	-73.5255
81.2698	559.863	-73.3981
81.2698	570.63	-73.2857
81.2698	581.396	-73.1863
81.2698	592.163	-73.1055
81.2698	602.93	-73.0313
81.2698	613.696	-72.971
81.2698	624.463	-72.9187
81.2698	635.229	-72.8773
81.2698	645.996	-72.8433
81.2698	656.763	-72.8178
81.2698	667.529	-72.8003
81.2698	678.296	-72.7893
81.2698	689.062	-72.7855
81.2698	699.829	-72.7893
81.2698	710.596	-72.8003
81.2698	721.362	-72.8178
81.2698	732.129	-72.8433
81.2698	742.896	-72.8773
81.2698	753.662	-72.9187
81.2698	764.429	-72.971
81.2698	775.195	-73.0313
81.2698	785.962	-73.1055
81.2698	796.729	-73.1863
81.2698	807.495	-73.2857
81.2698	818.262	-73.3981
81.2698	829.028	-73.5255
81.2698	839.795	-73.6757
81.2698	850.562	-73.8432
81.2698	861.328	-74.038
81.2698	872.095	-74.2578
81.2698	882.861	-74.5076
81.2698	893.628	-74.7925
81.2698	904.395	-75.1116
81.2698	915.161	-75.4672
81.2698	925.928	-75.8543
81.2698	936.694	-76.2627
81.2698	947.461	-76.6616
81.2698	958.228	-77.0015
81.2698	968.994	-77.1822
81.2698	979.761	-77.0855
81.2698	990.527	-76.5925
81.2698	1001.29	-75.6583
81.2698	1012.06	-74.3474
81.2698	1022.83	-72.7809
81.2698	1033.59	-71.0749
81.2698	1044.36	-69.3054
81.2698	1055.13	-67.5151
81.2698	1065.89	-65.7217
81.2698	1076.66	-63.9297
81.2698	1087.43	-62.1353
81.2698	1098.19	-60.3311
81.2698	1108.96	-58.5071
81.2698	1119.73	-56.6542
81.2698	1130.49	-54.7607
81.2698	1141.26	-52.8185
81.2698	1152.03	-50.8214
81.2698	1162.79	-48.7722
81.2698	1173.56	-46.689
81.2698	1184.33	-44.6008
81.2698	1195.09	-42.3022
81.2698	1205.86	-37.1469
81.2698	1216.63	-24.5027
81.2698	1227.39	-5.53562
81.2698	1238.16	23.4847
81.2698	1248.93	30.6953
81.2698	1259.69	23.384
81.2698	1270.46	-5.71952
81.2698	1281.23	-24.4286
81.2698	1291.99	-34.5882
81.2698	1302.76	-38.1583
81.2698	1313.53	-40.4398
81.2698	1324.29	-42.547
81.2698	1335.06	-44.5351
81.2698	1345.83	-46.3549
81.2698	1356.59	-47.9012
81.2698	1367.36	-48.9879
84.1723	0	-24.2127
84.1723	10.7666	-23.8327
84.1723	21.5332	-22.8276
84.1723	32.2998	-21.4635
84.1723	43.0664	-19.9507
84.1723	53.833	-18.408
84.1723	64.5996	-16.9127
84.1723	75.3662	-15.5817
84.1723	86.1328	-14.7879
84.1723	96.8994	-16.5618
84.1723	107.666	-12.6777
84.1723	118.433	14.7876
84.1723	129.199	29.4384
84.1723	139.966	28.4197
84.1723	150.732	10.0685
84.1723	161.499	-27.1158
84.1723	172.266	-11.3437
84.1723	183.032	-10.5824
84.1723	193.799	-11.0518
84.1723	204.565	-11.7571
84.1723	215.332	-12.4874
84.1723	226.099	-13.185
84.1723	236.865	-13.8344
84.1723	247.632	-14.4341
84.1723	258.398	-14.9868
84.1723	269.165	-15.4968
84.1723	279.932	-15.9682
84.1723	290.698	-16.405
84.1723	301.465	-16.8109
84.1723	312.231	-17.1887
84.1723	322.998	-17.5413
84.1723	333.765	-17.871
84.1723	344.531	-18.1797
84.1723	355.298	-18.4692
84.1723	366.064	-18.7409
84.1723	376.831	-18.9964
84.1723	387.598	-19.2366
84.1723	398.364	-19.4627
84.1723	409.131	-19.6754
84.1723	419.897	-19.8757
84.1723	430.664	-20.0643
84.1723	441.431	-20.2417
84.1723	452.197	-20.4085
84.1723	462.964	-20.5652
84.1723	473.73	-20.7123
84.1723	484.497	-20.8503
84.1723	495.264	-20.9793
84.1723	506.03	-21.0999
84.1723	516.797	-21.2122
84.1723	527.563	-21.3166
84.1723	538.33	-21.4133
84.1723	549.097	-21.5025
84.1723	559.863	-21.5844
84.1723	570.63	-21.6591
84.1723	581.396	-21.7269
84.1723	592.163	-21.7878
84.1723	602.93	-21.842
84.1723	613.696	-21.8896
84.1723	624.463	-21.9306
84.1723	635.229	-21.9652
84.1723	645.996	-21.9935
84.1723	656.763	-22.0154
84.1723	667.529	-22.031
84.1723	678.296	-22.0404
84.1723	689.062	-22.0435
84.1723	699.829	-22.0404
84.1723	710.596	-22.031
84.1723	721.362	-22.0154
84.1723	732.129	-21.9935
84.1723	742.896	-21.9652
84.1723	753.662	-21.9306
84.1723	764.429	-21.8896
84.1723	775.195	-21.842
84.1723	785.962	-21.7878
84.1723	796.729	-21.7269
84.1723	807.495	-21.6591
84.1723	818.262	-21.5844
84.1723	829.028	-21.5025
84.1723	839.795	-21.4133
84.1723	850.562	-21.3166
84.1723	861.328	-21.2122
84.1723	872.095	-21.0999
84.1723	882.861	-20.9793
84.1723	893.628	-20.8503
84.1723	904.395	-20.7123
84.1723	915.161	-20.5652
84.1723	925.928	-20.4085
84.1723	936.694	-20.2417
84.1723	947.461	-20.0643
84.1723	958.228	-19.8757
84.1723	968.994	-19.6754
84.1723	979.761	-19.4627
84.1723	990.527	-19.2366
84.1723	1001.29	-18.9964
84.1723	1012.06	-18.7409
84.1723	1022.83	-18.4692
84.1723	1033.59	-18.1797
84.1723	1044.36	-17.871
84.1723	1055.13	-17.5413
84.1723	1065.89	-17.1887
84.1723	1076.66	-16.8109
84.1723	1087.43	-16.405
84.1723	1098.19	-15.9682
84.1723	1108.96	-15.4968
84.1723	1119.73	-14.9868
84.1723	1130.49	-14.4341
84.1723	1141.26	-13.8344
84.1723	1152.03	-13.185
84.1723	1162.79	-12.4874
84.1723	1173.56	-11.7571
84.1723	1184.33	-11.0518
84.1723	1195.09	-10.5824
84.1723	1205.86	-11.3437
84.1723	1216.63	-27.1158
84.1723	1227.39	10.0685
84.1723	1238.16	28.4197
84.1723	1248.93	29.4384
84.1723	1259.69	14.7876
84.1723	1270.46	-12.6777
84.1723	1281.23	-16.5618
84.1723	1291.99	-14.7879
84.1723	1302.76	-15.5817
84.1723	1313.53	-16.9127
84.1723	1324.29	-18.408
84.1723	1335.06	-19.9507
84.1723	1345.83	-21.4635
84.1723	1356.59	-22.8276
84.1723	1367.36	-23.8327
87.0748	0	-20.0369
87.0748	10.7666	-19.9918
87.0748	21.5332	-19.8561
87.0748	32.2998	-19.6299
87.0748	43.0664	-19.3137
87.0748	53.833	-18.9125
87.0748	64.5996	-18.4431
87.0748	75.3662	-17.9576
87.0748	86.1328	-17.6218
87.0748	96.8994	-18.036
87.0748	107.666	-19.0145
87.0748	118.433	0.221009
87.0748	129.199	25.611
87.0748	139.966	30.5307
87.0748	150.732	20.7792
87.0748	161.499	-8.26531
87.0748	172.266	-20.096
87.0748	183.032	-18.6925
87.0748	193.799	-19.2865
87.0748	204.565	-20.2825
87.0748	215.332	-21.3265
87.0748	226.099	-22.3273
87.0748	236.865	-23.2609
87.0748	247.632	-24.1244
87.0748	258.398	-24.9212
87.0748	269.165	-25.6569
87.0748	279.932	-26.3373
87.0748	290.698	-26.9677
87.0748	301.465	-27.5531
87.0748	312.231	-28.0977
87.0748	322.998	-28.6052
87.0748	333.765	-29.0789
87.0748	344.531	-29.5218
87.0748	355.298	-29.9362
87.0748	366.064	-30.3244
87.0748	376.831	-30.6884
87.0748	387.598	-31.0299
87.0748	398.364	-31.3504
87.0748	409.131	-31.6513
87.0748	419.897	-31.9339
87.0748	430.664	-32.1991
87.0748	441.431	-32.448
87.0748	452.197	-32.6814
87.0748	462.964	-32.9002
87.0748	473.73	-33.1051
87.0748	484.497	-33.2967
87.0748	495.264	-33.4756
87.0748	506.03	-33.6423
87.0748	516.797	-33.7973
87.0748	527.563	-33.9411
87.0748	538.33	-34.0739
87.0748	549.097	-34.1963
87.0748	559.863	-34.3084
87.0748	570.63	-34.4106
87.0748	581.396	-34.5032
87.0748	592.163	-34.5862
87.0748	602.93	-34.6601
87.0748	613.696	-34.7248
87.0748	624.463	-34.7806
87.0748	635.229	-34.8277
87.0748	645.996	-34.866
87.0748	656.763	-34.8957
87.0748	667.529	-34.9169
87.0748	678.296	-34.9296
87.0748	689.062	-34.9338
87.0748	699.829	-34.9296
87.0748	710.596	-34.9169
87.0748	721.362	-34.8957
87.0748	732.129	-34.866
87.0748	742.896	-34.8277
87.0748	753.662	-34.7806
87.0748	764.429	-34.7248
87.0748	775.195	-34.6601
87.0748	785.962	-34.5862
87.0748	796.729	-34.5032
87.0748	807.495	-34.4106
87.0748	818.262	-34.3084
87.0748	829.028	-34.1963
87.0748	839.795	-34.0739
87.0748	850.562	-33.9411
87.0748	861.328	-33.7973
87.0748	872.095	-33.6423
87.0748	882.861	-33.4756
87.0748	893.628	-33.2967
87.0748	904.395	-33.1051
87.0748	915.161	-32.9002
87.0748	925.928	-32.6814
87.0748	936.694	-32.448
87.0748	947.461	-32.1991
87.0748	958.228	-31.9339
87.0748	968.994	-31.6513
87.0748	979.761	-31.3504
87.0748	990.527	-31.0299
87.0748	1001.29	-30.6884
87.0748	1012.06	-30.3244
87.0748	1022.83	-29.9362
87.0748	1033.59	-29.5218
87.0748	1044.36	-29.0789
87.0748	1055.13	-28.6052
87.0748	1065.89	-28.0977
87.0748	1076.66	-27.5531
87.0748	1087.43	-26.9677
87.0748	1098.19	-26.3373
87.0748	1108.96	-25.6569
87.0748	1119.73	-24.9212
87.0748	1130.49	-24.1244
87.0748	1141.26	-23.2609
87.0748	1152.03	-22.3273
87.0748	1162.79	-21.3265
87.0748	1173.56	-20.2825
87.0748	1184.33	-19.2865
87.0748	1195.09	-18.6925
87.0748	1205.86	-20.096
87.0748	1216.63	-8.26531
87.0748	1227.39	20.7792
87.0748	1238.16	30.5307
87.0748	1248.93	25.611
87.0748	1259.69	0.221009
87.0748	1270.46	-19.0145
87.0748	1281.23	-18.036
87.0748	1291.99	-17.6218
87.0748	1302.76	-17.9576
87.0748	1313.53	-18.4431
87.0748	1324.29	-18.9125
87.0748	1335.06	-19.3137
87.0748	1345.83	-19.6299
87.0748	1356.59	-19.8561
87.0748	1367.36	-19.9918
89.9773	0	-14.8521
89.9773	10.7666	-14.8106
89.9773	21.5332	-14.6854
89.9773	32.2998	-14.4748
89.9773	43.0664	-14.1762
89.9773	53.833	-13.7879
89.9773	64.5996	-13.3126
89.9773	75.3662	-12.7684
89.9773	86.1328	-12.2261
89.9773	96.8994	-11.9655
89.9773	107.666	-13.5561
89.9773	118.433	-12.8991
89.9773	129.199	18.4383
89.9773	139.966	30.2208
89.9773	150.732	26.9018
89.9773	161.499	4.74208
89.9773	172.266	-22.1025
89.9773	183.032	-18.1894
89.9773	193.799	-17.1658
89.9773	204.565	-17.7931
89.9773	215.332	-18.7814
89.9773	226.099	-19.8459
89.9773	236.865	-20.901
89.9773	247.632	-21.9185
89.9773	258.398	-22.8903
89.9773	269.165	-23.8158
89.9773	279.932	-24.6971
89.9773	290.698	-25.5376
89.9773	301.465	-26.3407
89.9773	312.231	-27.1096
89.9773	322.998	-27.8475
89.9773	333.765	-28.5572
89.9773	344.531	-29.2412
89.9773	355.298	-29.9016
89.9773	366.064	-30.5404
89.9773	376.831	-31.1595
89.9773	387.598	-31.7603
89.9773	398.364	-32.3442
89.9773	409.131	-32.9125
89.9773	419.897	-33.4661
89.9773	430.664	-34.0059
89.9773	441.431	-34.5328
89.9773	452.197	-35.0473
89.9773	462.964	-35.5498
89.9773	473.73	-36.0408
89.9773	484.497	-36.5204
89.9773	495.264	-36.9885
89.9773	506.03	-37.4451
89.9773	516.797	-37.8897
89.9773	527.563	-38.3218
89.9773	538.33	-38.7405
89.9773	549.097	-39.1449
89.9773	559.863	-39.5335
89.9773	570.63	-39.9048
89.9773	581.396	-40.2569
89.9773	592.163	-40.5874
89.9773	602.93	-40.8941
89.9773	613.696	-41.1742
89.9773	624.463	-41.4249
89.9773	635.229	-41.6433
89.9773	645.996	-41.8266
89.9773	656.763	-41.9723
89.9773	667.529	-42.0781
89.9773	678.296	-42.1423
89.9773	689.062	-42.1638
89.9773	699.829	-42.1423
89.9773	710.596	-42.0781
89.9773	721.362	-41.9723
89.9773	732.129	-41.8266
89.9773	742.896	-41.6433
89.9773	753.662	-41.4249
89.9773	764.429	-41.1742
89.9773	775.195	-40.8941
89.9773	785.962	-40.5874
89.9773	796.729	-40.2569
89.9773	807.495	-39.9048
89.9773	818.262	-39.5335
89.9773	829.028	-39.1449
89.9773	839.795	-38.7405
89.9773	850.562	-38.3218
89.9773	861.328	-37.8897
89.9773	872.095	-37.4451
89.9773	882.861	-36.9885
89.9773	893.628	-36.5204
89.9773	904.395	-36.0408
89.9773	915.161	-35.5498
89.9773	925.928	-35.0473
89.9773	936.694	-34.5328
89.9773	947.461	-34.0059
89.9773	958.228	-33.4661
89.9773	968.994	-32.9125
89.9773	979.761	-32.3442
89.9773	990.527	-31.7603
89.9773	1001.29	-31.1595
89.9773	1012.06	-30.5404
89.9773	1022.83	-29.9016
89.9773	1033.59	-29.2412
89.9773	1044.36	-28.5572
89.9773	1055.13	-27.8475
89.9773	1065.89	-27.1096
89.9773	1076.66	-26.3407
89.9773	1087.43	-25.5376
89.9773	1098.19	-24.6971
89.9773	1108.96	-23.8158
89.9773	1119.73	-22.8903
89.9773	1130.49	-21.9185
89.9773	1141.26	-20.901
89.9773	1152.03	-19.8459
89.9773	1162.79	-18.7814
89.9773	1173.56	-17.7931
89.9773	1184.33	-17.1658
89.9773	1195.09	-18.1894
89.9773	1205.86	-22.1025
89.9773	1216.63	4.74208
89.9773	1227.39	26.9018
89.9773	1238.16	30.2208
89.9773	1248.93	18.4383
89.9773	1259.69	-12.8991
89.9773	1270.46	-13.5561
89.9773	1281.23	-11.9655
89.9773	1291.99	-12.2261
89.9773	1302.76	-12.7684
89.9773	1313.53	-13.3126
89.9773	1324.29	-13.7879
89.9773	1335.06	-14.1762
89.9773	1345.83	-14.4748
89.9773	1356.59	-14.6854
89.9773	1367.36	-14.8106

