0	0	-12.9361
0	10.7666	-5.90666
0	21.5332	26.8637
0	32.2998	32.7551
0	43.0664	23.9932
0	53.833	-10.3637
0	64.5996	-12.6072
0	75.3662	-4.34762
0	86.1328	19.6681
0	96.8994	22.775
0	107.666	11.059
0	118.433	-11.5367
0	129.199	-16.1188
0	139.966	-1.89181
0	150.732	17.0709
0	161.499	17.4696
0	172.266	2.60105
0	183.032	-15.0932
0	193.799	-24.0993
0	204.565	1.02568
0	215.332	15.4777
0	226.099	13.2852
0	236.865	-5.53944
0	247.632	-21.0514
0	258.398	-31.4139
0	269.165	3.63593
0	279.932	14.1491
0	290.698	9.47379
0	301.465	-15.7306
0	312.231	-24.9697
0	322.998	-25.6445
0	333.765	5.71752
0	344.531	12.8356
0	355.298	5.7145
0	366.064	-23.1182
0	376.831	-23.6453
0	387.598	-26.0769
0	398.364	7.27273
0	409.131	11.4463
0	419.897	1.72844
0	430.664	-20.2833
0	441.431	-25.8664
0	452.197	-14.4465
0	462.964	8.36743
0	473.73	9.94628
0	484.497	-2.88684
0	495.264	-22.0748
0	506.03	-31.719
0	516.797	-7.02756
0	527.563	9.08284
0	538.33	8.30216
0	549.097	-8.86656
0	559.863	-27.3568
0	570.63	-25.5139
0	581.396	-2.08712
0	592.163	9.50026
0	602.93	6.44383
0	613.696	-18.1854
0	624.463	-27.2781
0	635.229	-23.5129
0	645.996	1.49877
0	656.763	9.6886
0	667.529	4.24247
0	678.296	-30.7205
0	689.062	-25.2851
0	699.829	-30.7205
0	710.596	4.24247
0	721.362	9.6886
0	732.129	1.49877
0	742.896	-23.5129
0	753.662	-27.2781
0	764.429	-18.1854
0	775.195	6.44383
0	785.962	9.50026
0	796.729	-2.08712
0	807.495	-25.5139
0	818.262	-27.3568
0	829.028	-8.86656
0	839.795	8.30216
0	850.562	9.08284
0	861.328	-7.02756
0	872.095	-31.719
0	882.861	-22.0748
0	893.628	-2.88684
0	904.395	9.94628
0	915.161	8.36743
0	925.928	-14.4465
0	936.694	-25.8664
0	947.461	-20.2833
0	958.228	1.72844
0	968.994	11.4463
0	979.761	7.27273
0	990.527	-26.0769
0	1001.29	-23.6453
0	1012.06	-23.1182
0	1022.83	5.7145
0	1033.59	12.8356
0	1044.36	5.71752
0	1055.13	-25.6445
0	1065.89	-24.9697
0	1076.66	-15.7306
0	1087.43	9.47379
0	1098.19	14.1491
0	1108.96	3.63593
0	1119.73	-31.4139
0	1130.49	-21.0514
0	1141.26	-5.53944
0	1152.03	13.2852
0	1162.79	15.4777
0	1173.56	1.02568
0	1184.33	-24.0993
0	1195.09	-15.0932
0	1205.86	2.60105
0	1216.63	17.4696
0	1227.39	17.0709
0	1238.16	-1.89181
0	1248.93	-16.1188
0	1259.69	-11.5367
0	1270.46	11.059
0	1281.23	22.775
0	1291.99	19.6681
0	1302.76	-4.34762
0	1313.53	-12.6072
0	1324.29	-10.3637
0	1335.06	23.9932
0	1345.83	32.7551
0	1356.59	26.8637
0	1367.36	-5.90666
2.90249	0	-40.4837
2.90249	10.7666	-6.41389
2.90249	21.5332	26.851
2.90249	32.2998	32.7625
2.90249	43.0664	23.967
2.90249	53.833	-17.6252
2.90249	64.5996	-22.0353
2.90249	75.3662	-4.27934
2.90249	86.1328	19.6162
2.90249	96.8994	22.8183
2.90249	107.666	10.8413
2.90249	118.433	-19.5464
2.90249	129.199	-27.0786
2.90249	139.966	-1.29638
2.90249	150.732	16.9782
2.90249	161.499	17.5688
2.90249	172.266	1.92406
2.90249	183.032	-24.2912
2.90249	193.799	-30.8975
2.90249	204.565	1.39661
2.90249	215.332	15.3965
2.90249	226.099	13.4047
2.90249	236.865	-6.78484
2.90249	247.632	-29.0616
2.90249	258.398	-36.6042
2.90249	269.165	3.64028
2.90249	279.932	14.1413
2.90249	290.698	9.50124
2.90249	301.465	-16.8438
2.90249	312.231	-33.0509
2.90249	322.998	-31.6145
2.90249	333.765	5.49653
2.90249	344.531	12.9287
2.90249	355.298	5.49851
2.90249	366.064	-31.8698
2.90249	376.831	-34.891
2.90249	387.598	-19.6409
2.90249	398.364	7.00165
2.90249	409.131	11.6164
2.90249	419.897	1.16008
2.90249	430.664	-36.4461
2.90249	441.431	-34.4312
2.90249	452.197	-12.2768
2.90249	462.964	8.17358
2.90249	473.73	10.121
2.90249	484.497	-3.75642
2.90249	495.264	-33.58
2.90249	506.03	-34.4099
2.90249	516.797	-6.83089
2.90249	527.563	9.03475
2.90249	538.33	8.37605
2.90249	549.097	-9.56567
2.90249	559.863	-34.2478
2.90249	570.63	-36.2411
2.90249	581.396	-2.53686
2.90249	592.163	9.60181
2.90249	602.93	6.31774
2.90249	613.696	-16.8107
2.90249	624.463	-36.1248
2.90249	635.229	-45.6765
2.90249	645.996	0.968083
2.90249	656.763	9.88284
2.90249	667.529	3.87801
2.90249	678.296	-26.9741
2.90249	689.062	-37.6908
2.90249	699.829	-26.9741
2.90249	710.596	3.87801
2.90249	721.362	9.88284
2.90249	732.129	0.968083
2.90249	742.896	-45.6765
2.90249	753.662	-36.1248
2.90249	764.429	-16.8107
2.90249	775.195	6.31774
2.90249	785.962	9.60181
2.90249	796.729	-2.53686
2.90249	807.495	-36.2411
2.90249	818.262	-34.2478
2.90249	829.028	-9.56567
2.90249	839.795	8.37605
2.90249	850.562	9.03475
2.90249	861.328	-6.83089
2.90249	872.095	-34.4099
2.90249	882.861	-33.58
2.90249	893.628	-3.75642
2.90249	904.395	10.121
2.90249	915.161	8.17358
2.90249	925.928	-12.2768
2.90249	936.694	-34.4312
2.90249	947.461	-36.4461
2.90249	958.228	1.16008
2.90249	968.994	11.6164
2.90249	979.761	7.00165
2.90249	990.527	-19.6409
2.90249	1001.29	-34.891
2.90249	1012.06	-31.8698
2.90249	1022.83	5.49851
2.90249	1033.59	12.9287
2.90249	1044.36	5.49653
2.90249	1055.13	-31.6145
2.90249	1065.89	-33.0509
2.90249	1076.66	-16.8438
2.90249	1087.43	9.50124
2.90249	1098.19	14.1413
2.90249	1108.96	3.64028
2.90249	1119.73	-36.6042
2.90249	1130.49	-29.0616
2.90249	1141.26	-6.78484
2.90249	1152.03	13.4047
2.90249	1162.79	15.3965
2.90249	1173.56	1.39661
2.90249	1184.33	-30.8975
2.90249	1195.09	-24.2912
2.90249	1205.86	1.92406
2.90249	1216.63	17.5688
2.90249	1227.39	16.9782
2.90249	1238.16	-1.29638
2.90249	1248.93	-27.0786
2.90249	1259.69	-19.5464
2.90249	1270.46	10.8413
2.90249	1281.23	22.8183
2.90249	1291.99	19.6162
2.90249	1302.76	-4.27934
2.90249	1313.53	-22.0353
2.90249	1324.29	-17.6252
2.90249	1335.06	23.967
2.90249	1345.83	32.7625
2.90249	1356.59	26.851
2.90249	1367.36	-6.41389
5.80499	0	-24.1802
5.80499	10.7666	-6.24993
5.80499	21.5332	26.849
5.80499	32.2998	32.7633
5.80499	43.0664	23.965
5.80499	53.833	-18.6679
5.80499	64.5996	-29.3076
5.80499	75.3662	-4.5543
5.80499	86.1328	19.6247
5.80499	96.8994	22.8146
5.80499	107.666	10.8462
5.80499	118.433	-21.1141
5.80499	129.199	-44.044
5.80499	139.966	-1.24115
5.80499	150.732	16.9702
5.80499	161.499	17.5768
5.80499	172.266	1.86061
5.80499	183.032	-29.3908
5.80499	193.799	-36.612
5.80499	204.565	1.40314
5.80499	215.332	15.3945
5.80499	226.099	13.4089
5.80499	236.865	-6.88273
5.80499	247.632	-38.1886
5.80499	258.398	-36.8686
5.80499	269.165	3.66486
5.80499	279.932	14.1346
5.80499	290.698	9.51382
5.80499	301.465	-17.2597
5.80499	312.231	-50.417
5.80499	322.998	-34.0033
5.80499	333.765	5.51346
5.80499	344.531	12.9228
5.80499	355.298	5.51324
5.80499	366.064	-33.6778
5.80499	376.831	-54.5286
5.80499	387.598	-20.0934
5.80499	398.364	7.01251
5.80499	409.131	11.6115
5.80499	419.897	1.17409
5.80499	430.664	-38.2062
5.80499	441.431	-55.8696
5.80499	452.197	-12.3703
5.80499	462.964	8.17666
5.80499	473.73	10.1202
5.80499	484.497	-3.76271
5.80499	495.264	-38.2329
5.80499	506.03	-43.0665
5.80499	516.797	-6.84871
5.80499	527.563	9.0347
5.80499	538.33	8.37809
5.80499	549.097	-9.61723
5.80499	559.863	-44.9346
5.80499	570.63	-39.0616
5.80499	581.396	-2.52286
5.80499	592.163	9.59753
5.80499	602.93	6.32606
5.80499	613.696	-17.0357
5.80499	624.463	-58.994
5.80499	635.229	-57.6315
5.80499	645.996	0.985098
5.80499	656.763	9.87712
5.80499	667.529	3.89155
5.80499	678.296	-27.7935
5.80499	689.062	-301.03
5.80499	699.829	-27.7935
5.80499	710.596	3.89155
5.80499	721.362	9.87712
5.80499	732.129	0.985098
5.80499	742.896	-57.6315
5.80499	753.662	-58.994
5.80499	764.429	-17.0357
5.80499	775.195	6.32606
5.80499	785.962	9.59753
5.80499	796.729	-2.52286
5.80499	807.495	-39.0616
5.80499	818.262	-44.9346
5.80499	829.028	-9.61723
5.80499	839.795	8.37809
5.80499	850.562	9.0347
5.80499	861.328	-6.84871
5.80499	872.095	-43.0665
5.80499	882.861	-38.2329
5.80499	893.628	-3.76271
5.80499	904.395	10.1202
5.80499	915.161	8.17666
5.80499	925.928	-12.3703
5.80499	936.694	-55.8696
5.80499	947.461	-38.2062
5.80499	958.228	1.17409
5.80499	968.994	11.6115
5.80499	979.761	7.01251
5.80499	990.527	-20.0934
5.80499	1001.29	-54.5286
5.80499	1012.06	-33.6778
5.80499	1022.83	5.51324
5.80499	1033.59	12.9228
5.80499	1044.36	5.51346
5.80499	1055.13	-34.0033
5.80499	1065.89	-50.417
5.80499	1076.66	-17.2597
5.80499	1087.43	9.51382
5.80499	1098.19	14.1346
5.80499	1108.96	3.66486
5.80499	1119.73	-36.8686
5.80499	1130.49	-38.1886
5.80499	1141.26	-6.88273
5.80499	1152.03	13.4089
5.80499	1162.79	15.3945
5.80499	1173.56	1.40314
5.80499	1184.33	-36.612
5.80499	1195.09	-29.3908
5.80499	1205.86	1.86061
5.80499	1216.63	17.5768
5.80499	1227.39	16.9702
5.80499	1238.16	-1.24115
5.80499	1248.93	-44.044
5.80499	1259.69	-21.1141
5.80499	1270.46	10.8462
5.80499	1281.23	22.8146
5.80499	1291.99	19.6247
5.80499	1302.76	-4.5543
5.80499	1313.53	-29.3076
5.80499	1324.29	-18.6679
5.80499	1335.06	23.965
5.80499	1345.83	32.7633
5.80499	1356.59	26.849
5.80499	1367.36	-6.24993
8.70748	0	-1.2733
8.70748	10.7666	2.7928
8.70748	21.5332	27.3977
8.70748	32.2998	32.6981
8.70748	43.0664	23.1936
8.70748	53.833	1.03463
8.70748	64.5996	-1.98864
8.70748	75.3662	4.55042
8.70748	86.1328	20.6947
8.70748	96.8994	22.2301
8.70748	107.666	8.13357
8.70748	118.433	0.29485
8.70748	129.199	-1.37277
8.70748	139.966	6.27884
8.70748	150.732	18.017
8.70748	161.499	15.8714
8.70748	172.266	1.91428
8.70748	183.032	-0.369038
8.70748	193.799	-0.719908
8.70748	204.565	7.88181
8.70748	215.332	15.9061
8.70748	226.099	10.0167
8.70748	236.865	1.69361
8.70748	247.632	-0.851253
8.70748	258.398	-0.0373127
8.70748	269.165	9.08577
8.70748	279.932	13.6341
8.70748	290.698	4.78104
8.70748	301.465	1.39789
8.70748	312.231	-1.16623
8.70748	322.998	0.812803
8.70748	333.765	9.7792
8.70748	344.531	10.8849
8.70748	355.298	2.8842
8.70748	366.064	0.775983
8.70748	376.831	-1.26979
8.70748	387.598	1.91995
8.70748	398.364	9.89864
8.70748	409.131	7.57493
8.70748	419.897	3.31667
8.70748	430.664	0.144102
8.70748	441.431	-1.11411
8.70748	452.197	3.22677
8.70748	462.964	9.37341
8.70748	473.73	4.46696
8.70748	484.497	3.46827
8.70748	495.264	-0.394054
8.70748	506.03	-0.748931
8.70748	516.797	4.51335
8.70748	527.563	8.12874
8.70748	538.33	3.72178
8.70748	549.097	2.99816
8.70748	559.863	-0.825678
8.70748	570.63	-0.243733
8.70748	581.396	5.50445
8.70748	592.163	6.18928
8.70748	602.93	4.84941
8.70748	613.696	2.14849
8.70748	624.463	-1.12567
8.70748	635.229	0.401428
8.70748	645.996	5.97849
8.70748	656.763	4.22971
8.70748	667.529	5.77762
8.70748	678.296	1.2156
8.70748	689.062	-1.2373
8.70748	699.829	1.2156
8.70748	710.596	5.77762
8.70748	721.362	4.22971
8.70748	732.129	5.97849
8.70748	742.896	0.401428
8.70748	753.662	-1.12567
8.70748	764.429	2.14849
8.70748	775.195	4.84941
8.70748	785.962	6.18928
8.70748	796.729	5.50445
8.70748	807.495	-0.243733
8.70748	818.262	-0.825678
8.70748	829.028	2.99816
8.70748	839.795	3.72178
8.70748	850.562	8.12874
8.70748	861.328	4.51335
8.70748	872.095	-0.748931
8.70748	882.861	-0.394054
8.70748	893.628	3.46827
8.70748	904.395	4.46696
8.70748	915.161	9.37341
8.70748	925.928	3.22677
8.70748	936.694	-1.11411
8.70748	947.461	0.144102
8.70748	958.228	3.31667
8.70748	968.994	7.57493
8.70748	979.761	9.89864
8.70748	990.527	1.91995
8.70748	1001.29	-1.26979
8.70748	1012.06	0.775983
8.70748	1022.83	2.8842
8.70748	1033.59	10.8849
8.70748	1044.36	9.7792
8.70748	1055.13	0.812803
8.70748	1065.89	-1.16623
8.70748	1076.66	1.39789
8.70748	1087.43	4.78104
8.70748	1098.19	13.6341
8.70748	1108.96	9.08577
8.70748	1119.73	-0.0373127
8.70748	1130.49	-0.851253
8.70748	1141.26	1.69361
8.70748	1152.03	10.0167
8.70748	1162.79	15.9061
8.70748	1173.56	7.88181
8.70748	1184.33	-0.719908
8.70748	1195.09	-0.369038
8.70748	1205.86	1.91428
8.70748	1216.63	15.8714
8.70748	1227.39	18.017
8.70748	1238.16	6.27884
8.70748	1248.93	-1.37277
8.70748	1259.69	0.29485
8.70748	1270.46	8.13357
8.70748	1281.23	22.2301
8.70748	1291.99	20.6947
8.70748	1302.76	4.55042
8.70748	1313.53	-1.98864
8.70748	1324.29	1.03463
8.70748	1335.06	23.1936
8.70748	1345.83	32.6981
8.70748	1356.59	27.3977
8.70748	1367.36	2.7928
11.61	0	-13.9931
11.61	10.7666	-5.53645
11.61	21.5332	26.8502
11.61	32.2998	32.7601
11.61	43.0664	23.9841
11.61	53.833	-11.4477
11.61	64.5996	-13.1162
11.61	75.3662	-3.31417
11.61	86.1328	19.6002
11.61	96.8994	22.8166
11.61	107.666	10.9148
11.61	118.433	-12.8742
11.61	129.199	-14.8526
11.61	139.966	-0.951515
11.61	150.732	16.9752
11.61	161.499	17.5555
11.61	172.266	2.17822
11.61	183.032	-15.6517
11.61	193.799	-17.8704
11.61	204.565	1.43701
11.61	215.332	15.4114
11.61	226.099	13.3695
11.61	236.865	-6.08296
11.61	247.632	-19.76
11.61	258.398	-23.3262
11.61	269.165	3.59199
11.61	279.932	14.1641
11.61	290.698	9.44974
11.61	301.465	-15.3692
11.61	312.231	-25.6484
11.61	322.998	-27.0385
11.61	333.765	5.43647
11.61	344.531	12.9516
11.61	355.298	5.44653
11.61	366.064	-27.8858
11.61	376.831	-27.3919
11.61	387.598	-17.9965
11.61	398.364	6.95392
11.61	409.131	11.6339
11.61	419.897	1.14208
11.61	430.664	-26.1514
11.61	441.431	-24.3531
11.61	452.197	-11.5778
11.61	462.964	8.14921
11.61	473.73	10.1247
11.61	484.497	-3.64739
11.61	495.264	-23.511
11.61	506.03	-23.5618
11.61	516.797	-6.61604
11.61	527.563	9.03308
11.61	538.33	8.3592
11.61	549.097	-9.13764
11.61	559.863	-24.1052
11.61	570.63	-25.4792
11.61	581.396	-2.52133
11.61	592.163	9.61594
11.61	602.93	6.27881
11.61	613.696	-15.7404
11.61	624.463	-27.2663
11.61	635.229	-31.2751
11.61	645.996	0.918051
11.61	656.763	9.9054
11.61	667.529	3.8221
11.61	678.296	-24.7279
11.61	689.062	-30.8793
11.61	699.829	-24.7279
11.61	710.596	3.8221
11.61	721.362	9.9054
11.61	732.129	0.918051
11.61	742.896	-31.2751
11.61	753.662	-27.2663
11.61	764.429	-15.7404
11.61	775.195	6.27881
11.61	785.962	9.61594
11.61	796.729	-2.52133
11.61	807.495	-25.4792
11.61	818.262	-24.1052
11.61	829.028	-9.13764
11.61	839.795	8.3592
11.61	850.562	9.03308
11.61	861.328	-6.61604
11.61	872.095	-23.5618
11.61	882.861	-23.511
11.61	893.628	-3.64739
11.61	904.395	10.1247
11.61	915.161	8.14921
11.61	925.928	-11.5778
11.61	936.694	-24.3531
11.61	947.461	-26.1514
11.61	958.228	1.14208
11.61	968.994	11.6339
11.61	979.761	6.95392
11.61	990.527	-17.9965
11.61	1001.29	-27.3919
11.61	1012.06	-27.8858
11.61	1022.83	5.44653
11.61	1033.59	12.9516
11.61	1044.36	5.43647
11.61	1055.13	-27.0385
11.61	1065.89	-25.6484
11.61	1076.66	-15.3692
11.61	1087.43	9.44974
11.61	1098.19	14.1641
11.61	1108.96	3.59199
11.61	1119.73	-23.3262
11.61	1130.49	-19.76
11.61	1141.26	-6.08296
11.61	1152.03	13.3695
11.61	1162.79	15.4114
11.61	1173.56	1.43701
11.61	1184.33	-17.8704
11.61	1195.09	-15.6517
11.61	1205.86	2.17822
11.61	1216.63	17.5555
11.61	1227.39	16.9752
11.61	1238.16	-0.951515
11.61	1248.93	-14.8526
11.61	1259.69	-12.8742
11.61	1270.46	10.9148
11.61	1281.23	22.8166
11.61	1291.99	19.6002
11.61	1302.76	-3.31417
11.61	1313.53	-13.1162
11.61	1324.29	-11.4477
11.61	1335.06	23.9841
11.61	1345.83	32.7601
11.61	1356.59	26.8502
11.61	1367.36	-5.53645
14.5125	0	-13.9931
14.5125	10.7666	-5.53645
14.5125	21.5332	26.8502
14.5125	32.2998	32.7601
14.5125	43.0664	23.9841
14.5125	53.833	-11.4477
14.5125	64.5996	-13.1162
14.5125	75.3662	-3.31417
14.5125	86.1328	19.6002
14.5125	96.8994	22.8166
14.5125	107.666	10.9148
14.5125	118.433	-12.8742
14.5125	129.199	-14.8526
14.5125	139.966	-0.951515
14.5125	150.732	16.9752
14.5125	161.499	17.5555
14.5125	172.266	2.17822
14.5125	183.032	-15.6517
14.5125	193.799	-17.8704
14.5125	204.565	1.43701
14.5125	215.332	15.4114
14.5125	226.099	13.3695
14.5125	236.865	-6.08296
14.5125	247.632	-19.76
14.5125	258.398	-23.3262
14.5125	269.165	3.59199
14.5125	279.932	14.1641
14.5125	290.698	9.44974
14.5125	301.465	-15.3692
14.5125	312.231	-25.6484
14.5125	322.998	-27.0385
14.5125	333.765	5.43647
14.5125	344.531	12.9516
14.5125	355.298	5.44653
14.5125	366.064	-27.8858
14.5125	376.831	-27.3919
14.5125	387.598	-17.9965
14.5125	398.364	6.95392
14.5125	409.131	11.6339
14.5125	419.897	1.14208
14.5125	430.664	-26.1514
14.5125	441.431	-24.3531
14.5125	452.197	-11.5778
14.5125	462.964	8.14921
14.5125	473.73	10.1247
14.5125	484.497	-3.64739
14.5125	495.264	-23.511
14.5125	506.03	-23.5618
14.5125	516.797	-6.61604
14.5125	527.563	9.03308
14.5125	538.33	8.3592
14.5125	549.097	-9.13764
14.5125	559.863	-24.1052
14.5125	570.63	-25.4792
14.5125	581.396	-2.52133
14.5125	592.163	9.61594
14.5125	602.93	6.27881
14.5125	613.696	-15.7404
14.5125	624.463	-27.2663
14.5125	635.229	-31.2751
14.5125	645.996	0.918051
14.5125	656.763	9.9054
14.5125	667.529	3.8221
14.5125	678.296	-24.7279
14.5125	689.062	-30.8793
14.5125	699.829	-24.7279
14.5125	710.596	3.8221
14.5125	721.362	9.9054
14.5125	732.129	0.918051
14.5125	742.896	-31.2751
14.5125	753.662	-27.2663
14.5125	764.429	-15.7404
14.5125	775.195	6.27881
14.5125	785.962	9.61594
14.5125	796.729	-2.52133
14.5125	807.495	-25.4792
14.5125	818.262	-24.1052
14.5125	829.028	-9.13764
14.5125	839.795	8.3592
14.5125	850.562	9.03308
14.5125	861.328	-6.61604
14.5125	872.095	-23.5618
14.5125	882.861	-23.511
14.5125	893.628	-3.64739
14.5125	904.395	10.1247
14.5125	915.161	8.14921
14.5125	925.928	-11.5778
14.5125	936.694	-24.3531
14.5125	947.461	-26.1514
14.5125	958.228	1.14208
14.5125	968.994	11.6339
14.5125	979.761	6.95392
14.5125	990.527	-17.9965
14.5125	1001.29	-27.3919
14.5125	1012.06	-27.8858
14.5125	1022.83	5.44653
14.5125	1033.59	12.9516
14.5125	1044.36	5.43647
14.5125	1055.13	-27.0385
14.5125	1065.89	-25.6484
14.5125	1076.66	-15.3692
14.5125	1087.43	9.44974
14.5125	1098.19	14.1641
14.5125	1108.96	3.59199
14.5125	1119.73	-23.3262
14.5125	1130.49	-19.76
14.5125	1141.26	-6.08296
14.5125	1152.03	13.3695
14.5125	1162.79	15.4114
14.5125	1173.56	1.43701
14.5125	1184.33	-17.8704
14.5125	1195.09	-15.6517
14.5125	1205.86	2.17822
14.5125	1216.63	17.5555
14.5125	1227.39	16.9752
14.5125	1238.16	-0.951515
14.5125	1248.93	-14.8526
14.5125	1259.69	-12.8742
14.5125	1270.46	10.9148
14.5125	1281.23	22.8166
14.5125	1291.99	19.6002
14.5125	1302.76	-3.31417
14.5125	1313.53	-13.1162
14.5125	1324.29	-11.4477
14.5125	1335.06	23.9841
14.5125	1345.83	32.7601
14.5125	1356.59	26.8502
14.5125	1367.36	-5.53645
17.415	0	-8.78642
17.415	10.7666	-15.8633
17.415	21.5332	26.9621
17.415	32.2998	32.7421
17.415	43.0664	23.9013
17.415	53.833	-13.9426
17.415	64.5996	-7.07383
17.415	75.3662	-6.66488
17.415	86.1328	19.9193
17.415	96.8994	22.6499
17.415	107.666	11.0493
17.415	118.433	-12.6717
17.415	129.199	-8.00224
17.415	139.966	-1.40448
17.415	150.732	17.332
17.415	161.499	17.1637
17.415	172.266	3.57498
17.415	183.032	-10.8017
17.415	193.799	-8.66239
17.415	204.565	2.39484
17.415	215.332	15.6125
17.415	226.099	12.8317
17.415	236.865	-1.93856
17.415	247.632	-9.71233
17.415	258.398	-9.19591
17.415	269.165	5.08567
17.415	279.932	14.0539
17.415	290.698	9.0878
17.415	301.465	-6.25243
17.415	312.231	-9.04246
17.415	322.998	-9.884
17.415	333.765	6.9386
17.415	344.531	12.4557
17.415	355.298	5.81771
17.415	366.064	-8.91115
17.415	376.831	-8.72553
17.415	387.598	-9.5295
17.415	398.364	8.12948
17.415	409.131	10.8147
17.415	419.897	2.84782
17.415	430.664	-9.71596
17.415	441.431	-8.79955
17.415	452.197	-6.47897
17.415	462.964	8.78165
17.415	473.73	9.23321
17.415	484.497	-0.153435
17.415	495.264	-9.64391
17.415	506.03	-9.0685
17.415	516.797	-2.55906
17.415	527.563	9.01957
17.415	538.33	7.80379
17.415	549.097	-3.43918
17.415	559.863	-9.33609
17.415	570.63	-9.3305
17.415	581.396	0.713674
17.415	592.163	9.00448
17.415	602.93	6.47144
17.415	613.696	-6.74757
17.415	624.463	-9.01536
17.415	635.229	-9.48468
17.415	645.996	3.1815
17.415	656.763	8.92562
17.415	667.529	5.02003
17.415	678.296	-8.94487
17.415	689.062	-8.87253
17.415	699.829	-8.94487
17.415	710.596	5.02003
17.415	721.362	8.92562
17.415	732.129	3.1815
17.415	742.896	-9.48468
17.415	753.662	-9.01536
17.415	764.429	-6.74757
17.415	775.195	6.47144
17.415	785.962	9.00448
17.415	796.729	0.713674
17.415	807.495	-9.3305
17.415	818.262	-9.33609
17.415	829.028	-3.43918
17.415	839.795	7.80379
17.415	850.562	9.01957
17.415	861.328	-2.55906
17.415	872.095	-9.0685
17.415	882.861	-9.64391
17.415	893.628	-0.153435
17.415	904.395	9.23321
17.415	915.161	8.78165
17.415	925.928	-6.47897
17.415	936.694	-8.79955
17.415	947.461	-9.71596
17.415	958.228	2.84782
17.415	968.994	10.8147
17.415	979.761	8.12948
17.415	990.527	-9.5295
17.415	1001.29	-8.72553
17.415	1012.06	-8.91115
17.415	1022.83	5.81771
17.415	1033.59	12.4557
17.415	1044.36	6.9386
17.415	1055.13	-9.884
17.415	1065.89	-9.04246
17.415	1076.66	-6.25243
17.415	1087.43	9.0878
17.415	1098.19	14.0539
17.415	1108.96	5.08567
17.415	1119.73	-9.19591
17.415	1130.49	-9.71233
17.415	1141.26	-1.93856
17.415	1152.03	12.8317
17.415	1162.79	15.6125
17.415	1173.56	2.39484
17.415	1184.33	-8.66239
17.415	1195.09	-10.8017
17.415	1205.86	3.57498
17.415	1216.63	17.1637
17.415	1227.39	17.332
17.415	1238.16	-1.40448
17.415	1248.93	-8.00224
17.415	1259.69	-12.6717
17.415	1270.46	11.0493
17.415	1281.23	22.6499
17.415	1291.99	19.9193
17.415	1302.76	-6.66488
17.415	1313.53	-7.07383
17.415	1324.29	-13.9426
17.415	1335.06	23.9013
17.415	1345.83	32.7421
17.415	1356.59	26.9621
17.415	1367.36	-15.8633
20.3175	0	-24.1802
20.3175	10.7666	-6.24993
20.3175	21.5332	26.849
20.3175	32.2998	32.7633
20.3175	43.0664	23.965
20.3175	53.833	-18.6679
20.3175	64.5996	-29.3076
20.3175	75.3662	-4.5543
20.3175	86.1328	19.6247
20.3175	96.8994	22.8146
20.3175	107.666	10.8462
20.3175	118.433	-21.1141
20.3175	129.199	-44.044
20.3175	139.966	-1.24115
20.3175	150.732	16.9702
20.3175	161.499	17.5768
20.3175	172.266	1.86061
20.3175	183.032	-29.3908
20.3175	193.799	-36.612
20.3175	204.565	1.40314
20.3175	215.332	15.3945
20.3175	226.099	13.4089
20.3175	236.865	-6.88273
20.3175	247.632	-38.1886
20.3175	258.398	-36.8686
20.3175	269.165	3.66486
20.3175	279.932	14.1346
20.3175	290.698	9.51382
20.3175	301.465	-17.2597
20.3175	312.231	-50.417
20.3175	322.998	-34.0033
20.3175	333.765	5.51346
20.3175	344.531	12.9228
20.3175	355.298	5.51324
20.3175	366.064	-33.6778
20.3175	376.831	-54.5286
20.3175	387.598	-20.0934
20.3175	398.364	7.01251
20.3175	409.131	11.6115
20.3175	419.897	1.17409
20.3175	430.664	-38.2062
20.3175	441.431	-55.8696
20.3175	452.197	-12.3703
20.3175	462.964	8.17666
20.3175	473.73	10.1202
20.3175	484.497	-3.76271
20.3175	495.264	-38.2329
20.3175	506.03	-43.0665
20.3175	516.797	-6.84871
20.3175	527.563	9.0347
20.3175	538.33	8.37809
20.3175	549.097	-9.61723
20.3175	559.863	-44.9346
20.3175	570.63	-39.0616
20.3175	581.396	-2.52286
20.3175	592.163	9.59753
20.3175	602.93	6.32606
20.3175	613.696	-17.0357
20.3175	624.463	-58.994
20.3175	635.229	-57.6315
20.3175	645.996	0.985098
20.3175	656.763	9.87712
20.3175	667.529	3.89155
20.3175	678.296	-27.7935
20.3175	689.062	-301.03
20.3175	699.829	-27.7935
20.3175	710.596	3.89155
20.3175	721.362	9.87712
20.3175	732.129	0.985098
20.3175	742.896	-57.6315
20.3175	753.662	-58.994
20.3175	764.429	-17.0357
20.3175	775.195	6.32606
20.3175	785.962	9.59753
20.3175	796.729	-2.52286
20.3175	807.495	-39.0616
20.3175	818.262	-44.9346
20.3175	829.028	-9.61723
20.3175	839.795	8.37809
20.3175	850.562	9.0347
20.3175	861.328	-6.84871
20.3175	872.095	-43.0665
20.3175	882.861	-38.2329
20.3175	893.628	-3.76271
20.3175	904.395	10.1202
20.3175	915.161	8.17666
20.3175	925.928	-12.3703
20.3175	936.694	-55.8696
20.3175	947.461	-38.2062
20.3175	958.228	1.17409
20.3175	968.994	11.6115
20.3175	979.761	7.01251
20.3175	990.527	-20.0934
20.3175	1001.29	-54.5286
20.3175	1012.06	-33.6778
20.3175	1022.83	5.51324
20.3175	1033.59	12.9228
20.3175	1044.36	5.51346
20.3175	1055.13	-34.0033
20.3175	1065.89	-50.417
20.3175	1076.66	-17.2597
20.3175	1087.43	9.51382
20.3175	1098.19	14.1346
20.3175	1108.96	3.66486
20.3175	1119.73	-36.8686
20.3175	1130.49	-38.1886
20.3175	1141.26	-6.88273
20.3175	1152.03	13.4089
20.3175	1162.79	15.3945
20.3175	1173.56	1.40314
20.3175	1184.33	-36.612
20.3175	1195.09	-29.3908
20.3175	1205.86	1.86061
20.3175	1216.63	17.5768
20.3175	1227.39	16.9702
20.3175	1238.16	-1.24115
20.3175	1248.93	-44.044
20.3175	1259.69	-21.1141
20.3175	1270.46	10.8462
20.3175	1281.23	22.8146
20.3175	1291.99	19.6247
20.3175	1302.76	-4.5543
20.3175	1313.53	-29.3076
20.3175	1324.29	-18.6679
20.3175	1335.06	23.965
20.3175	1345.83	32.7633
20.3175	1356.59	26.849
20.3175	1367.36	-6.24993
23.22	0	-40.4837
23.22	10.7666	-6.41389
23.22	21.5332	26.851
23.22	32.2998	32.7625
23.22	43.0664	23.967
23.22	53.833	-17.6252
23.22	64.5996	-22.0353
23.22	75.3662	-4.27934
23.22	86.1328	19.6162
23.22	96.8994	22.8183
23.22	107.666	10.8413
23.22	118.433	-19.5464
23.22	129.199	-27.0786
23.22	139.966	-1.29638
23.22	150.732	16.9782
23.22	161.499	17.5688
23.22	172.266	1.92406
23.22	183.032	-24.2912
23.22	193.799	-30.8975
23.22	204.565	1.39661
23.22	215.332	15.3965
23.22	226.099	13.4047
23.22	236.865	-6.78484
23.22	247.632	-29.0616
23.22	258.398	-36.6042
23.22	269.165	3.64028
23.22	279.932	14.1413
23.22	290.698	9.50124
23.22	301.465	-16.8438
23.22	312.231	-33.0509
23.22	322.998	-31.6145
23.22	333.765	5.49653
23.22	344.531	12.9287
23.22	355.298	5.49851
23.22	366.064	-31.8698
23.22	376.831	-34.891
23.22	387.598	-19.6409
23.22	398.364	7.00165
23.22	409.131	11.6164
23.22	419.897	1.16008
23.22	430.664	-36.4461
23.22	441.431	-34.4312
23.22	452.197	-12.2768
23.22	462.964	8.17358
23.22	473.73	10.121
23.22	484.497	-3.75642
23.22	495.264	-33.58
23.22	506.03	-34.4099
23.22	516.797	-6.83089
23.22	527.563	9.03475
23.22	538.33	8.37605
23.22	549.097	-9.56567
23.22	559.863	-34.2478
23.22	570.63	-36.2411
23.22	581.396	-2.53686
23.22	592.163	9.60181
23.22	602.93	6.31774
23.22	613.696	-16.8107
23.22	624.463	-36.1248
23.22	635.229	-45.6765
23.22	645.996	0.968083
23.22	656.763	9.88284
23.22	667.529	3.87801
23.22	678.296	-26.9741
23.22	689.062	-37.6908
23.22	699.829	-26.9741
23.22	710.596	3.87801
23.22	721.362	9.88284
23.22	732.129	0.968083
23.22	742.896	-45.6765
23.22	753.662	-36.1248
23.22	764.429	-16.8107
23.22	775.195	6.31774
23.22	785.962	9.60181
23.22	796.729	-2.53686
23.22	807.495	-36.2411
23.22	818.262	-34.2478
23.22	829.028	-9.56567
23.22	839.795	8.37605
23.22	850.562	9.03475
23.22	861.328	-6.83089
23.22	872.095	-34.4099
23.22	882.861	-33.58
23.22	893.628	-3.75642
23.22	904.395	10.121
23.22	915.161	8.17358
23.22	925.928	-12.2768
23.22	936.694	-34.4312
23.22	947.461	-36.4461
23.22	958.228	1.16008
23.22	968.994	11.6164
23.22	979.761	7.00165
23.22	990.527	-19.6409
23.22	1001.29	-34.891
23.22	1012.06	-31.8698
23.22	1022.83	5.49851
23.22	1033.59	12.9287
23.22	1044.36	5.49653
23.22	1055.13	-31.6145
23.22	1065.89	-33.0509
23.22	1076.66	-16.8438
23.22	1087.43	9.50124
23.22	1098.19	14.1413
23.22	1108.96	3.64028
23.22	1119.73	-36.6042
23.22	1130.49	-29.0616
23.22	1141.26	-6.78484
23.22	1152.03	13.4047
23.22	1162.79	15.3965
23.22	1173.56	1.39661
23.22	1184.33	-30.8975
23.22	1195.09	-24.2912
23.22	1205.86	1.92406
23.22	1216.63	17.5688
23.22	1227.39	16.9782
23.22	1238.16	-1.29638
23.22	1248.93	-27.0786
23.22	1259.69	-19.5464
23.22	1270.46	10.8413
23.22	1281.23	22.8183
23.22	1291.99	19.6162
23.22	1302.76	-4.27934
23.22	1313.53	-22.0353
23.22	1324.29	-17.6252
23.22	1335.06	23.967
23.22	1345.83	32.7625
23.22	1356.59	26.851
23.22	1367.36	-6.41389
26.1224	0	-16.7413
26.1224	10.7666	-5.96771
26.1224	21.5332	26.8517
26.1224	32.2998	32.7606
26.1224	43.0664	23.9783
26.1224	53.833	-12.9104
26.1224	64.5996	-14.7357
26.1224	75.3662	-3.58278
26.1224	86.1328	19.6032
26.1224	96.8994	22.8186
26.1224	107.666	10.8843
26.1224	118.433	-14.3378
26.1224	129.199	-16.6251
26.1224	139.966	-1.07065
26.1224	150.732	16.976
26.1224	161.499	17.5605
26.1224	172.266	2.09131
26.1224	183.032	-17.1651
26.1224	193.799	-19.7812
26.1224	204.565	1.4018
26.1224	215.332	15.4093
26.1224	226.099	13.3784
26.1224	236.865	-6.27595
26.1224	247.632	-21.2004
26.1224	258.398	-25.462
26.1224	269.165	3.59359
26.1224	279.932	14.1596
26.1224	290.698	9.46192
26.1224	301.465	-15.7043
26.1224	312.231	-26.7203
26.1224	322.998	-27.8421
26.1224	333.765	5.44967
26.1224	344.531	12.9463
26.1224	355.298	5.45791
26.1224	366.064	-28.5994
26.1224	376.831	-28.4727
26.1224	387.598	-18.3902
26.1224	398.364	6.9668
26.1224	409.131	11.6297
26.1224	419.897	1.14066
26.1224	430.664	-27.9977
26.1224	441.431	-25.9277
26.1224	452.197	-11.7957
26.1224	462.964	8.15702
26.1224	473.73	10.1239
26.1224	484.497	-3.6892
26.1224	495.264	-25.2304
26.1224	506.03	-25.3299
26.1224	516.797	-6.69971
26.1224	527.563	9.03489
26.1224	538.33	8.36384
26.1224	549.097	-9.27204
26.1224	559.863	-25.7528
26.1224	570.63	-27.3893
26.1224	581.396	-2.53692
26.1224	592.163	9.61285
26.1224	602.93	6.28961
26.1224	613.696	-16.0353
26.1224	624.463	-28.6945
26.1224	635.229	-33.345
26.1224	645.996	0.928141
26.1224	656.763	9.89962
26.1224	667.529	3.83684
26.1224	678.296	-25.2031
26.1224	689.062	-31.8414
26.1224	699.829	-25.2031
26.1224	710.596	3.83684
26.1224	721.362	9.89962
26.1224	732.129	0.928141
26.1224	742.896	-33.345
26.1224	753.662	-28.6945
26.1224	764.429	-16.0353
26.1224	775.195	6.28961
26.1224	785.962	9.61285
26.1224	796.729	-2.53692
26.1224	807.495	-27.3893
26.1224	818.262	-25.7528
26.1224	829.028	-9.27204
26.1224	839.795	8.36384
26.1224	850.562	9.03489
26.1224	861.328	-6.69971
26.1224	872.095	-25.3299
26.1224	882.861	-25.2304
26.1224	893.628	-3.6892
26.1224	904.395	10.1239
26.1224	915.161	8.15702
26.1224	925.928	-11.7957
26.1224	936.694	-25.9277
26.1224	947.461	-27.9977
26.1224	958.228	1.14066
26.1224	968.994	11.6297
26.1224	979.761	6.9668
26.1224	990.527	-18.3902
26.1224	1001.29	-28.4727
26.1224	1012.06	-28.5994
26.1224	1022.83	5.45791
26.1224	1033.59	12.9463
26.1224	1044.36	5.44967
26.1224	1055.13	-27.8421
26.1224	1065.89	-26.7203
26.1224	1076.66	-15.7043
26.1224	1087.43	9.46192
26.1224	1098.19	14.1596
26.1224	1108.96	3.59359
26.1224	1119.73	-25.462
26.1224	1130.49	-21.2004
26.1224	1141.26	-6.27595
26.1224	1152.03	13.3784
26.1224	1162.79	15.4093
26.1224	1173.56	1.4018
26.1224	1184.33	-19.7812
26.1224	1195.09	-17.1651
26.1224	1205.86	2.09131
26.1224	1216.63	17.5605
26.1224	1227.39	16.976
26.1224	1238.16	-1.07065
26.1224	1248.93	-16.6251
26.1224	1259.69	-14.3378
26.1224	1270.46	10.8843
26.1224	1281.23	22.8186
26.1224	1291.99	19.6032
26.1224	1302.76	-3.58278
26.1224	1313.53	-14.7357
26.1224	1324.29	-12.9104
26.1224	1335.06	23.9783
26.1224	1345.83	32.7606
26.1224	1356.59	26.8517
26.1224	1367.36	-5.96771
29.0249	0	-7.665
29.0249	10.7666	-13.0839
29.0249	21.5332	27.0823
29.0249	32.2998	32.7298
29.0249	43.0664	23.7475
29.0249	53.833	-7.00899
29.0249	64.5996	-6.29381
29.0249	75.3662	-4.20351
29.0249	86.1328	20.1202
29.0249	96.8994	22.5495
29.0249	107.666	10.7225
29.0249	118.433	-4.49272
29.0249	129.199	-4.59641
29.0249	139.966	0.988108
29.0249	150.732	17.4936
29.0249	161.499	16.8534
29.0249	172.266	4.16017
29.0249	183.032	-3.25915
29.0249	193.799	-3.62783
29.0249	204.565	4.29759
29.0249	215.332	15.6647
29.0249	226.099	12.1846
29.0249	236.865	0.524207
29.0249	247.632	-3.18442
29.0249	258.398	-3.63365
29.0249	269.165	6.47266
29.0249	279.932	13.9386
29.0249	290.698	8.16459
29.0249	301.465	-2.11596
29.0249	312.231	-3.64543
29.0249	322.998	-4.2319
29.0249	333.765	7.84305
29.0249	344.531	12.11
29.0249	355.298	5.15486
29.0249	366.064	-3.69229
29.0249	376.831	-3.9522
29.0249	387.598	-4.07858
29.0249	398.364	8.5852
29.0249	409.131	10.1856
29.0249	419.897	3.18417
29.0249	430.664	-3.80691
29.0249	441.431	-3.77782
29.0249	452.197	-2.08903
29.0249	462.964	8.82325
29.0249	473.73	8.3526
29.0249	484.497	1.54368
29.0249	495.264	-3.4469
29.0249	506.03	-3.48603
29.0249	516.797	0.504883
29.0249	527.563	8.68745
29.0249	538.33	6.89614
29.0249	549.097	-0.338844
29.0249	559.863	-3.40427
29.0249	570.63	-3.52684
29.0249	581.396	2.63596
29.0249	592.163	8.36171
29.0249	602.93	5.90948
29.0249	613.696	-2.38176
29.0249	624.463	-3.67304
29.0249	635.229	-3.86875
29.0249	645.996	4.12703
29.0249	656.763	8.09394
29.0249	667.529	5.1197
29.0249	678.296	-3.74932
29.0249	689.062	-3.84897
29.0249	699.829	-3.74932
29.0249	710.596	5.1197
29.0249	721.362	8.09394
29.0249	732.129	4.12703
29.0249	742.896	-3.86875
29.0249	753.662	-3.67304
29.0249	764.429	-2.38176
29.0249	775.195	5.90948
29.0249	785.962	8.36171
29.0249	796.729	2.63596
29.0249	807.495	-3.52684
29.0249	818.262	-3.40427
29.0249	829.028	-0.338844
29.0249	839.795	6.89614
29.0249	850.562	8.68745
29.0249	861.328	0.504883
29.0249	872.095	-3.48603
29.0249	882.861	-3.4469
29.0249	893.628	1.54368
29.0249	904.395	8.3526
29.0249	915.161	8.82325
29.0249	925.928	-2.08903
29.0249	936.694	-3.77782
29.0249	947.461	-3.80691
29.0249	958.228	3.18417
29.0249	968.994	10.1856
29.0249	979.761	8.5852
29.0249	990.527	-4.07858
29.0249	1001.29	-3.9522
29.0249	1012.06	-3.69229
29.0249	1022.83	5.15486
29.0249	1033.59	12.11
29.0249	1044.36	7.84305
29.0249	1055.13	-4.2319
29.0249	1065.89	-3.64543
29.0249	1076.66	-2.11596
29.0249	1087.43	8.16459
29.0249	1098.19	13.9386
29.0249	1108.96	6.47266
29.0249	1119.73	-3.63365
29.0249	1130.49	-3.18442
29.0249	1141.26	0.524207
29.0249	1152.03	12.1846
29.0249	1162.79	15.6647
29.0249	1173.56	4.29759
29.0249	1184.33	-3.62783
29.0249	1195.09	-3.25915
29.0249	1205.86	4.16017
29.0249	1216.63	16.8534
29.0249	1227.39	17.4936
29.0249	1238.16	0.988108
29.0249	1248.93	-4.59641
29.0249	1259.69	-4.49272
29.0249	1270.46	10.7225
29.0249	1281.23	22.5495
29.0249	1291.99	20.1202
29.0249	1302.76	-4.20351
29.0249	1313.53	-6.29381
29.0249	1324.29	-7.00899
29.0249	1335.06	23.7475
29.0249	1345.83	32.7298
29.0249	1356.59	27.0823
29.0249	1367.36	-13.0839
31.9274	0	-34.0518
31.9274	10.7666	-6.43548
31.9274	21.5332	26.8517
31.9274	32.2998	32.7621
31.9274	43.0664	23.9686
31.9274	53.833	-16.7804
31.9274	64.5996	-20.0588
31.9274	75.3662	-4.14363
31.9274	86.1328	19.6127
31.9274	96.8994	22.8194
31.9274	107.666	10.8434
31.9274	118.433	-18.4872
31.9274	129.199	-23.6345
31.9274	139.966	-1.2804
31.9274	150.732	16.979
31.9274	161.499	17.5669
31.9274	172.266	1.95138
31.9274	183.032	-22.3534
31.9274	193.799	-27.8045
31.9274	204.565	1.38114
31.9274	215.332	15.4005
31.9274	226.099	13.3986
31.9274	236.865	-6.68828
31.9274	247.632	-26.7962
31.9274	258.398	-34.0878
31.9274	269.165	3.63176
31.9274	279.932	14.1439
31.9274	290.698	9.49549
31.9274	301.465	-16.6508
31.9274	312.231	-31.2906
31.9274	322.998	-30.8052
31.9274	333.765	5.48927
31.9274	344.531	12.9313
31.9274	355.298	5.49219
31.9274	366.064	-31.1911
31.9274	376.831	-32.9367
31.9274	387.598	-19.3713
31.9274	398.364	6.99414
31.9274	409.131	11.6197
31.9274	419.897	1.15176
31.9274	430.664	-34.6315
31.9274	441.431	-31.7908
31.9274	452.197	-12.2006
31.9274	462.964	8.17076
31.9274	473.73	10.1219
31.9274	484.497	-3.751
31.9274	495.264	-31.3352
31.9274	506.03	-31.8372
31.9274	516.797	-6.82076
31.9274	527.563	9.03564
31.9274	538.33	8.3736
31.9274	549.097	-9.51984
31.9274	559.863	-31.7809
31.9274	570.63	-34.0852
31.9274	581.396	-2.54072
31.9274	592.163	9.60387
31.9274	602.93	6.31309
31.9274	613.696	-16.6793
31.9274	624.463	-33.9204
31.9274	635.229	-41.6605
31.9274	645.996	0.959662
31.9274	656.763	9.88594
31.9274	667.529	3.87048
31.9274	678.296	-26.5784
31.9274	689.062	-35.7846
31.9274	699.829	-26.5784
31.9274	710.596	3.87048
31.9274	721.362	9.88594
31.9274	732.129	0.959662
31.9274	742.896	-41.6605
31.9274	753.662	-33.9204
31.9274	764.429	-16.6793
31.9274	775.195	6.31309
31.9274	785.962	9.60387
31.9274	796.729	-2.54072
31.9274	807.495	-34.0852
31.9274	818.262	-31.7809
31.9274	829.028	-9.51984
31.9274	839.795	8.3736
31.9274	850.562	9.03564
31.9274	861.328	-6.82076
31.9274	872.095	-31.8372
31.9274	882.861	-31.3352
31.9274	893.628	-3.751
31.9274	904.395	10.1219
31.9274	915.161	8.17076
31.9274	925.928	-12.2006
31.9274	936.694	-31.7908
31.9274	947.461	-34.6315
31.9274	958.228	1.15176
31.9274	968.994	11.6197
31.9274	979.761	6.99414
31.9274	990.527	-19.3713
31.9274	1001.29	-32.9367
31.9274	1012.06	-31.1911
31.9274	1022.83	5.49219
31.9274	1033.59	12.9313
31.9274	1044.36	5.48927
31.9274	1055.13	-30.8052
31.9274	1065.89	-31.2906
31.9274	1076.66	-16.6508
31.9274	1087.43	9.49549
31.9274	1098.19	14.1439
31.9274	1108.96	3.63176
31.9274	1119.73	-34.0878
31.9274	1130.49	-26.7962
31.9274	1141.26	-6.68828
31.9274	1152.03	13.3986
31.9274	1162.79	15.4005
31.9274	1173.56	1.38114
31.9274	1184.33	-27.8045
31.9274	1195.09	-22.3534
31.9274	1205.86	1.95138
31.9274	1216.63	17.5669
31.9274	1227.39	16.979
31.9274	1238.16	-1.2804
31.9274	1248.93	-23.6345
31.9274	1259.69	-18.4872
31.9274	1270.46	10.8434
31.9274	1281.23	22.8194
31.9274	1291.99	19.6127
31.9274	1302.76	-4.14363
31.9274	1313.53	-20.0588
31.9274	1324.29	-16.7804
31.9274	1335.06	23.9686
31.9274	1345.83	32.7621
31.9274	1356.59	26.8517
31.9274	1367.36	-6.43548
34.8299	0	-24.6541
34.8299	10.7666	-6.26472
34.8299	21.5332	26.8492
34.8299	32.2998	32.7632
34.8299	43.0664	23.9651
34.8299	53.833	-18.6286
34.8299	64.5996	-28.3922
34.8299	75.3662	-4.53527
34.8299	86.1328	19.624
34.8299	96.8994	22.8149
34.8299	107.666	10.8455
34.8299	118.433	-21.0429
34.8299	129.199	-43.0368
34.8299	139.966	-1.24908
34.8299	150.732	16.9711
34.8299	161.499	17.576
34.8299	172.266	1.86566
34.8299	183.032	-28.982
34.8299	193.799	-35.977
34.8299	204.565	1.40572
34.8299	215.332	15.3941
34.8299	226.099	13.4093
34.8299	236.865	-6.88314
34.8299	247.632	-36.7134
34.8299	258.398	-37.5575
34.8299	269.165	3.66049
34.8299	279.932	14.1358
34.8299	290.698	9.51188
34.8299	301.465	-17.2113
34.8299	312.231	-44.5523
34.8299	322.998	-34.0218
34.8299	333.765	5.51436
34.8299	344.531	12.9224
34.8299	355.298	5.51401
34.8299	366.064	-33.6821
34.8299	376.831	-46.2211
34.8299	387.598	-20.0315
34.8299	398.364	7.01051
34.8299	409.131	11.6126
34.8299	419.897	1.17082
34.8299	430.664	-38.4097
34.8299	441.431	-47.5359
34.8299	452.197	-12.3756
34.8299	462.964	8.17738
34.8299	473.73	10.1196
34.8299	484.497	-3.75958
34.8299	495.264	-37.8422
34.8299	506.03	-41.8896
34.8299	516.797	-6.84413
34.8299	527.563	9.03413
34.8299	538.33	8.37856
34.8299	549.097	-9.61882
34.8299	559.863	-43.3417
34.8299	570.63	-39.1586
34.8299	581.396	-2.52549
34.8299	592.163	9.59815
34.8299	602.93	6.32512
34.8299	613.696	-17.0168
34.8299	624.463	-48.387
34.8299	635.229	-57.7724
34.8299	645.996	0.984407
34.8299	656.763	9.87737
34.8299	667.529	3.89086
34.8299	678.296	-27.7401
34.8299	689.062	-49.6788
34.8299	699.829	-27.7401
34.8299	710.596	3.89086
34.8299	721.362	9.87737
34.8299	732.129	0.984407
34.8299	742.896	-57.7724
34.8299	753.662	-48.387
34.8299	764.429	-17.0168
34.8299	775.195	6.32512
34.8299	785.962	9.59815
34.8299	796.729	-2.52549
34.8299	807.495	-39.1586
34.8299	818.262	-43.3417
34.8299	829.028	-9.61882
34.8299	839.795	8.37856
34.8299	850.562	9.03413
34.8299	861.328	-6.84413
34.8299	872.095	-41.8896
34.8299	882.861	-37.8422
34.8299	893.628	-3.75958
34.8299	904.395	10.1196
34.8299	915.161	8.17738
34.8299	925.928	-12.3756
34.8299	936.694	-47.5359
34.8299	947.461	-38.4097
34.8299	958.228	1.17082
34.8299	968.994	11.6126
34.8299	979.761	7.01051
34.8299	990.527	-20.0315
34.8299	1001.29	-46.2211
34.8299	1012.06	-33.6821
34.8299	1022.83	5.51401
34.8299	1033.59	12.9224
34.8299	1044.36	5.51436
34.8299	1055.13	-34.0218
34.8299	1065.89	-44.5523
34.8299	1076.66	-17.2113
34.8299	1087.43	9.51188
34.8299	1098.19	14.1358
34.8299	1108.96	3.66049
34.8299	1119.73	-37.5575
34.8299	1130.49	-36.7134
34.8299	1141.26	-6.88314
34.8299	1152.03	13.4093
34.8299	1162.79	15.3941
34.8299	1173.56	1.40572
34.8299	1184.33	-35.977
34.8299	1195.09	-28.982
34.8299	1205.86	1.86566
34.8299	1216.63	17.576
34.8299	1227.39	16.9711
34.8299	1238.16	-1.24908
34.8299	1248.93	-43.0368
34.8299	1259.69	-21.0429
34.8299	1270.46	10.8455
34.8299	1281.23	22.8149
34.8299	1291.99	19.624
34.8299	1302.76	-4.53527
34.8299	1313.53	-28.3922
34.8299	1324.29	-18.6286
34.8299	1335.06	23.9651
34.8299	1345.83	32.7632
34.8299	1356.59	26.8492
34.8299	1367.36	-6.26472
37.7324	0	-2.97368
37.7324	10.7666	-3.05736
37.7324	21.5332	27.2261
37.7324	32.2998	32.713
37.7324	43.0664	23.5415
37.7324	53.833	-3.81598
37.7324	64.5996	-3.74935
37.7324	75.3662	-0.0750657
37.7324	86.1328	20.4415
37.7324	96.8994	22.3714
37.7324	107.666	10.1381
37.7324	118.433	-3.90391
37.7324	129.199	-3.11511
37.7324	139.966	3.35342
37.7324	150.732	17.8117
37.7324	161.499	16.3722
37.7324	172.266	3.95625
37.7324	183.032	-3.38449
37.7324	193.799	-2.63585
37.7324	204.565	5.96174
37.7324	215.332	15.8358
37.7324	226.099	11.3284
37.7324	236.865	1.29317
37.7324	247.632	-3.19698
37.7324	258.398	-2.43482
37.7324	269.165	7.80417
37.7324	279.932	13.809
37.7324	290.698	7.23084
37.7324	301.465	-0.541067
37.7324	312.231	-3.25244
37.7324	322.998	-2.18549
37.7324	333.765	8.95678
37.7324	344.531	11.4998
37.7324	355.298	4.90902
37.7324	366.064	-1.93616
37.7324	376.831	-3.25978
37.7324	387.598	-1.26488
37.7324	398.364	9.45133
37.7324	409.131	8.99024
37.7324	419.897	3.83139
37.7324	430.664	-2.63863
37.7324	441.431	-3.09767
37.7324	452.197	0.509676
37.7324	462.964	9.31346
37.7324	473.73	6.84877
37.7324	484.497	2.80153
37.7324	495.264	-2.87381
37.7324	506.03	-2.8631
37.7324	516.797	2.54226
37.7324	527.563	8.59515
37.7324	538.33	5.87489
37.7324	549.097	1.39369
37.7324	559.863	-3.02114
37.7324	570.63	-2.65176
37.7324	581.396	4.24626
37.7324	592.163	7.4758
37.7324	602.93	5.85302
37.7324	613.696	-0.233172
37.7324	624.463	-3.17918
37.7324	635.229	-2.34664
37.7324	645.996	5.36576
37.7324	656.763	6.5057
37.7324	667.529	5.85541
37.7324	678.296	-1.59855
37.7324	689.062	-3.2534
37.7324	699.829	-1.59855
37.7324	710.596	5.85541
37.7324	721.362	6.5057
37.7324	732.129	5.36576
37.7324	742.896	-2.34664
37.7324	753.662	-3.17918
37.7324	764.429	-0.233172
37.7324	775.195	5.85302
37.7324	785.962	7.4758
37.7324	796.729	4.24626
37.7324	807.495	-2.65176
37.7324	818.262	-3.02114
37.7324	829.028	1.39369
37.7324	839.795	5.87489
37.7324	850.562	8.59515
37.7324	861.328	2.54226
37.7324	872.095	-2.8631
37.7324	882.861	-2.87381
37.7324	893.628	2.80153
37.7324	904.395	6.84877
37.7324	915.161	9.31346
37.7324	925.928	0.509676
37.7324	936.694	-3.09767
37.7324	947.461	-2.63863
37.7324	958.228	3.83139
37.7324	968.994	8.99024
37.7324	979.761	9.45133
37.7324	990.527	-1.26488
37.7324	1001.29	-3.25978
37.7324	1012.06	-1.93616
37.7324	1022.83	4.90902
37.7324	1033.59	11.4998
37.7324	1044.36	8.95678
37.7324	1055.13	-2.18549
37.7324	1065.89	-3.25244
37.7324	1076.66	-0.541067
37.7324	1087.43	7.23084
37.7324	1098.19	13.809
37.7324	1108.96	7.80417
37.7324	1119.73	-2.43482
37.7324	1130.49	-3.19698
37.7324	1141.26	1.29317
37.7324	1152.03	11.3284
37.7324	1162.79	15.8358
37.7324	1173.56	5.96174
37.7324	1184.33	-2.63585
37.7324	1195.09	-3.38449
37.7324	1205.86	3.95625
37.7324	1216.63	16.3722
37.7324	1227.39	17.8117
37.7324	1238.16	3.35342
37.7324	1248.93	-3.11511
37.7324	1259.69	-3.90391
37.7324	1270.46	10.1381
37.7324	1281.23	22.3714
37.7324	1291.99	20.4415
37.7324	1302.76	-0.0750657
37.7324	1313.53	-3.74935
37.7324	1324.29	-3.81598
37.7324	1335.06	23.5415
37.7324	1345.83	32.713
37.7324	1356.59	27.2261
37.7324	1367.36	-3.05736
40.6349	0	-16.7413
40.6349	10.7666	-5.96771
40.6349	21.5332	26.8517
40.6349	32.2998	32.7606
40.6349	43.0664	23.9783
40.6349	53.833	-12.9104
40.6349	64.5996	-14.7357
40.6349	75.3662	-3.58278
40.6349	86.1328	19.6032
40.6349	96.8994	22.8186
40.6349	107.666	10.8843
40.6349	118.433	-14.3378
40.6349	129.199	-16.6251
40.6349	139.966	-1.07065
40.6349	150.732	16.976
40.6349	161.499	17.5605
40.6349	172.266	2.09131
40.6349	183.032	-17.1651
40.6349	193.799	-19.7812
40.6349	204.565	1.4018
40.6349	215.332	15.4093
40.6349	226.099	13.3784
40.6349	236.865	-6.27595
40.6349	247.632	-21.2004
40.6349	258.398	-25.462
40.6349	269.165	3.59359
40.6349	279.932	14.1596
40.6349	290.698	9.46192
40.6349	301.465	-15.7043
40.6349	312.231	-26.7203
40.6349	322.998	-27.8421
40.6349	333.765	5.44967
40.6349	344.531	12.9463
40.6349	355.298	5.45791
40.6349	366.064	-28.5994
40.6349	376.831	-28.4727
40.6349	387.598	-18.3902
40.6349	398.364	6.9668
40.6349	409.131	11.6297
40.6349	419.897	1.14066
40.6349	430.664	-27.9977
40.6349	441.431	-25.9277
40.6349	452.197	-11.7957
40.6349	462.964	8.15702
40.6349	473.73	10.1239
40.6349	484.497	-3.6892
40.6349	495.264	-25.2304
40.6349	506.03	-25.3299
40.6349	516.797	-6.69971
40.6349	527.563	9.03489
40.6349	538.33	8.36384
40.6349	549.097	-9.27204
40.6349	559.863	-25.7528
40.6349	570.63	-27.3893
40.6349	581.396	-2.53692
40.6349	592.163	9.61285
40.6349	602.93	6.28961
40.6349	613.696	-16.0353
40.6349	624.463	-28.6945
40.6349	635.229	-33.345
40.6349	645.996	0.928141
40.6349	656.763	9.89962
40.6349	667.529	3.83684
40.6349	678.296	-25.2031
40.6349	689.062	-31.8414
40.6349	699.829	-25.2031
40.6349	710.596	3.83684
40.6349	721.362	9.89962
40.6349	732.129	0.928141
40.6349	742.896	-33.345
40.6349	753.662	-28.6945
40.6349	764.429	-16.0353
40.6349	775.195	6.28961
40.6349	785.962	9.61285
40.6349	796.729	-2.53692
40.6349	807.495	-27.3893
40.6349	818.262	-25.7528
40.6349	829.028	-9.27204
40.6349	839.795	8.36384
40.6349	850.562	9.03489
40.6349	861.328	-6.69971
40.6349	872.095	-25.3299
40.6349	882.861	-25.2304
40.6349	893.628	-3.6892
40.6349	904.395	10.1239
40.6349	915.161	8.15702
40.6349	925.928	-11.7957
40.6349	936.694	-25.9277
40.6349	947.461	-27.9977
40.6349	958.228	1.14066
40.6349	968.994	11.6297
40.6349	979.761	6.9668
40.6349	990.527	-18.3902
40.6349	1001.29	-28.4727
40.6349	1012.06	-28.5994
40.6349	1022.83	5.45791
40.6349	1033.59	12.9463
40.6349	1044.36	5.44967
40.6349	1055.13	-27.8421
40.6349	1065.89	-26.7203
40.6349	1076.66	-15.7043
40.6349	1087.43	9.46192
40.6349	1098.19	14.1596
40.6349	1108.96	3.59359
40.6349	1119.73	-25.462
40.6349	1130.49	-21.2004
40.6349	1141.26	-6.27595
40.6349	1152.03	13.3784
40.6349	1162.79	15.4093
40.6349	1173.56	1.4018
40.6349	1184.33	-19.7812
40.6349	1195.09	-17.1651
40.6349	1205.86	2.09131
40.6349	1216.63	17.5605
40.6349	1227.39	16.976
40.6349	1238.16	-1.07065
40.6349	1248.93	-16.6251
40.6349	1259.69	-14.3378
40.6349	1270.46	10.8843
40.6349	1281.23	22.8186
40.6349	1291.99	19.6032
40.6349	1302.76	-3.58278
40.6349	1313.53	-14.7357
40.6349	1324.29	-12.9104
40.6349	1335.06	23.9783
40.6349	1345.83	32.7606
40.6349	1356.59	26.8517
40.6349	1367.36	-5.96771
43.5374	0	-20.1188
43.5374	10.7666	-5.44729
43.5374	21.5332	26.8348
43.5374	32.2998	32.7663
43.5374	43.0664	23.9694
43.5374	53.833	-15.4528
43.5374	64.5996	-15.5542
43.5374	75.3662	-2.36975
43.5374	86.1328	19.5081
43.5374	96.8994	22.8736
43.5374	107.666	10.6889
43.5374	118.433	-18.9278
43.5374	129.199	-14.1586
43.5374	139.966	0.284137
43.5374	150.732	16.7983
43.5374	161.499	17.7088
43.5374	172.266	1.21719
43.5374	183.032	-18.3202
43.5374	193.799	-13.3911
43.5374	204.565	2.5645
43.5374	215.332	15.1748
43.5374	226.099	13.6517
43.5374	236.865	-9.02245
43.5374	247.632	-16.7707
43.5374	258.398	-14.0854
43.5374	269.165	4.44175
43.5374	279.932	13.9109
43.5374	290.698	9.86675
43.5374	301.465	-19.1957
43.5374	312.231	-16.9211
43.5374	322.998	-16.8564
43.5374	333.765	5.96426
43.5374	344.531	12.735
43.5374	355.298	5.94827
43.5374	366.064	-18.2499
43.5374	376.831	-18.5749
43.5374	387.598	-17.9848
43.5374	398.364	7.17658
43.5374	409.131	11.5125
43.5374	419.897	1.55557
43.5374	430.664	-19.2286
43.5374	441.431	-20.2914
43.5374	452.197	-11.0111
43.5374	462.964	8.11234
43.5374	473.73	10.1593
43.5374	484.497	-3.79574
43.5374	495.264	-21.6894
43.5374	506.03	-19.1823
43.5374	516.797	-5.31893
43.5374	527.563	8.79557
43.5374	538.33	8.60985
43.5374	549.097	-11.2401
43.5374	559.863	-20.8904
43.5374	570.63	-17.1387
43.5374	581.396	-1.16626
43.5374	592.163	9.24263
43.5374	602.93	6.79914
43.5374	613.696	-25.5774
43.5374	624.463	-18.605
43.5374	635.229	-16.764
43.5374	645.996	2.0522
43.5374	656.763	9.46373
43.5374	667.529	4.64952
43.5374	678.296	-20.0097
43.5374	689.062	-17.7465
43.5374	699.829	-20.0097
43.5374	710.596	4.64952
43.5374	721.362	9.46373
43.5374	732.129	2.0522
43.5374	742.896	-16.764
43.5374	753.662	-18.605
43.5374	764.429	-25.5774
43.5374	775.195	6.79914
43.5374	785.962	9.24263
43.5374	796.729	-1.16626
43.5374	807.495	-17.1387
43.5374	818.262	-20.8904
43.5374	829.028	-11.2401
43.5374	839.795	8.60985
43.5374	850.562	8.79557
43.5374	861.328	-5.31893
43.5374	872.095	-19.1823
43.5374	882.861	-21.6894
43.5374	893.628	-3.79574
43.5374	904.395	10.1593
43.5374	915.161	8.11234
43.5374	925.928	-11.0111
43.5374	936.694	-20.2914
43.5374	947.461	-19.2286
43.5374	958.228	1.55557
43.5374	968.994	11.5125
43.5374	979.761	7.17658
43.5374	990.527	-17.9848
43.5374	1001.29	-18.5749
43.5374	1012.06	-18.2499
43.5374	1022.83	5.94827
43.5374	1033.59	12.735
43.5374	1044.36	5.96426
43.5374	1055.13	-16.8564
43.5374	1065.89	-16.9211
43.5374	1076.66	-19.1957
43.5374	1087.43	9.86675
43.5374	1098.19	13.9109
43.5374	1108.96	4.44175
43.5374	1119.73	-14.0854
43.5374	1130.49	-16.7707
43.5374	1141.26	-9.02245
43.5374	1152.03	13.6517
43.5374	1162.79	15.1748
43.5374	1173.56	2.5645
43.5374	1184.33	-13.3911
43.5374	1195.09	-18.3202
43.5374	1205.86	1.21719
43.5374	1216.63	17.7088
43.5374	1227.39	16.7983
43.5374	1238.16	0.284137
43.5374	1248.93	-14.1586
43.5374	1259.69	-18.9278
43.5374	1270.46	10.6889
43.5374	1281.23	22.8736
43.5374	1291.99	19.5081
43.5374	1302.76	-2.36975
43.5374	1313.53	-15.5542
43.5374	1324.29	-15.4528
43.5374	1335.06	23.9694
43.5374	1345.83	32.7663
43.5374	1356.59	26.8348
43.5374	1367.36	-5.44729
46.4399	0	-25.1158
46.4399	10.7666	-6.39216
46.4399	21.5332	26.8522
46.4399	32.2998	32.7616
46.4399	43.0664	23.9708
46.4399	53.833	-15.6611
46.4399	64.5996	-18.1981
46.4399	75.3662	-3.98614
46.4399	86.1328	19.6093
46.4399	96.8994	22.8199
46.4399	107.666	10.8501
46.4399	118.433	-17.2088
46.4399	129.199	-20.8849
46.4399	139.966	-1.23639
46.4399	150.732	16.9786
46.4399	161.499	17.5653
46.4399	172.266	1.98449
46.4399	183.032	-20.4989
46.4399	193.799	-24.7075
46.4399	204.565	1.37226
46.4399	215.332	15.4045
46.4399	226.099	13.3918
46.4399	236.865	-6.56861
46.4399	247.632	-24.6914
46.4399	258.398	-31.1256
46.4399	269.165	3.61694
46.4399	279.932	14.1488
46.4399	290.698	9.48561
46.4399	301.465	-16.3704
46.4399	312.231	-29.6466
46.4399	322.998	-29.9435
46.4399	333.765	5.48025
46.4399	344.531	12.9345
46.4399	355.298	5.48436
46.4399	366.064	-30.4532
46.4399	376.831	-31.4047
46.4399	387.598	-19.1175
46.4399	398.364	6.98783
46.4399	409.131	11.6219
46.4399	419.897	1.14837
46.4399	430.664	-32.4361
46.4399	441.431	-29.6868
46.4399	452.197	-12.0935
46.4399	462.964	8.16652
46.4399	473.73	10.1232
46.4399	484.497	-3.74207
46.4399	495.264	-29.2339
46.4399	506.03	-29.4067
46.4399	516.797	-6.79253
46.4399	527.563	9.03524
46.4399	538.33	8.37165
46.4399	549.097	-9.46399
46.4399	559.863	-29.5518
46.4399	570.63	-31.7036
46.4399	581.396	-2.54435
46.4399	592.163	9.60671
46.4399	602.93	6.30661
46.4399	613.696	-16.5028
46.4399	624.463	-31.9583
46.4399	635.229	-38.4166
46.4399	645.996	0.949431
46.4399	656.763	9.8899
46.4399	667.529	3.86096
46.4399	678.296	-26.139
46.4399	689.062	-34.2402
46.4399	699.829	-26.139
46.4399	710.596	3.86096
46.4399	721.362	9.8899
46.4399	732.129	0.949431
46.4399	742.896	-38.4166
46.4399	753.662	-31.9583
46.4399	764.429	-16.5028
46.4399	775.195	6.30661
46.4399	785.962	9.60671
46.4399	796.729	-2.54435
46.4399	807.495	-31.7036
46.4399	818.262	-29.5518
46.4399	829.028	-9.46399
46.4399	839.795	8.37165
46.4399	850.562	9.03524
46.4399	861.328	-6.79253
46.4399	872.095	-29.4067
46.4399	882.861	-29.2339
46.4399	893.628	-3.74207
46.4399	904.395	10.1232
46.4399	915.161	8.16652
46.4399	925.928	-12.0935
46.4399	936.694	-29.6868
46.4399	947.461	-32.4361
46.4399	958.228	1.14837
46.4399	968.994	11.6219
46.4399	979.761	6.98783
46.4399	990.527	-19.1175
46.4399	1001.29	-31.4047
46.4399	1012.06	-30.4532
46.4399	1022.83	5.48436
46.4399	1033.59	12.9345
46.4399	1044.36	5.48025
46.4399	1055.13	-29.9435
46.4399	1065.89	-29.6466
46.4399	1076.66	-16.3704
46.4399	1087.43	9.48561
46.4399	1098.19	14.1488
46.4399	1108.96	3.61694
46.4399	1119.73	-31.1256
46.4399	1130.49	-24.6914
46.4399	1141.26	-6.56861
46.4399	1152.03	13.3918
46.4399	1162.79	15.4045
46.4399	1173.56	1.37226
46.4399	1184.33	-24.7075
46.4399	1195.09	-20.4989
46.4399	1205.86	1.98449
46.4399	1216.63	17.5653
46.4399	1227.39	16.9786
46.4399	1238.16	-1.23639
46.4399	1248.93	-20.8849
46.4399	1259.69	-17.2088
46.4399	1270.46	10.8501
46.4399	1281.23	22.8199
46.4399	1291.99	19.6093
46.4399	1302.76	-3.98614
46.4399	1313.53	-18.1981
46.4399	1324.29	-15.6611
46.4399	1335.06	23.9708
46.4399	1345.83	32.7616
46.4399	1356.59	26.8522
46.4399	1367.36	-6.39216
49.3424	0	-16.1318
49.3424	10.7666	-9.87344
49.3424	21.5332	26.9034
49.3424	32.2998	32.7497
49.3424	43.0664	23.9607
49.3424	53.833	-13.4356
49.3424	64.5996	-12.4452
49.3424	75.3662	-8.39939
49.3424	86.1328	19.8116
49.3424	96.8994	22.7034
49.3424	107.666	11.1562
49.3424	118.433	-11.5999
49.3424	129.199	-13.648
49.3424	139.966	-2.76612
49.3424	150.732	17.21
49.3424	161.499	17.3263
49.3424	172.266	3.19997
49.3424	183.032	-12.1229
49.3424	193.799	-13.4656
49.3424	204.565	1.31335
49.3424	215.332	15.5508
49.3424	226.099	13.1011
49.3424	236.865	-3.62824
49.3424	247.632	-12.8747
49.3424	258.398	-12.9941
49.3424	269.165	4.28953
49.3424	279.932	14.0925
49.3424	290.698	9.38968
49.3424	301.465	-10.1366
49.3424	312.231	-13.341
49.3424	322.998	-14.2082
49.3424	333.765	6.38123
49.3424	344.531	12.6248
49.3424	355.298	5.94806
49.3424	366.064	-13.4004
49.3424	376.831	-13.499
49.3424	387.598	-17.0669
49.3424	398.364	7.78621
49.3424	409.131	11.114
49.3424	419.897	2.51834
49.3424	430.664	-12.9837
49.3424	441.431	-13.5282
49.3424	452.197	-11.6292
49.3424	462.964	8.64549
49.3424	473.73	9.60097
49.3424	484.497	-1.29485
49.3424	495.264	-12.8638
49.3424	506.03	-13.3024
49.3424	516.797	-5.05507
49.3424	527.563	9.08828
49.3424	538.33	8.11167
49.3424	549.097	-5.95866
49.3424	559.863	-13.2328
49.3424	570.63	-12.9769
49.3424	581.396	-0.611886
49.3424	592.163	9.25766
49.3424	602.93	6.56992
49.3424	613.696	-11.4023
49.3424	624.463	-13.4671
49.3424	635.229	-13.3148
49.3424	645.996	2.5061
49.3424	656.763	9.29343
49.3424	667.529	4.7894
49.3424	678.296	-14.1498
49.3424	689.062	-13.5004
49.3424	699.829	-14.1498
49.3424	710.596	4.7894
49.3424	721.362	9.29343
49.3424	732.129	2.5061
49.3424	742.896	-13.3148
49.3424	753.662	-13.4671
49.3424	764.429	-11.4023
49.3424	775.195	6.56992
49.3424	785.962	9.25766
49.3424	796.729	-0.611886
49.3424	807.495	-12.9769
49.3424	818.262	-13.2328
49.3424	829.028	-5.95866
49.3424	839.795	8.11167
49.3424	850.562	9.08828
49.3424	861.328	-5.05507
49.3424	872.095	-13.3024
49.3424	882.861	-12.8638
49.3424	893.628	-1.29485
49.3424	904.395	9.60097
49.3424	915.161	8.64549
49.3424	925.928	-11.6292
49.3424	936.694	-13.5282
49.3424	947.461	-12.9837
49.3424	958.228	2.51834
49.3424	968.994	11.114
49.3424	979.761	7.78621
49.3424	990.527	-17.0669
49.3424	1001.29	-13.499
49.3424	1012.06	-13.4004
49.3424	1022.83	5.94806
49.3424	1033.59	12.6248
49.3424	1044.36	6.38123
49.3424	1055.13	-14.2082
49.3424	1065.89	-13.341
49.3424	1076.66	-10.1366
49.3424	1087.43	9.38968
49.3424	1098.19	14.0925
49.3424	1108.96	4.28953
49.3424	1119.73	-12.9941
49.3424	1130.49	-12.8747
49.3424	1141.26	-3.62824
49.3424	1152.03	13.1011
49.3424	1162.79	15.5508
49.3424	1173.56	1.31335
49.3424	1184.33	-13.4656
49.3424	1195.09	-12.1229
49.3424	1205.86	3.19997
49.3424	1216.63	17.3263
49.3424	1227.39	17.21
49.3424	1238.16	-2.76612
49.3424	1248.93	-13.648
49.3424	1259.69	-11.5999
49.3424	1270.46	11.1562
49.3424	1281.23	22.7034
49.3424	1291.99	19.8116
49.3424	1302.76	-8.39939
49.3424	1313.53	-12.4452
49.3424	1324.29	-13.4356
49.3424	1335.06	23.9607
49.3424	1345.83	32.7497
49.3424	1356.59	26.9034
49.3424	1367.36	-9.87344
52.2449	0	-29.8117
52.2449	10.7666	-6.36155
52.2449	21.5332	26.8503
52.2449	32.2998	32.7628
52.2449	43.0664	23.966
52.2449	53.833	-18.1783
52.2449	64.5996	-24.1523
52.2449	75.3662	-4.39278
52.2449	86.1328	19.6195
52.2449	96.8994	22.817
52.2449	107.666	10.842
52.2449	118.433	-20.3195
52.2449	129.199	-31.5605
52.2449	139.966	-1.2889
52.2449	150.732	16.976
52.2449	161.499	17.5713
52.2449	172.266	1.89998
52.2449	183.032	-26.1905
52.2449	193.799	-33.22
52.2449	204.565	1.40786
52.2449	215.332	15.3939
52.2449	226.099	13.4086
52.2449	236.865	-6.84812
52.2449	247.632	-31.4441
52.2449	258.398	-38.6201
52.2449	269.165	3.64487
52.2449	279.932	14.1399
52.2449	290.698	9.50436
52.2449	301.465	-16.9769
52.2449	312.231	-35.4068
52.2449	322.998	-32.6638
52.2449	333.765	5.50583
52.2449	344.531	12.9253
52.2449	355.298	5.50659
52.2449	366.064	-32.713
52.2449	376.831	-37.7182
52.2449	387.598	-19.8433
52.2449	398.364	7.00655
52.2449	409.131	11.6142
52.2449	419.897	1.1659
52.2449	430.664	-37.8362
52.2449	441.431	-37.342
52.2449	452.197	-12.3147
52.2449	462.964	8.17444
52.2449	473.73	10.1211
52.2449	484.497	-3.76237
52.2449	495.264	-35.5847
52.2449	506.03	-37.1131
52.2449	516.797	-6.84219
52.2449	527.563	9.03502
52.2449	538.33	8.37679
52.2449	549.097	-9.5891
52.2449	559.863	-36.9319
52.2449	570.63	-38.0139
52.2449	581.396	-2.53213
52.2449	592.163	9.60008
52.2449	602.93	6.3213
52.2449	613.696	-16.9105
52.2449	624.463	-38.9191
52.2449	635.229	-50.7219
52.2449	645.996	0.975692
52.2449	656.763	9.88024
52.2449	667.529	3.88409
52.2449	678.296	-27.3149
52.2449	689.062	-40.1647
52.2449	699.829	-27.3149
52.2449	710.596	3.88409
52.2449	721.362	9.88024
52.2449	732.129	0.975692
52.2449	742.896	-50.7219
52.2449	753.662	-38.9191
52.2449	764.429	-16.9105
52.2449	775.195	6.3213
52.2449	785.962	9.60008
52.2449	796.729	-2.53213
52.2449	807.495	-38.0139
52.2449	818.262	-36.9319
52.2449	829.028	-9.5891
52.2449	839.795	8.37679
52.2449	850.562	9.03502
52.2449	861.328	-6.84219
52.2449	872.095	-37.1131
52.2449	882.861	-35.5847
52.2449	893.628	-3.76237
52.2449	904.395	10.1211
52.2449	915.161	8.17444
52.2449	925.928	-12.3147
52.2449	936.694	-37.342
52.2449	947.461	-37.8362
52.2449	958.228	1.1659
52.2449	968.994	11.6142
52.2449	979.761	7.00655
52.2449	990.527	-19.8433
52.2449	1001.29	-37.7182
52.2449	1012.06	-32.713
52.2449	1022.83	5.50659
52.2449	1033.59	12.9253
52.2449	1044.36	5.50583
52.2449	1055.13	-32.6638
52.2449	1065.89	-35.4068
52.2449	1076.66	-16.9769
52.2449	1087.43	9.50436
52.2449	1098.19	14.1399
52.2449	1108.96	3.64487
52.2449	1119.73	-38.6201
52.2449	1130.49	-31.4441
52.2449	1141.26	-6.84812
52.2449	1152.03	13.4086
52.2449	1162.79	15.3939
52.2449	1173.56	1.40786
52.2449	1184.33	-33.22
52.2449	1195.09	-26.1905
52.2449	1205.86	1.89998
52.2449	1216.63	17.5713
52.2449	1227.39	16.976
52.2449	1238.16	-1.2889
52.2449	1248.93	-31.5605
52.2449	1259.69	-20.3195
52.2449	1270.46	10.842
52.2449	1281.23	22.817
52.2449	1291.99	19.6195
52.2449	1302.76	-4.39278
52.2449	1313.53	-24.1523
52.2449	1324.29	-18.1783
52.2449	1335.06	23.966
52.2449	1345.83	32.7628
52.2449	1356.59	26.8503
52.2449	1367.36	-6.36155
55.1474	0	-20.227
55.1474	10.7666	-6.24694
55.1474	21.5332	26.8523
55.1474	32.2998	32.7611
55.1474	43.0664	23.974
55.1474	53.833	-14.3406
55.1474	64.5996	-16.4282
55.1474	75.3662	-3.80237
55.1474	86.1328	19.6061
55.1474	96.8994	22.8197
55.1474	107.666	10.8632
55.1474	118.433	-15.8002
55.1474	129.199	-18.6004
55.1474	139.966	-1.16549
55.1474	150.732	16.9773
55.1474	161.499	17.5635
55.1474	172.266	2.02884
55.1474	183.032	-18.7716
55.1474	193.799	-22.0233
55.1474	204.565	1.37876
55.1474	215.332	15.4073
55.1474	226.099	13.3852
55.1474	236.865	-6.43285
55.1474	247.632	-22.8224
55.1474	258.398	-28.0894
55.1474	269.165	3.6018
55.1474	279.932	14.1546
55.1474	290.698	9.47361
55.1474	301.465	-16.0382
55.1474	312.231	-28.0627
55.1474	322.998	-28.8669
55.1474	333.765	5.46566
55.1474	344.531	12.94
55.1474	355.298	5.47174
55.1474	366.064	-29.4981
55.1474	376.831	-29.8522
55.1474	387.598	-18.7963
55.1474	398.364	6.97949
55.1474	409.131	11.6249
55.1474	419.897	1.14558
55.1474	430.664	-30.0902
55.1474	441.431	-27.7614
55.1474	452.197	-11.9728
55.1474	462.964	8.16309
55.1474	473.73	10.1231
55.1474	484.497	-3.71874
55.1474	495.264	-27.1741
55.1474	506.03	-27.3143
55.1474	516.797	-6.75446
55.1474	527.563	9.03508
55.1474	538.33	8.36838
55.1474	549.097	-9.38317
55.1474	559.863	-27.5964
55.1474	570.63	-29.4621
55.1474	581.396	-2.54178
55.1474	592.163	9.60929
55.1474	602.93	6.29941
55.1474	613.696	-16.2957
55.1474	624.463	-30.2574
55.1474	635.229	-35.6721
55.1474	645.996	0.939091
55.1474	656.763	9.89438
55.1474	667.529	3.84988
55.1474	678.296	-25.6777
55.1474	689.062	-32.9476
55.1474	699.829	-25.6777
55.1474	710.596	3.84988
55.1474	721.362	9.89438
55.1474	732.129	0.939091
55.1474	742.896	-35.6721
55.1474	753.662	-30.2574
55.1474	764.429	-16.2957
55.1474	775.195	6.29941
55.1474	785.962	9.60929
55.1474	796.729	-2.54178
55.1474	807.495	-29.4621
55.1474	818.262	-27.5964
55.1474	829.028	-9.38317
55.1474	839.795	8.36838
55.1474	850.562	9.03508
55.1474	861.328	-6.75446
55.1474	872.095	-27.3143
55.1474	882.861	-27.1741
55.1474	893.628	-3.71874
55.1474	904.395	10.1231
55.1474	915.161	8.16309
55.1474	925.928	-11.9728
55.1474	936.694	-27.7614
55.1474	947.461	-30.0902
55.1474	958.228	1.14558
55.1474	968.994	11.6249
55.1474	979.761	6.97949
55.1474	990.527	-18.7963
55.1474	1001.29	-29.8522
55.1474	1012.06	-29.4981
55.1474	1022.83	5.47174
55.1474	1033.59	12.94
55.1474	1044.36	5.46566
55.1474	1055.13	-28.8669
55.1474	1065.89	-28.0627
55.1474	1076.66	-16.0382
55.1474	1087.43	9.47361
55.1474	1098.19	14.1546
55.1474	1108.96	3.6018
55.1474	1119.73	-28.0894
55.1474	1130.49	-22.8224
55.1474	1141.26	-6.43285
55.1474	1152.03	13.3852
55.1474	1162.79	15.4073
55.1474	1173.56	1.37876
55.1474	1184.33	-22.0233
55.1474	1195.09	-18.7716
55.1474	1205.86	2.02884
55.1474	1216.63	17.5635
55.1474	1227.39	16.9773
55.1474	1238.16	-1.16549
55.1474	1248.93	-18.6004
55.1474	1259.69	-15.8002
55.1474	1270.46	10.8632
55.1474	1281.23	22.8197
55.1474	1291.99	19.6061
55.1474	1302.76	-3.80237
55.1474	1313.53	-16.4282
55.1474	1324.29	-14.3406
55.1474	1335.06	23.974
55.1474	1345.83	32.7611
55.1474	1356.59	26.8523
55.1474	1367.36	-6.24694
58.0499	0	-0.453923
58.0499	10.7666	4.75025
58.0499	21.5332	27.4813
58.0499	32.2998	32.6979
58.0499	43.0664	22.9355
58.0499	53.833	2.08504
58.0499	64.5996	-0.519938
58.0499	75.3662	6.662
58.0499	86.1328	20.7083
58.0499	96.8994	22.238
58.0499	107.666	5.68783
58.0499	118.433	1.01547
58.0499	129.199	-0.596374
58.0499	139.966	8.32732
58.0499	150.732	17.8745
58.0499	161.499	15.821
58.0499	172.266	0.570875
58.0499	183.032	0.569503
58.0499	193.799	-0.630201
58.0499	204.565	9.61684
58.0499	215.332	15.5782
58.0499	226.099	9.57863
58.0499	236.865	2.79279
58.0499	247.632	0.567173
58.0499	258.398	-0.322477
58.0499	269.165	10.4334
58.0499	279.932	13.0689
58.0499	290.698	3.02668
58.0499	301.465	2.81784
58.0499	312.231	0.667849
58.0499	322.998	0.691593
58.0499	333.765	10.7315
58.0499	344.531	9.92146
58.0499	355.298	1.25763
58.0499	366.064	1.89691
58.0499	376.831	0.742574
58.0499	387.598	2.31236
58.0499	398.364	10.4593
58.0499	409.131	5.7072
58.0499	419.897	3.26185
58.0499	430.664	0.75787
58.0499	441.431	0.800937
58.0499	452.197	4.02412
58.0499	462.964	9.52942
58.0499	473.73	0.723789
58.0499	484.497	4.28449
58.0499	495.264	-0.116755
58.0499	506.03	0.916035
58.0499	516.797	5.40131
58.0499	527.563	7.79091
58.0499	538.33	0.519953
58.0499	549.097	4.28906
58.0499	559.863	-0.563228
58.0499	570.63	1.21432
58.0499	581.396	6.21886
58.0499	592.163	5.0424
58.0499	602.93	3.63079
58.0499	613.696	3.65066
58.0499	624.463	-0.713651
58.0499	635.229	1.82219
58.0499	645.996	6.33214
58.0499	656.763	1.70693
58.0499	667.529	5.56503
58.0499	678.296	2.7149
58.0499	689.062	-0.742176
58.0499	699.829	2.7149
58.0499	710.596	5.56503
58.0499	721.362	1.70693
58.0499	732.129	6.33214
58.0499	742.896	1.82219
58.0499	753.662	-0.713651
58.0499	764.429	3.65066
58.0499	775.195	3.63079
58.0499	785.962	5.0424
58.0499	796.729	6.21886
58.0499	807.495	1.21432
58.0499	818.262	-0.563228
58.0499	829.028	4.28906
58.0499	839.795	0.519953
58.0499	850.562	7.79091
58.0499	861.328	5.40131
58.0499	872.095	0.916035
58.0499	882.861	-0.116755
58.0499	893.628	4.28449
58.0499	904.395	0.723789
58.0499	915.161	9.52942
58.0499	925.928	4.02412
58.0499	936.694	0.800937
58.0499	947.461	0.75787
58.0499	958.228	3.26185
58.0499	968.994	5.7072
58.0499	979.761	10.4593
58.0499	990.527	2.31236
58.0499	1001.29	0.742574
58.0499	1012.06	1.89691
58.0499	1022.83	1.25763
58.0499	1033.59	9.92146
58.0499	1044.36	10.7315
58.0499	1055.13	0.691593
58.0499	1065.89	0.667849
58.0499	1076.66	2.81784
58.0499	1087.43	3.02668
58.0499	1098.19	13.0689
58.0499	1108.96	10.4334
58.0499	1119.73	-0.322477
58.0499	1130.49	0.567173
58.0499	1141.26	2.79279
58.0499	1152.03	9.57863
58.0499	1162.79	15.5782
58.0499	1173.56	9.61684
58.0499	1184.33	-0.630201
58.0499	1195.09	0.569503
58.0499	1205.86	0.570875
58.0499	1216.63	15.821
58.0499	1227.39	17.8745
58.0499	1238.16	8.32732
58.0499	1248.93	-0.596374
58.0499	1259.69	1.01547
58.0499	1270.46	5.68783
58.0499	1281.23	22.238
58.0499	1291.99	20.7083
58.0499	1302.76	6.662
58.0499	1313.53	-0.519938
58.0499	1324.29	2.08504
58.0499	1335.06	22.9355
58.0499	1345.83	32.6979
58.0499	1356.59	27.4813
58.0499	1367.36	4.75025
60.9524	0	-25.1158
60.9524	10.7666	-6.39216
60.9524	21.5332	26.8522
60.9524	32.2998	32.7616
60.9524	43.0664	23.9708
60.9524	53.833	-15.6611
60.9524	64.5996	-18.1981
60.9524	75.3662	-3.98614
60.9524	86.1328	19.6093
60.9524	96.8994	22.8199
60.9524	107.666	10.8501
60.9524	118.433	-17.2088
60.9524	129.199	-20.8849
60.9524	139.966	-1.23639
60.9524	150.732	16.9786
60.9524	161.499	17.5653
60.9524	172.266	1.98449
60.9524	183.032	-20.4989
60.9524	193.799	-24.7075
60.9524	204.565	1.37226
60.9524	215.332	15.4045
60.9524	226.099	13.3918
60.9524	236.865	-6.56861
60.9524	247.632	-24.6914
60.9524	258.398	-31.1256
60.9524	269.165	3.61694
60.9524	279.932	14.1488
60.9524	290.698	9.48561
60.9524	301.465	-16.3704
60.9524	312.231	-29.6466
60.9524	322.998	-29.9435
60.9524	333.765	5.48025
60.9524	344.531	12.9345
60.9524	355.298	5.48436
60.9524	366.064	-30.4532
60.9524	376.831	-31.4047
60.9524	387.598	-19.1175
60.9524	398.364	6.98783
60.9524	409.131	11.6219
60.9524	419.897	1.14837
60.9524	430.664	-32.4361
60.9524	441.431	-29.6868
60.9524	452.197	-12.0935
60.9524	462.964	8.16652
60.9524	473.73	10.1232
60.9524	484.497	-3.74207
60.9524	495.264	-29.2339
60.9524	506.03	-29.4067
60.9524	516.797	-6.79253
60.9524	527.563	9.03524
60.9524	538.33	8.37165
60.9524	549.097	-9.46399
60.9524	559.863	-29.5518
60.9524	570.63	-31.7036
60.9524	581.396	-2.54435
60.9524	592.163	9.60671
60.9524	602.93	6.30661
60.9524	613.696	-16.5028
60.9524	624.463	-31.9583
60.9524	635.229	-38.4166
60.9524	645.996	0.949431
60.9524	656.763	9.8899
60.9524	667.529	3.86096
60.9524	678.296	-26.139
60.9524	689.062	-34.2402
60.9524	699.829	-26.139
60.9524	710.596	3.86096
60.9524	721.362	9.8899
60.9524	732.129	0.949431
60.9524	742.896	-38.4166
60.9524	753.662	-31.9583
60.9524	764.429	-16.5028
60.9524	775.195	6.30661
60.9524	785.962	9.60671
60.9524	796.729	-2.54435
60.9524	807.495	-31.7036
60.9524	818.262	-29.5518
60.9524	829.028	-9.46399
60.9524	839.795	8.37165
60.9524	850.562	9.03524
60.9524	861.328	-6.79253
60.9524	872.095	-29.4067
60.9524	882.861	-29.2339
60.9524	893.628	-3.74207
60.9524	904.395	10.1232
60.9524	915.161	8.16652
60.9524	925.928	-12.0935
60.9524	936.694	-29.6868
60.9524	947.461	-32.4361
60.9524	958.228	1.14837
60.9524	968.994	11.6219
60.9524	979.761	6.98783
60.9524	990.527	-19.1175
60.9524	1001.29	-31.4047
60.9524	1012.06	-30.4532
60.9524	1022.83	5.48436
60.9524	1033.59	12.9345
60.9524	1044.36	5.48025
60.9524	1055.13	-29.9435
60.9524	1065.89	-29.6466
60.9524	1076.66	-16.3704
60.9524	1087.43	9.48561
60.9524	1098.19	14.1488
60.9524	1108.96	3.61694
60.9524	1119.73	-31.1256
60.9524	1130.49	-24.6914
60.9524	1141.26	-6.56861
60.9524	1152.03	13.3918
60.9524	1162.79	15.4045
60.9524	1173.56	1.37226
60.9524	1184.33	-24.7075
60.9524	1195.09	-20.4989
60.9524	1205.86	1.98449
60.9524	1216.63	17.5653
60.9524	1227.39	16.9786
60.9524	1238.16	-1.23639
60.9524	1248.93	-20.8849
60.9524	1259.69	-17.2088
60.9524	1270.46	10.8501
60.9524	1281.23	22.8199
60.9524	1291.99	19.6093
60.9524	1302.76	-3.98614
60.9524	1313.53	-18.1981
60.9524	1324.29	-15.6611
60.9524	1335.06	23.9708
60.9524	1345.83	32.7616
60.9524	1356.59	26.8522
60.9524	1367.36	-6.39216
63.8549	0	-26.2525
63.8549	10.7666	-6.30555
63.8549	21.5332	26.8496
63.8549	32.2998	32.7631
63.8549	43.0664	23.9654
63.8549	53.833	-18.4868
63.8549	64.5996	-26.3738
63.8549	75.3662	-4.47992
63.8549	86.1328	19.6222
63.8549	96.8994	22.8158
63.8549	107.666	10.8438
63.8549	118.433	-20.8003
63.8549	129.199	-37.4408
63.8549	139.966	-1.26866
63.8549	150.732	16.9733
63.8549	161.499	17.5739
63.8549	172.266	1.87967
63.8549	183.032	-27.8413
63.8549	193.799	-34.7247
63.8549	204.565	1.40977
63.8549	215.332	15.3934
63.8549	226.099	13.4098
63.8549	236.865	-6.87698
63.8549	247.632	-34.0181
63.8549	258.398	-38.8851
63.8549	269.165	3.65159
63.8549	279.932	14.1382
63.8549	290.698	9.50782
63.8549	301.465	-17.0995
63.8549	312.231	-38.9986
63.8549	322.998	-33.6612
63.8549	333.765	5.51312
63.8549	344.531	12.9227
63.8549	355.298	5.51291
63.8549	366.064	-33.4366
63.8549	376.831	-41.2348
63.8549	387.598	-19.9374
63.8549	398.364	7.00801
63.8549	409.131	11.6138
63.8549	419.897	1.16711
63.8549	430.664	-38.5159
63.8549	441.431	-41.015
63.8549	452.197	-12.3564
63.8549	462.964	8.17658
63.8549	473.73	10.1199
63.8549	484.497	-3.75993
63.8549	495.264	-36.9405
63.8549	506.03	-39.9722
63.8549	516.797	-6.84499
63.8549	527.563	9.03462
63.8549	538.33	8.37776
63.8549	549.097	-9.6074
63.8549	559.863	-40.1482
63.8549	570.63	-38.7826
63.8549	581.396	-2.52704
63.8549	592.163	9.59863
63.8549	602.93	6.32402
63.8549	613.696	-16.9815
63.8549	624.463	-42.5226
63.8549	635.229	-56.3742
63.8549	645.996	0.980669
63.8549	656.763	9.87856
63.8549	667.529	3.88817
63.8549	678.296	-27.5728
63.8549	689.062	-43.6688
63.8549	699.829	-27.5728
63.8549	710.596	3.88817
63.8549	721.362	9.87856
63.8549	732.129	0.980669
63.8549	742.896	-56.3742
63.8549	753.662	-42.5226
63.8549	764.429	-16.9815
63.8549	775.195	6.32402
63.8549	785.962	9.59863
63.8549	796.729	-2.52704
63.8549	807.495	-38.7826
63.8549	818.262	-40.1482
63.8549	829.028	-9.6074
63.8549	839.795	8.37776
63.8549	850.562	9.03462
63.8549	861.328	-6.84499
63.8549	872.095	-39.9722
63.8549	882.861	-36.9405
63.8549	893.628	-3.75993
63.8549	904.395	10.1199
63.8549	915.161	8.17658
63.8549	925.928	-12.3564
63.8549	936.694	-41.015
63.8549	947.461	-38.5159
63.8549	958.228	1.16711
63.8549	968.994	11.6138
63.8549	979.761	7.00801
63.8549	990.527	-19.9374
63.8549	1001.29	-41.2348
63.8549	1012.06	-33.4366
63.8549	1022.83	5.51291
63.8549	1033.59	12.9227
63.8549	1044.36	5.51312
63.8549	1055.13	-33.6612
63.8549	1065.89	-38.9986
63.8549	1076.66	-17.0995
63.8549	1087.43	9.50782
63.8549	1098.19	14.1382
63.8549	1108.96	3.65159
63.8549	1119.73	-38.8851
63.8549	1130.49	-34.0181
63.8549	1141.26	-6.87698
63.8549	1152.03	13.4098
63.8549	1162.79	15.3934
63.8549	1173.56	1.40977
63.8549	1184.33	-34.7247
63.8549	1195.09	-27.8413
63.8549	1205.86	1.87967
63.8549	1216.63	17.5739
63.8549	1227.39	16.9733
63.8549	1238.16	-1.26866
63.8549	1248.93	-37.4408
63.8549	1259.69	-20.8003
63.8549	1270.46	10.8438
63.8549	1281.23	22.8158
63.8549	1291.99	19.6222
63.8549	1302.76	-4.47992
63.8549	1313.53	-26.3738
63.8549	1324.29	-18.4868
63.8549	1335.06	23.9654
63.8549	1345.83	32.7631
63.8549	1356.59	26.8496
63.8549	1367.36	-6.30555
66.7574	0	-26.2525
66.7574	10.7666	-6.30555
66.7574	21.5332	26.8496
66.7574	32.2998	32.7631
66.7574	43.0664	23.9654
66.7574	53.833	-18.4868
66.7574	64.5996	-26.3738
66.7574	75.3662	-4.47992
66.7574	86.1328	19.6222
66.7574	96.8994	22.8158
66.7574	107.666	10.8438
66.7574	118.433	-20.8003
66.7574	129.199	-37.4408
66.7574	139.966	-1.26866
66.7574	150.732	16.9733
66.7574	161.499	17.5739
66.7574	172.266	1.87967
66.7574	183.032	-27.8413
66.7574	193.799	-34.7247
66.7574	204.565	1.40977
66.7574	215.332	15.3934
66.7574	226.099	13.4098
66.7574	236.865	-6.87698
66.7574	247.632	-34.0181
66.7574	258.398	-38.8851
66.7574	269.165	3.65159
66.7574	279.932	14.1382
66.7574	290.698	9.50782
66.7574	301.465	-17.0995
66.7574	312.231	-38.9986
66.7574	322.998	-33.6612
66.7574	333.765	5.51312
66.7574	344.531	12.9227
66.7574	355.298	5.51291
66.7574	366.064	-33.4366
66.7574	376.831	-41.2348
66.7574	387.598	-19.9374
66.7574	398.364	7.00801
66.7574	409.131	11.6138
66.7574	419.897	1.16711
66.7574	430.664	-38.5159
66.7574	441.431	-41.015
66.7574	452.197	-12.3564
66.7574	462.964	8.17658
66.7574	473.73	10.1199
66.7574	484.497	-3.75993
66.7574	495.264	-36.9405
66.7574	506.03	-39.9722
66.7574	516.797	-6.84499
66.7574	527.563	9.03462
66.7574	538.33	8.37776
66.7574	549.097	-9.6074
66.7574	559.863	-40.1482
66.7574	570.63	-38.7826
66.7574	581.396	-2.52704
66.7574	592.163	9.59863
66.7574	602.93	6.32402
66.7574	613.696	-16.9815
66.7574	624.463	-42.5226
66.7574	635.229	-56.3742
66.7574	645.996	0.980669
66.7574	656.763	9.87856
66.7574	667.529	3.88817
66.7574	678.296	-27.5728
66.7574	689.062	-43.6688
66.7574	699.829	-27.5728
66.7574	710.596	3.88817
66.7574	721.362	9.87856
66.7574	732.129	0.980669
66.7574	742.896	-56.3742
66.7574	753.662	-42.5226
66.7574	764.429	-16.9815
66.7574	775.195	6.32402
66.7574	785.962	9.59863
66.7574	796.729	-2.52704
66.7574	807.495	-38.7826
66.7574	818.262	-40.1482
66.7574	829.028	-9.6074
66.7574	839.795	8.37776
66.7574	850.562	9.03462
66.7574	861.328	-6.84499
66.7574	872.095	-39.9722
66.7574	882.861	-36.9405
66.7574	893.628	-3.75993
66.7574	904.395	10.1199
66.7574	915.161	8.17658
66.7574	925.928	-12.3564
66.7574	936.694	-41.015
66.7574	947.461	-38.5159
66.7574	958.228	1.16711
66.7574	968.994	11.6138
66.7574	979.761	7.00801
66.7574	990.527	-19.9374
66.7574	1001.29	-41.2348
66.7574	1012.06	-33.4366
66.7574	1022.83	5.51291
66.7574	1033.59	12.9227
66.7574	1044.36	5.51312
66.7574	1055.13	-33.6612
66.7574	1065.89	-38.9986
66.7574	1076.66	-17.0995
66.7574	1087.43	9.50782
66.7574	1098.19	14.1382
66.7574	1108.96	3.65159
66.7574	1119.73	-38.8851
66.7574	1130.49	-34.0181
66.7574	1141.26	-6.87698
66.7574	1152.03	13.4098
66.7574	1162.79	15.3934
66.7574	1173.56	1.40977
66.7574	1184.33	-34.7247
66.7574	1195.09	-27.8413
66.7574	1205.86	1.87967
66.7574	1216.63	17.5739
66.7574	1227.39	16.9733
66.7574	1238.16	-1.26866
66.7574	1248.93	-37.4408
66.7574	1259.69	-20.8003
66.7574	1270.46	10.8438
66.7574	1281.23	22.8158
66.7574	1291.99	19.6222
66.7574	1302.76	-4.47992
66.7574	1313.53	-26.3738
66.7574	1324.29	-18.4868
66.7574	1335.06	23.9654
66.7574	1345.83	32.7631
66.7574	1356.59	26.8496
66.7574	1367.36	-6.30555
69.6599	0	-20.227
69.6599	10.7666	-6.24694
69.6599	21.5332	26.8523
69.6599	32.2998	32.7611
69.6599	43.0664	23.974
69.6599	53.833	-14.3406
69.6599	64.5996	-16.4282
69.6599	75.3662	-3.80237
69.6599	86.1328	19.6061
69.6599	96.8994	22.8197
69.6599	107.666	10.8632
69.6599	118.433	-15.8002
69.6599	129.199	-18.6004
69.6599	139.966	-1.16549
69.6599	150.732	16.9773
69.6599	161.499	17.5635
69.6599	172.266	2.02884
69.6599	183.032	-18.7716
69.6599	193.799	-22.0233
69.6599	204.565	1.37876
69.6599	215.332	15.4073
69.6599	226.099	13.3852
69.6599	236.865	-6.43285
69.6599	247.632	-22.8224
69.6599	258.398	-28.0894
69.6599	269.165	3.6018
69.6599	279.932	14.1546
69.6599	290.698	9.47361
69.6599	301.465	-16.0382
69.6599	312.231	-28.0627
69.6599	322.998	-28.8669
69.6599	333.765	5.46566
69.6599	344.531	12.94
69.6599	355.298	5.47174
69.6599	366.064	-29.4981
69.6599	376.831	-29.8522
69.6599	387.598	-18.7963
69.6599	398.364	6.97949
69.6599	409.131	11.6249
69.6599	419.897	1.14558
69.6599	430.664	-30.0902
69.6599	441.431	-27.7614
69.6599	452.197	-11.9728
69.6599	462.964	8.16309
69.6599	473.73	10.1231
69.6599	484.497	-3.71874
69.6599	495.264	-27.1741
69.6599	506.03	-27.3143
69.6599	516.797	-6.75446
69.6599	527.563	9.03508
69.6599	538.33	8.36838
69.6599	549.097	-9.38317
69.6599	559.863	-27.5964
69.6599	570.63	-29.4621
69.6599	581.396	-2.54178
69.6599	592.163	9.60929
69.6599	602.93	6.29941
69.6599	613.696	-16.2957
69.6599	624.463	-30.2574
69.6599	635.229	-35.6721
69.6599	645.996	0.939091
69.6599	656.763	9.89438
69.6599	667.529	3.84988
69.6599	678.296	-25.6777
69.6599	689.062	-32.9476
69.6599	699.829	-25.6777
69.6599	710.596	3.84988
69.6599	721.362	9.89438
69.6599	732.129	0.939091
69.6599	742.896	-35.6721
69.6599	753.662	-30.2574
69.6599	764.429	-16.2957
69.6599	775.195	6.29941
69.6599	785.962	9.60929
69.6599	796.729	-2.54178
69.6599	807.495	-29.4621
69.6599	818.262	-27.5964
69.6599	829.028	-9.38317
69.6599	839.795	8.36838
69.6599	850.562	9.03508
69.6599	861.328	-6.75446
69.6599	872.095	-27.3143
69.6599	882.861	-27.1741
69.6599	893.628	-3.71874
69.6599	904.395	10.1231
69.6599	915.161	8.16309
69.6599	925.928	-11.9728
69.6599	936.694	-27.7614
69.6599	947.461	-30.0902
69.6599	958.228	1.14558
69.6599	968.994	11.6249
69.6599	979.761	6.97949
69.6599	990.527	-18.7963
69.6599	1001.29	-29.8522
69.6599	1012.06	-29.4981
69.6599	1022.83	5.47174
69.6599	1033.59	12.94
69.6599	1044.36	5.46566
69.6599	1055.13	-28.8669
69.6599	1065.89	-28.0627
69.6599	1076.66	-16.0382
69.6599	1087.43	9.47361
69.6599	1098.19	14.1546
69.6599	1108.96	3.6018
69.6599	1119.73	-28.0894
69.6599	1130.49	-22.8224
69.6599	1141.26	-6.43285
69.6599	1152.03	13.3852
69.6599	1162.79	15.4073
69.6599	1173.56	1.37876
69.6599	1184.33	-22.0233
69.6599	1195.09	-18.7716
69.6599	1205.86	2.02884
69.6599	1216.63	17.5635
69.6599	1227.39	16.9773
69.6599	1238.16	-1.16549
69.6599	1248.93	-18.6004
69.6599	1259.69	-15.8002
69.6599	1270.46	10.8632
69.6599	1281.23	22.8197
69.6599	1291.99	19.6061
69.6599	1302.76	-3.80237
69.6599	1313.53	-16.4282
69.6599	1324.29	-14.3406
69.6599	1335.06	23.974
69.6599	1345.83	32.7611
69.6599	1356.59	26.8523
69.6599	1367.36	-6.24694
72.5624	0	-inf
72.5624	10.7666	-5.41321
72.5624	21.5332	26.8297
72.5624	32.2998	32.7684
72.5624	43.0664	23.9645
72.5624	53.833	-18.4409
72.5624	64.5996	-16.6946
72.5624	75.3662	-2.07175
72.5624	86.1328	19.475
72.5624	96.8994	22.8936
72.5624	107.666	10.6065
72.5624	118.433	-88.4619
72.5624	129.199	-13.7339
72.5624	139.966	0.699992
72.5624	150.732	16.7259
72.5624	161.499	17.7683
72.5624	172.266	0.775148
72.5624	183.032	-19.2524
72.5624	193.799	-12.096
72.5624	204.565	3.02387
72.5624	215.332	15.0562
72.5624	226.099	13.7814
72.5624	236.865	-11.548
72.5624	247.632	-15.3133
72.5624	258.398	-12.1048
72.5624	269.165	4.91456
72.5624	279.932	13.74
72.5624	290.698	10.1156
72.5624	301.465	-23.6017
72.5624	312.231	-14.5108
72.5624	322.998	-14.3632
72.5624	333.765	6.43814
72.5624	344.531	12.5043
72.5624	355.298	6.40339
72.5624	366.064	-15.1329
72.5624	376.831	-15.5347
72.5624	387.598	-23.1979
72.5624	398.364	7.64675
72.5624	409.131	11.2113
72.5624	419.897	2.39003
72.5624	430.664	-14.9797
72.5624	441.431	-18.2864
72.5624	452.197	-18.2095
72.5624	462.964	8.57751
72.5624	473.73	9.77223
72.5624	484.497	-2.18236
72.5624	495.264	-17.3293
72.5624	506.03	-23.2963
72.5624	516.797	-8.2795
72.5624	527.563	9.25611
72.5624	538.33	8.11311
72.5624	549.097	-7.66684
72.5624	559.863	-21.4779
72.5624	570.63	-31.6391
72.5624	581.396	-2.90908
72.5624	592.163	9.69978
72.5624	602.93	6.15548
72.5624	613.696	-14.6627
72.5624	624.463	-26.8781
72.5624	635.229	-35.8061
72.5624	645.996	0.875151
72.5624	656.763	9.9191
72.5624	667.529	3.79644
72.5624	678.296	-24.2805
72.5624	689.062	-30.1785
72.5624	699.829	-24.2805
72.5624	710.596	3.79644
72.5624	721.362	9.9191
72.5624	732.129	0.875151
72.5624	742.896	-35.8061
72.5624	753.662	-26.8781
72.5624	764.429	-14.6627
72.5624	775.195	6.15548
72.5624	785.962	9.69978
72.5624	796.729	-2.90908
72.5624	807.495	-31.6391
72.5624	818.262	-21.4779
72.5624	829.028	-7.66684
72.5624	839.795	8.11311
72.5624	850.562	9.25611
72.5624	861.328	-8.2795
72.5624	872.095	-23.2963
72.5624	882.861	-17.3293
72.5624	893.628	-2.18236
72.5624	904.395	9.77223
72.5624	915.161	8.57751
72.5624	925.928	-18.2095
72.5624	936.694	-18.2864
72.5624	947.461	-14.9797
72.5624	958.228	2.39003
72.5624	968.994	11.2113
72.5624	979.761	7.64675
72.5624	990.527	-23.1979
72.5624	1001.29	-15.5347
72.5624	1012.06	-15.1329
72.5624	1022.83	6.40339
72.5624	1033.59	12.5043
72.5624	1044.36	6.43814
72.5624	1055.13	-14.3632
72.5624	1065.89	-14.5108
72.5624	1076.66	-23.6017
72.5624	1087.43	10.1156
72.5624	1098.19	13.74
72.5624	1108.96	4.91456
72.5624	1119.73	-12.1048
72.5624	1130.49	-15.3133
72.5624	1141.26	-11.548
72.5624	1152.03	13.7814
72.5624	1162.79	15.0562
72.5624	1173.56	3.02387
72.5624	1184.33	-12.096
72.5624	1195.09	-19.2524
72.5624	1205.86	0.775148
72.5624	1216.63	17.7683
72.5624	1227.39	16.7259
72.5624	1238.16	0.699992
72.5624	1248.93	-13.7339
72.5624	1259.69	-88.4619
72.5624	1270.46	10.6065
72.5624	1281.23	22.8936
72.5624	1291.99	19.475
72.5624	1302.76	-2.07175
72.5624	1313.53	-16.6946
72.5624	1324.29	-18.4409
72.5624	1335.06	23.9645
72.5624	1345.83	32.7684
72.5624	1356.59	26.8297
72.5624	1367.36	-5.41321
75.4649	0	-20.227
75.4649	10.7666	-6.24694
75.4649	21.5332	26.8523
75.4649	32.2998	32.7611
75.4649	43.0664	23.974
75.4649	53.833	-14.3406
75.4649	64.5996	-16.4282
75.4649	75.3662	-3.80237
75.4649	86.1328	19.6061
75.4649	96.8994	22.8197
75.4649	107.666	10.8632
75.4649	118.433	-15.8002
75.4649	129.199	-18.6004
75.4649	139.966	-1.16549
75.4649	150.732	16.9773
75.4649	161.499	17.5635
75.4649	172.266	2.02884
75.4649	183.032	-18.7716
75.4649	193.799	-22.0233
75.4649	204.565	1.37876
75.4649	215.332	15.4073
75.4649	226.099	13.3852
75.4649	236.865	-6.43285
75.4649	247.632	-22.8224
75.4649	258.398	-28.0894
75.4649	269.165	3.6018
75.4649	279.932	14.1546
75.4649	290.698	9.47361
75.4649	301.465	-16.0382
75.4649	312.231	-28.0627
75.4649	322.998	-28.8669
75.4649	333.765	5.46566
75.4649	344.531	12.94
75.4649	355.298	5.47174
75.4649	366.064	-29.4981
75.4649	376.831	-29.8522
75.4649	387.598	-18.7963
75.4649	398.364	6.97949
75.4649	409.131	11.6249
75.4649	419.897	1.14558
75.4649	430.664	-30.0902
75.4649	441.431	-27.7614
75.4649	452.197	-11.9728
75.4649	462.964	8.16309
75.4649	473.73	10.1231
75.4649	484.497	-3.71874
75.4649	495.264	-27.1741
75.4649	506.03	-27.3143
75.4649	516.797	-6.75446
75.4649	527.563	9.03508
75.4649	538.33	8.36838
75.4649	549.097	-9.38317
75.4649	559.863	-27.5964
75.4649	570.63	-29.4621
75.4649	581.396	-2.54178
75.4649	592.163	9.60929
75.4649	602.93	6.29941
75.4649	613.696	-16.2957
75.4649	624.463	-30.2574
75.4649	635.229	-35.6721
75.4649	645.996	0.939091
75.4649	656.763	9.89438
75.4649	667.529	3.84988
75.4649	678.296	-25.6777
75.4649	689.062	-32.9476
75.4649	699.829	-25.6777
75.4649	710.596	3.84988
75.4649	721.362	9.89438
75.4649	732.129	0.939091
75.4649	742.896	-35.6721
75.4649	753.662	-30.2574
75.4649	764.429	-16.2957
75.4649	775.195	6.29941
75.4649	785.962	9.60929
75.4649	796.729	-2.54178
75.4649	807.495	-29.4621
75.4649	818.262	-27.5964
75.4649	829.028	-9.38317
75.4649	839.795	8.36838
75.4649	850.562	9.03508
75.4649	861.328	-6.75446
75.4649	872.095	-27.3143
75.4649	882.861	-27.1741
75.4649	893.628	-3.71874
75.4649	904.395	10.1231
75.4649	915.161	8.16309
75.4649	925.928	-11.9728
75.4649	936.694	-27.7614
75.4649	947.461	-30.0902
75.4649	958.228	1.14558
75.4649	968.994	11.6249
75.4649	979.761	6.97949
75.4649	990.527	-18.7963
75.4649	1001.29	-29.8522
75.4649	1012.06	-29.4981
75.4649	1022.83	5.47174
75.4649	1033.59	12.94
75.4649	1044.36	5.46566
75.4649	1055.13	-28.8669
75.4649	1065.89	-28.0627
75.4649	1076.66	-16.0382
75.4649	1087.43	9.47361
75.4649	1098.19	14.1546
75.4649	1108.96	3.6018
75.4649	1119.73	-28.0894
75.4649	1130.49	-22.8224
75.4649	1141.26	-6.43285
75.4649	1152.03	13.3852
75.4649	1162.79	15.4073
75.4649	1173.56	1.37876
75.4649	1184.33	-22.0233
75.4649	1195.09	-18.7716
75.4649	1205.86	2.02884
75.4649	1216.63	17.5635
75.4649	1227.39	16.9773
75.4649	1238.16	-1.16549
75.4649	1248.93	-18.6004
75.4649	1259.69	-15.8002
75.4649	1270.46	10.8632
75.4649	1281.23	22.8197
75.4649	1291.99	19.6061
75.4649	1302.76	-3.80237
75.4649	1313.53	-16.4282
75.4649	1324.29	-14.3406
75.4649	1335.06	23.974
75.4649	1345.83	32.7611
75.4649	1356.59	26.8523
75.4649	1367.36	-6.24694
78.3673	0	0.370488
78.3673	10.7666	5.54547
78.3673	21.5332	27.5994
78.3673	32.2998	32.6806
78.3673	43.0664	22.722
78.3673	53.833	2.88016
78.3673	64.5996	1.11847
78.3673	75.3662	6.70642
78.3673	86.1328	21.0087
78.3673	96.8994	22.0372
78.3673	107.666	3.1976
78.3673	118.433	2.02916
78.3673	129.199	1.00348
78.3673	139.966	8.2154
78.3673	150.732	18.261
78.3673	161.499	15.1552
78.3673	172.266	-2.5933
78.3673	183.032	1.26843
78.3673	193.799	1.22339
78.3673	204.565	9.44926
78.3673	215.332	15.986
78.3673	226.099	7.53975
78.3673	236.865	2.26417
78.3673	247.632	0.864518
78.3673	258.398	1.79266
78.3673	269.165	10.2921
78.3673	279.932	13.3962
78.3673	290.698	-6.30335
78.3673	301.465	2.9024
78.3673	312.231	0.740936
78.3673	322.998	2.70727
78.3673	333.765	10.6601
78.3673	344.531	9.93404
78.3673	355.298	-2.16742
78.3673	366.064	2.51771
78.3673	376.831	0.741171
78.3673	387.598	3.88356
78.3673	398.364	10.4375
78.3673	409.131	4.62488
78.3673	419.897	2.8163
78.3673	430.664	1.86991
78.3673	441.431	0.839462
78.3673	452.197	5.09445
78.3673	462.964	9.47449
78.3673	473.73	-6.69633
78.3673	484.497	4.28347
78.3673	495.264	1.30136
78.3673	506.03	1.07193
78.3673	516.797	6.10988
78.3673	527.563	7.4756
78.3673	538.33	-3.20988
78.3673	549.097	4.41501
78.3673	559.863	0.938453
78.3673	570.63	1.51262
78.3673	581.396	6.72015
78.3673	592.163	3.69446
78.3673	602.93	3.25061
78.3673	613.696	3.88295
78.3673	624.463	0.762199
78.3673	635.229	2.19977
78.3673	645.996	6.70701
78.3673	656.763	-4.93802
78.3673	667.529	5.76795
78.3673	678.296	3.0532
78.3673	689.062	0.714234
78.3673	699.829	3.0532
78.3673	710.596	5.76795
78.3673	721.362	-4.93802
78.3673	732.129	6.70701
78.3673	742.896	2.19977
78.3673	753.662	0.762199
78.3673	764.429	3.88295
78.3673	775.195	3.25061
78.3673	785.962	3.69446
78.3673	796.729	6.72015
78.3673	807.495	1.51262
78.3673	818.262	0.938453
78.3673	829.028	4.41501
78.3673	839.795	-3.20988
78.3673	850.562	7.4756
78.3673	861.328	6.10988
78.3673	872.095	1.07193
78.3673	882.861	1.30136
78.3673	893.628	4.28347
78.3673	904.395	-6.69633
78.3673	915.161	9.47449
78.3673	925.928	5.09445
78.3673	936.694	0.839462
78.3673	947.461	1.86991
78.3673	958.228	2.8163
78.3673	968.994	4.62488
78.3673	979.761	10.4375
78.3673	990.527	3.88356
78.3673	1001.29	0.741171
78.3673	1012.06	2.51771
78.3673	1022.83	-2.16742
78.3673	1033.59	9.93404
78.3673	1044.36	10.6601
78.3673	1055.13	2.70727
78.3673	1065.89	0.740936
78.3673	1076.66	2.9024
78.3673	1087.43	-6.30335
78.3673	1098.19	13.3962
78.3673	1108.96	10.2921
78.3673	1119.73	1.79266
78.3673	1130.49	0.864518
78.3673	1141.26	2.26417
78.3673	1152.03	7.53975
78.3673	1162.79	15.986
78.3673	1173.56	9.44926
78.3673	1184.33	1.22339
78.3673	1195.09	1.26843
78.3673	1205.86	-2.5933
78.3673	1216.63	15.1552
78.3673	1227.39	18.261
78.3673	1238.16	8.2154
78.3673	1248.93	1.00348
78.3673	1259.69	2.02916
78.3673	1270.46	3.1976
78.3673	1281.23	22.0372
78.3673	1291.99	21.0087
78.3673	1302.76	6.70642
78.3673	1313.53	1.11847
78.3673	1324.29	2.88016
78.3673	1335.06	22.722
78.3673	1345.83	32.6806
78.3673	1356.59	27.5994
78.3673	1367.36	5.54547
81.2698	0	-26.2525
81.2698	10.7666	-6.30555
81.2698	21.5332	26.8496
81.2698	32.2998	32.7631
81.2698	43.0664	23.9654
81.2698	53.833	-18.4868
81.2698	64.5996	-26.3738
81.2698	75.3662	-4.47992
81.2698	86.1328	19.6222
81.2698	96.8994	22.8158
81.2698	107.666	10.8438
81.2698	118.433	-20.8003
81.2698	129.199	-37.4408
81.2698	139.966	-1.26866
81.2698	150.732	16.9733
81.2698	161.499	17.5739
81.2698	172.266	1.87967
81.2698	183.032	-27.8413
81.2698	193.799	-34.7247
81.2698	204.565	1.40977
81.2698	215.332	15.3934
81.2698	226.099	13.4098
81.2698	236.865	-6.87698
81.2698	247.632	-34.0181
81.2698	258.398	-38.8851
81.2698	269.165	3.65159
81.2698	279.932	14.1382
81.2698	290.698	9.50782
81.2698	301.465	-17.0995
81.2698	312.231	-38.9986
81.2698	322.998	-33.6612
81.2698	333.765	5.51312
81.2698	344.531	12.9227
81.2698	355.298	5.51291
81.2698	366.064	-33.4366
81.2698	376.831	-41.2348
81.2698	387.598	-19.9374
81.2698	398.364	7.00801
81.2698	409.131	11.6138
81.2698	419.897	1.16711
81.2698	430.664	-38.5159
81.2698	441.431	-41.015
81.2698	452.197	-12.3564
81.2698	462.964	8.17658
81.2698	473.73	10.1199
81.2698	484.497	-3.75993
81.2698	495.264	-36.9405
81.2698	506.03	-39.9722
81.2698	516.797	-6.84499
81.2698	527.563	9.03462
81.2698	538.33	8.37776
81.2698	549.097	-9.6074
81.2698	559.863	-40.1482
81.2698	570.63	-38.7826
81.2698	581.396	-2.52704
81.2698	592.163	9.59863
81.2698	602.93	6.32402
81.2698	613.696	-16.9815
81.2698	624.463	-42.5226
81.2698	635.229	-56.3742
81.2698	645.996	0.980669
81.2698	656.763	9.87856
81.2698	667.529	3.88817
81.2698	678.296	-27.5728
81.2698	689.062	-43.6688
81.2698	699.829	-27.5728
81.2698	710.596	3.88817
81.2698	721.362	9.87856
81.2698	732.129	0.980669
81.2698	742.896	-56.3742
81.2698	753.662	-42.5226
81.2698	764.429	-16.9815
81.2698	775.195	6.32402
81.2698	785.962	9.59863
81.2698	796.729	-2.52704
81.2698	807.495	-38.7826
81.2698	818.262	-40.1482
81.2698	829.028	-9.6074
81.2698	839.795	8.37776
81.2698	850.562	9.03462
81.2698	861.328	-6.84499
81.2698	872.095	-39.9722
81.2698	882.861	-36.9405
81.2698	893.628	-3.75993
81.2698	904.395	10.1199
81.2698	915.161	8.17658
81.2698	925.928	-12.3564
81.2698	936.694	-41.015
81.2698	947.461	-38.5159
81.2698	958.228	1.16711
81.2698	968.994	11.6138
81.2698	979.761	7.00801
81.2698	990.527	-19.9374
81.2698	1001.29	-41.2348
81.2698	1012.06	-33.4366
81.2698	1022.83	5.51291
81.2698	1033.59	12.9227
81.2698	1044.36	5.51312
81.2698	1055.13	-33.6612
81.2698	1065.89	-38.9986
81.2698	1076.66	-17.0995
81.2698	1087.43	9.50782
81.2698	1098.19	14.1382
81.2698	1108.96	3.65159
81.2698	1119.73	-38.8851
81.2698	1130.49	-34.0181
81.2698	1141.26	-6.87698
81.2698	1152.03	13.4098
81.2698	1162.79	15.3934
81.2698	1173.56	1.40977
81.2698	1184.33	-34.7247
81.2698	1195.09	-27.8413
81.2698	1205.86	1.87967
81.2698	1216.63	17.5739
81.2698	1227.39	16.9733
81.2698	1238.16	-1.26866
81.2698	1248.93	-37.4408
81.2698	1259.69	-20.8003
81.2698	1270.46	10.8438
81.2698	1281.23	22.8158
81.2698	1291.99	19.6222
81.2698	1302.76	-4.47992
81.2698	1313.53	-26.3738
81.2698	1324.29	-18.4868
81.2698	1335.06	23.9654
81.2698	1345.83	32.7631
81.2698	1356.59	26.8496
81.2698	1367.36	-6.30555
84.1723	0	-25.1158
84.1723	10.7666	-6.39216
84.1723	21.5332	26.8522
84.1723	32.2998	32.7616
84.1723	43.0664	23.9708
84.1723	53.833	-15.6611
84.1723	64.5996	-18.1981
84.1723	75.3662	-3.98614
84.1723	86.1328	19.6093
84.1723	96.8994	22.8199
84.1723	107.666	10.8501
84.1723	118.433	-17.2088
84.1723	129.199	-20.8849
84.1723	139.966	-1.23639
84.1723	150.732	16.9786
84.1723	161.499	17.5653
84.1723	172.266	1.98449
84.1723	183.032	-20.4989
84.1723	193.799	-24.7075
84.1723	204.565	1.37226
84.1723	215.332	15.4045
84.1723	226.099	13.3918
84.1723	236.865	-6.56861
84.1723	247.632	-24.6914
84.1723	258.398	-31.1256
84.1723	269.165	3.61694
84.1723	279.932	14.1488
84.1723	290.698	9.48561
84.1723	301.465	-16.3704
84.1723	312.231	-29.6466
84.1723	322.998	-29.9435
84.1723	333.765	5.48025
84.1723	344.531	12.9345
84.1723	355.298	5.48436
84.1723	366.064	-30.4532
84.1723	376.831	-31.4047
84.1723	387.598	-19.1175
84.1723	398.364	6.98783
84.1723	409.131	11.6219
84.1723	419.897	1.14837
84.1723	430.664	-32.4361
84.1723	441.431	-29.6868
84.1723	452.197	-12.0935
84.1723	462.964	8.16652
84.1723	473.73	10.1232
84.1723	484.497	-3.74207
84.1723	495.264	-29.2339
84.1723	506.03	-29.4067
84.1723	516.797	-6.79253
84.1723	527.563	9.03524
84.1723	538.33	8.37165
84.1723	549.097	-9.46399
84.1723	559.863	-29.5518
84.1723	570.63	-31.7036
84.1723	581.396	-2.54435
84.1723	592.163	9.60671
84.1723	602.93	6.30661
84.1723	613.696	-16.5028
84.1723	624.463	-31.9583
84.1723	635.229	-38.4166
84.1723	645.996	0.949431
84.1723	656.763	9.8899
84.1723	667.529	3.86096
84.1723	678.296	-26.139
84.1723	689.062	-34.2402
84.1723	699.829	-26.139
84.1723	710.596	3.86096
84.1723	721.362	9.8899
84.1723	732.129	0.949431
84.1723	742.896	-38.4166
84.1723	753.662	-31.9583
84.1723	764.429	-16.5028
84.1723	775.195	6.30661
84.1723	785.962	9.60671
84.1723	796.729	-2.54435
84.1723	807.495	-31.7036
84.1723	818.262	-29.5518
84.1723	829.028	-9.46399
84.1723	839.795	8.37165
84.1723	850.562	9.03524
84.1723	861.328	-6.79253
84.1723	872.095	-29.4067
84.1723	882.861	-29.2339
84.1723	893.628	-3.74207
84.1723	904.395	10.1232
84.1723	915.161	8.16652
84.1723	925.928	-12.0935
84.1723	936.694	-29.6868
84.1723	947.461	-32.4361
84.1723	958.228	1.14837
84.1723	968.994	11.6219
84.1723	979.761	6.98783
84.1723	990.527	-19.1175
84.1723	1001.29	-31.4047
84.1723	1012.06	-30.4532
84.1723	1022.83	5.48436
84.1723	1033.59	12.9345
84.1723	1044.36	5.48025
84.1723	1055.13	-29.9435
84.1723	1065.89	-29.6466
84.1723	1076.66	-16.3704
84.1723	1087.43	9.48561
84.1723	1098.19	14.1488
84.1723	1108.96	3.61694
84.1723	1119.73	-31.1256
84.1723	1130.49	-24.6914
84.1723	1141.26	-6.56861
84.1723	1152.03	13.3918
84.1723	1162.79	15.4045
84.1723	1173.56	1.37226
84.1723	1184.33	-24.7075
84.1723	1195.09	-20.4989
84.1723	1205.86	1.98449
84.1723	1216.63	17.5653
84.1723	1227.39	16.9786
84.1723	1238.16	-1.23639
84.1723	1248.93	-20.8849
84.1723	1259.69	-17.2088
84.1723	1270.46	10.8501
84.1723	1281.23	22.8199
84.1723	1291.99	19.6093
84.1723	1302.76	-3.98614
84.1723	1313.53	-18.1981
84.1723	1324.29	-15.6611
84.1723	1335.06	23.9708
84.1723	1345.83	32.7616
84.1723	1356.59	26.8522
84.1723	1367.36	-6.39216
87.0748	0	-20.1188
87.0748	10.7666	-5.44729
87.0748	21.5332	26.8348
87.0748	32.2998	32.7663
87.0748	43.0664	23.9694
87.0748	53.833	-15.4528
87.0748	64.5996	-15.5542
87.0748	75.3662	-2.36975
87.0748	86.1328	19.5081
87.0748	96.8994	22.8736
87.0748	107.666	10.6889
87.0748	118.433	-18.9278
87.0748	129.199	-14.1586
87.0748	139.966	0.284137
87.0748	150.732	16.7983
87.0748	161.499	17.7088
87.0748	172.266	1.21719
87.0748	183.032	-18.3202
87.0748	193.799	-13.3911
87.0748	204.565	2.5645
87.0748	215.332	15.1748
87.0748	226.099	13.6517
87.0748	236.865	-9.02245
87.0748	247.632	-16.7707
87.0748	258.398	-14.0854
87.0748	269.165	4.44175
87.0748	279.932	13.9109
87.0748	290.698	9.86675
87.0748	301.465	-19.1957
87.0748	312.231	-16.9211
87.0748	322.998	-16.8564
87.0748	333.765	5.96426
87.0748	344.531	12.735
87.0748	355.298	5.94827
87.0748	366.064	-18.2499
87.0748	376.831	-18.5749
87.0748	387.598	-17.9848
87.0748	398.364	7.17658
87.0748	409.131	11.5125
87.0748	419.897	1.55557
87.0748	430.664	-19.2286
87.0748	441.431	-20.2914
87.0748	452.197	-11.0111
87.0748	462.964	8.11234
87.0748	473.73	10.1593
87.0748	484.497	-3.79574
87.0748	495.264	-21.6894
87.0748	506.03	-19.1823
87.0748	516.797	-5.31893
87.0748	527.563	8.79557
87.0748	538.33	8.60985
87.0748	549.097	-11.2401
87.0748	559.863	-20.8904
87.0748	570.63	-17.1387
87.0748	581.396	-1.16626
87.0748	592.163	9.24263
87.0748	602.93	6.79914
87.0748	613.696	-25.5774
87.0748	624.463	-18.605
87.0748	635.229	-16.764
87.0748	645.996	2.0522
87.0748	656.763	9.46373
87.0748	667.529	4.64952
87.0748	678.296	-20.0097
87.0748	689.062	-17.7465
87.0748	699.829	-20.0097
87.0748	710.596	4.64952
87.0748	721.362	9.46373
87.0748	732.129	2.0522
87.0748	742.896	-16.764
87.0748	753.662	-18.605
87.0748	764.429	-25.5774
87.0748	775.195	6.79914
87.0748	785.962	9.24263
87.0748	796.729	-1.16626
87.0748	807.495	-17.1387
87.0748	818.262	-20.8904
87.0748	829.028	-11.2401
87.0748	839.795	8.60985
87.0748	850.562	8.79557
87.0748	861.328	-5.31893
87.0748	872.095	-19.1823
87.0748	882.861	-21.6894
87.0748	893.628	-3.79574
87.0748	904.395	10.1593
87.0748	915.161	8.11234
87.0748	925.928	-11.0111
87.0748	936.694	-20.2914
87.0748	947.461	-19.2286
87.0748	958.228	1.55557
87.0748	968.994	11.5125
87.0748	979.761	7.17658
87.0748	990.527	-17.9848
87.0748	1001.29	-18.5749
87.0748	1012.06	-18.2499
87.0748	1022.83	5.94827
87.0748	1033.59	12.735
87.0748	1044.36	5.96426
87.0748	1055.13	-16.8564
87.0748	1065.89	-16.9211
87.0748	1076.66	-19.1957
87.0748	1087.43	9.86675
87.0748	1098.19	13.9109
87.0748	1108.96	4.44175
87.0748	1119.73	-14.0854
87.0748	1130.49	-16.7707
87.0748	1141.26	-9.02245
87.0748	1152.03	13.6517
87.0748	1162.79	15.1748
87.0748	1173.56	2.5645
87.0748	1184.33	-13.3911
87.0748	1195.09	-18.3202
87.0748	1205.86	1.21719
87.0748	1216.63	17.7088
87.0748	1227.39	16.7983
87.0748	1238.16	0.284137
87.0748	1248.93	-14.1586
87.0748	1259.69	-18.9278
87.0748	1270.46	10.6889
87.0748	1281.23	22.8736
87.0748	1291.99	19.5081
87.0748	1302.76	-2.36975
87.0748	1313.53	-15.5542
87.0748	1324.29	-15.4528
87.0748	1335.06	23.9694
87.0748	1345.83	32.7663
87.0748	1356.59	26.8348
87.0748	1367.36	-5.44729
89.9773	0	-20.227
89.9773	10.7666	-6.24694
89.9773	21.5332	26.8523
89.9773	32.2998	32.7611
89.9773	43.0664	23.974
89.9773	53.833	-14.3406
89.9773	64.5996	-16.4282
89.9773	75.3662	-3.80237
89.9773	86.1328	19.6061
89.9773	96.8994	22.8197
89.9773	107.666	10.8632
89.9773	118.433	-15.8002
89.9773	129.199	-18.6004
89.9773	139.966	-1.16549
89.9773	150.732	16.9773
89.9773	161.499	17.5635
89.9773	172.266	2.02884
89.9773	183.032	-18.7716
89.9773	193.799	-22.0233
89.9773	204.565	1.37876
89.9773	215.332	15.4073
89.9773	226.099	13.3852
89.9773	236.865	-6.43285
89.9773	247.632	-22.8224
89.9773	258.398	-28.0894
89.9773	269.165	3.6018
89.9773	279.932	14.1546
89.9773	290.698	9.47361
89.9773	301.465	-16.0382
89.9773	312.231	-28.0627
89.9773	322.998	-28.8669
89.9773	333.765	5.46566
89.9773	344.531	12.94
89.9773	355.298	5.47174
89.9773	366.064	-29.4981
89.9773	376.831	-29.8522
89.9773	387.598	-18.7963
89.9773	398.364	6.97949
89.9773	409.131	11.6249
89.9773	419.897	1.14558
89.9773	430.664	-30.0902
89.9773	441.431	-27.7614
89.9773	452.197	-11.9728
89.9773	462.964	8.16309
89.9773	473.73	10.1231
89.9773	484.497	-3.71874
89.9773	495.264	-27.1741
89.9773	506.03	-27.3143
89.9773	516.797	-6.75446
89.9773	527.563	9.03508
89.9773	538.33	8.36838
89.9773	549.097	-9.38317
89.9773	559.863	-27.5964
89.9773	570.63	-29.4621
89.9773	581.396	-2.54178
89.9773	592.163	9.60929
89.9773	602.93	6.29941
89.9773	613.696	-16.2957
89.9773	624.463	-30.2574
89.9773	635.229	-35.6721
89.9773	645.996	0.939091
89.9773	656.763	9.89438
89.9773	667.529	3.84988
89.9773	678.296	-25.6777
89.9773	689.062	-32.9476
89.9773	699.829	-25.6777
89.9773	710.596	3.84988
89.9773	721.362	9.89438
89.9773	732.129	0.939091
89.9773	742.896	-35.6721
89.9773	753.662	-30.2574
89.9773	764.429	-16.2957
89.9773	775.195	6.29941
89.9773	785.962	9.60929
89.9773	796.729	-2.54178
89.9773	807.495	-29.4621
89.9773	818.262	-27.5964
89.9773	829.028	-9.38317
89.9773	839.795	8.36838
89.9773	850.562	9.03508
89.9773	861.328	-6.75446
89.9773	872.095	-27.3143
89.9773	882.861	-27.1741
89.9773	893.628	-3.71874
89.9773	904.395	10.1231
89.9773	915.161	8.16309
89.9773	925.928	-11.9728
89.9773	936.694	-27.7614
89.9773	947.461	-30.0902
89.9773	958.228	1.14558
89.9773	968.994	11.6249
89.9773	979.761	6.97949
89.9773	990.527	-18.7963
89.9773	1001.29	-29.8522
89.9773	1012.06	-29.4981
89.9773	1022.83	5.47174
89.9773	1033.59	12.94
89.9773	1044.36	5.46566
89.9773	1055.13	-28.8669
89.9773	1065.89	-28.0627
89.9773	1076.66	-16.0382
89.9773	1087.43	9.47361
89.9773	1098.19	14.1546
89.9773	1108.96	3.6018
89.9773	1119.73	-28.0894
89.9773	1130.49	-22.8224
89.9773	1141.26	-6.43285
89.9773	1152.03	13.3852
89.9773	1162.79	15.4073
89.9773	1173.56	1.37876
89.9773	1184.33	-22.0233
89.9773	1195.09	-18.7716
89.9773	1205.86	2.02884
89.9773	1216.63	17.5635
89.9773	1227.39	16.9773
89.9773	1238.16	-1.16549
89.9773	1248.93	-18.6004
89.9773	1259.69	-15.8002
89.9773	1270.46	10.8632
89.9773	1281.23	22.8197
89.9773	1291.99	19.6061
89.9773	1302.76	-3.80237
89.9773	1313.53	-16.4282
89.9773	1324.29	-14.3406
89.9773	1335.06	23.974
89.9773	1345.83	32.7611
89.9773	1356.59	26.8523
89.9773	1367.36	-6.24694

