0	0	-13.4661
0	10.7666	-13.4297
0	21.5332	-13.32
0	32.2998	-13.1356
0	43.0664	-12.8742
0	53.833	-12.5329
0	64.5996	-12.1102
0	75.3662	-11.6085
0	86.1328	-11.0436
0	96.8994	-10.4741
0	107.666	-10.1142
0	118.433	-10.9788
0	129.199	-27.7029
0	139.966	11.6433
0	150.732	28.9062
0	161.499	29.0517
0	172.266	12.6357
0	183.032	-17.6251
0	193.799	-14.7635
0	204.565	-13.4493
0	215.332	-14.04
0	226.099	-15.0016
0	236.865	-16.0276
0	247.632	-17.0308
0	258.398	-17.9844
0	269.165	-18.8818
0	279.932	-19.7236
0	290.698	-20.5128
0	301.465	-21.2534
0	312.231	-21.9492
0	322.998	-22.6039
0	333.765	-23.2207
0	344.531	-23.8026
0	355.298	-24.3521
0	366.064	-24.8716
0	376.831	-25.3629
0	387.598	-25.8279
0	398.364	-26.2682
0	409.131	-26.685
0	419.897	-27.0795
0	430.664	-27.4529
0	441.431	-27.8061
0	452.197	-28.1399
0	462.964	-28.4552
0	473.73	-28.7524
0	484.497	-29.0323
0	495.264	-29.2954
0	506.03	-29.5422
0	516.797	-29.773
0	527.563	-29.9883
0	538.33	-30.1884
0	549.097	-30.3735
0	559.863	-30.5441
0	570.63	-30.7002
0	581.396	-30.8421
0	592.163	-30.97
0	602.93	-31.084
0	613.696	-31.1844
0	624.463	-31.2711
0	635.229	-31.3443
0	645.996	-31.4041
0	656.763	-31.4505
0	667.529	-31.4837
0	678.296	-31.5035
0	689.062	-31.5101
0	699.829	-31.5035
0	710.596	-31.4837
0	721.362	-31.4505
0	732.129	-31.4041
0	742.896	-31.3443
0	753.662	-31.2711
0	764.429	-31.1844
0	775.195	-31.084
0	785.962	-30.97
0	796.729	-30.8421
0	807.495	-30.7002
0	818.262	-30.5441
0	829.028	-30.3735
0	839.795	-30.1884
0	850.562	-29.9883
0	861.328	-29.773
0	872.095	-29.5422
0	882.861	-29.2954
0	893.628	-29.0323
0	904.395	-28.7524
0	915.161	-28.4552
0	925.928	-28.1399
0	936.694	-27.8061
0	947.461	-27.4529
0	958.228	-27.0795
0	968.994	-26.685
0	979.761	-26.2682
0	990.527	-25.8279
0	1001.29	-25.3629
0	1012.06	-24.8716
0	1022.83	-24.3521
0	1033.59	-23.8026
0	1044.36	-23.2207
0	1055.13	-22.6039
0	1065.89	-21.9492
0	1076.66	-21.2534
0	1087.43	-20.5128
0	1098.19	-19.7236
0	1108.96	-18.8818
0	1119.73	-17.9844
0	1130.49	-17.0308
0	1141.26	-16.0276
0	1152.03	-15.0016
0	1162.79	-14.04
0	1173.56	-13.4493
0	1184.33	-14.7635
0	1195.09	-17.6251
0	1205.86	12.6357
0	1216.63	29.0517
0	1227.39	28.9062
0	1238.16	11.6433
0	1248.93	-27.7029
0	1259.69	-10.9788
0	1270.46	-10.1142
0	1281.23	-10.4741
0	1291.99	-11.0436
0	1302.76	-11.6085
0	1313.53	-12.1102
0	1324.29	-12.5329
0	1335.06	-12.8742
0	1345.83	-13.1356
0	1356.59	-13.32
0	1367.36	-13.4297
2.90249	0	-13.2718
2.90249	10.7666	-13.2363
2.90249	21.5332	-13.129
2.90249	32.2998	-12.9486
2.90249	43.0664	-12.6927
2.90249	53.833	-12.3585
2.90249	64.5996	-11.9442
2.90249	75.3662	-11.452
2.90249	86.1328	-10.8974
2.90249	96.8994	-10.3381
2.90249	107.666	-9.98558
2.90249	118.433	-10.8439
2.90249	129.199	-30.104
2.90249	139.966	11.6312
2.90249	150.732	28.9077
2.90249	161.499	29.0502
2.90249	172.266	12.6454
2.90249	183.032	-17.4373
2.90249	193.799	-15.0405
2.90249	204.565	-13.6742
2.90249	215.332	-14.2775
2.90249	226.099	-15.2661
2.90249	236.865	-16.3255
2.90249	247.632	-17.3662
2.90249	258.398	-18.3606
2.90249	269.165	-19.3013
2.90249	279.932	-20.1887
2.90249	290.698	-21.0257
2.90249	301.465	-21.8161
2.90249	312.231	-22.5637
2.90249	322.998	-23.2719
2.90249	333.765	-23.9441
2.90249	344.531	-24.583
2.90249	355.298	-25.1911
2.90249	366.064	-25.7706
2.90249	376.831	-26.3234
2.90249	387.598	-26.8511
2.90249	398.364	-27.3551
2.90249	409.131	-27.8367
2.90249	419.897	-28.2969
2.90249	430.664	-28.7365
2.90249	441.431	-29.1565
2.90249	452.197	-29.5573
2.90249	462.964	-29.9396
2.90249	473.73	-30.3038
2.90249	484.497	-30.6502
2.90249	495.264	-30.9791
2.90249	506.03	-31.2907
2.90249	516.797	-31.5851
2.90249	527.563	-31.8624
2.90249	538.33	-32.1226
2.90249	549.097	-32.3656
2.90249	559.863	-32.5915
2.90249	570.63	-32.8
2.90249	581.396	-32.9912
2.90249	592.163	-33.1648
2.90249	602.93	-33.3207
2.90249	613.696	-33.4587
2.90249	624.463	-33.5787
2.90249	635.229	-33.6806
2.90249	645.996	-33.7641
2.90249	656.763	-33.8292
2.90249	667.529	-33.8758
2.90249	678.296	-33.9037
2.90249	689.062	-33.9131
2.90249	699.829	-33.9037
2.90249	710.596	-33.8758
2.90249	721.362	-33.8292
2.90249	732.129	-33.7641
2.90249	742.896	-33.6806
2.90249	753.662	-33.5787
2.90249	764.429	-33.4587
2.90249	775.195	-33.3207
2.90249	785.962	-33.1648
2.90249	796.729	-32.9912
2.90249	807.495	-32.8
2.90249	818.262	-32.5915
2.90249	829.028	-32.3656
2.90249	839.795	-32.1226
2.90249	850.562	-31.8624
2.90249	861.328	-31.5851
2.90249	872.095	-31.2907
2.90249	882.861	-30.9791
2.90249	893.628	-30.6502
2.90249	904.395	-30.3038
2.90249	915.161	-29.9396
2.90249	925.928	-29.5573
2.90249	936.694	-29.1565
2.90249	947.461	-28.7365
2.90249	958.228	-28.2969
2.90249	968.994	-27.8367
2.90249	979.761	-27.3551
2.90249	990.527	-26.8511
2.90249	1001.29	-26.3234
2.90249	1012.06	-25.7706
2.90249	1022.83	-25.1911
2.90249	1033.59	-24.583
2.90249	1044.36	-23.9441
2.90249	1055.13	-23.2719
2.90249	1065.89	-22.5637
2.90249	1076.66	-21.8161
2.90249	1087.43	-21.0257
2.90249	1098.19	-20.1887
2.90249	1108.96	-19.3013
2.90249	1119.73	-18.3606
2.90249	1130.49	-17.3662
2.90249	1141.26	-16.3255
2.90249	1152.03	-15.2661
2.90249	1162.79	-14.2775
2.90249	1173.56	-13.6742
2.90249	1184.33	-15.0405
2.90249	1195.09	-17.4373
2.90249	1205.86	12.6454
2.90249	1216.63	29.0502
2.90249	1227.39	28.9077
2.90249	1238.16	11.6312
2.90249	1248.93	-30.104
2.90249	1259.69	-10.8439
2.90249	1270.46	-9.98558
2.90249	1281.23	-10.3381
2.90249	1291.99	-10.8974
2.90249	1302.76	-11.452
2.90249	1313.53	-11.9442
2.90249	1324.29	-12.3585
2.90249	1335.06	-12.6927
2.90249	1345.83	-12.9486
2.90249	1356.59	-13.129
2.90249	1367.36	-13.2363
5.80499	0	-13.1342
5.80499	10.7666	-13.0991
5.80499	21.5332	-12.9936
5.80499	32.2998	-12.8159
5.80499	43.0664	-12.5638
5.80499	53.833	-12.2344
5.80499	64.5996	-11.8259
5.80499	75.3662	-11.3403
5.80499	86.1328	-10.7928
5.80499	96.8994	-10.2405
5.80499	107.666	-9.89328
5.80499	118.433	-10.7472
5.80499	129.199	-33.5107
5.80499	139.966	11.6222
5.80499	150.732	28.9089
5.80499	161.499	29.0491
5.80499	172.266	12.6525
5.80499	183.032	-17.304
5.80499	193.799	-15.2565
5.80499	204.565	-13.8475
5.80499	215.332	-14.461
5.80499	226.099	-15.4717
5.80499	236.865	-16.5587
5.80499	247.632	-17.631
5.80499	258.398	-18.66
5.80499	269.165	-19.6383
5.80499	279.932	-20.5661
5.80499	290.698	-21.4463
5.80499	301.465	-22.2827
5.80499	312.231	-23.0791
5.80499	322.998	-23.8392
5.80499	333.765	-24.5662
5.80499	344.531	-25.2631
5.80499	355.298	-25.9324
5.80499	366.064	-26.5765
5.80499	376.831	-27.1972
5.80499	387.598	-27.7964
5.80499	398.364	-28.3756
5.80499	409.131	-28.9359
5.80499	419.897	-29.4786
5.80499	430.664	-30.0046
5.80499	441.431	-30.5146
5.80499	452.197	-31.0093
5.80499	462.964	-31.4891
5.80499	473.73	-31.9543
5.80499	484.497	-32.4051
5.80499	495.264	-32.8415
5.80499	506.03	-33.2633
5.80499	516.797	-33.6702
5.80499	527.563	-34.0617
5.80499	538.33	-34.4372
5.80499	549.097	-34.796
5.80499	559.863	-35.1368
5.80499	570.63	-35.4587
5.80499	581.396	-35.7603
5.80499	592.163	-36.0402
5.80499	602.93	-36.2968
5.80499	613.696	-36.5285
5.80499	624.463	-36.7335
5.80499	635.229	-36.9105
5.80499	645.996	-37.0576
5.80499	656.763	-37.1736
5.80499	667.529	-37.2574
5.80499	678.296	-37.308
5.80499	689.062	-37.3249
5.80499	699.829	-37.308
5.80499	710.596	-37.2574
5.80499	721.362	-37.1736
5.80499	732.129	-37.0576
5.80499	742.896	-36.9105
5.80499	753.662	-36.7335
5.80499	764.429	-36.5285
5.80499	775.195	-36.2968
5.80499	785.962	-36.0402
5.80499	796.729	-35.7603
5.80499	807.495	-35.4587
5.80499	818.262	-35.1368
5.80499	829.028	-34.796
5.80499	839.795	-34.4372
5.80499	850.562	-34.0617
5.80499	861.328	-33.6702
5.80499	872.095	-33.2633
5.80499	882.861	-32.8415
5.80499	893.628	-32.4051
5.80499	904.395	-31.9543
5.80499	915.161	-31.4891
5.80499	925.928	-31.0093
5.80499	936.694	-30.5146
5.80499	947.461	-30.0046
5.80499	958.228	-29.4786
5.80499	968.994	-28.9359
5.80499	979.761	-28.3756
5.80499	990.527	-27.7964
5.80499	1001.29	-27.1972
5.80499	1012.06	-26.5765
5.80499	1022.83	-25.9324
5.80499	1033.59	-25.2631
5.80499	1044.36	-24.5662
5.80499	1055.13	-23.8392
5.80499	1065.89	-23.0791
5.80499	1076.66	-22.2827
5.80499	1087.43	-21.4463
5.80499	1098.19	-20.5661
5.80499	1108.96	-19.6383
5.80499	1119.73	-18.66
5.80499	1130.49	-17.631
5.80499	1141.26	-16.5587
5.80499	1152.03	-15.4717
5.80499	1162.79	-14.461
5.80499	1173.56	-13.8475
5.80499	1184.33	-15.2565
5.80499	1195.09	-17.304
5.80499	1205.86	12.6525
5.80499	1216.63	29.0491
5.80499	1227.39	28.9089
5.80499	1238.16	11.6222
5.80499	1248.93	-33.5107
5.80499	1259.69	-10.7472
5.80499	1270.46	-9.89328
5.80499	1281.23	-10.2405
5.80499	1291.99	-10.7928
5.80499	1302.76	-11.3403
5.80499	1313.53	-11.8259
5.80499	1324.29	-12.2344
5.80499	1335.06	-12.5638
5.80499	1345.83	-12.8159
5.80499	1356.59	-12.9936
5.80499	1367.36	-13.0991
8.70748	0	-13.0513
8.70748	10.7666	-13.0166
8.70748	21.5332	-12.912
8.70748	32.2998	-12.7359
8.70748	43.0664	-12.486
8.70748	53.833	-12.1595
8.70748	64.5996	-11.7544
8.70748	75.3662	-11.2727
8.70748	86.1328	-10.7294
8.70748	96.8994	-10.1814
8.70748	107.666	-9.83725
8.70748	118.433	-10.6885
8.70748	129.199	-39.2867
8.70748	139.966	11.6167
8.70748	150.732	28.9096
8.70748	161.499	29.0484
8.70748	172.266	12.6569
8.70748	183.032	-17.2236
8.70748	193.799	-15.3953
8.70748	204.565	-13.9581
8.70748	215.332	-14.5784
8.70748	226.099	-15.6036
8.70748	236.865	-16.7093
8.70748	247.632	-17.8029
8.70748	258.398	-18.8557
8.70748	269.165	-19.8602
8.70748	279.932	-20.8167
8.70748	290.698	-21.7279
8.70748	301.465	-22.598
8.70748	312.231	-23.4309
8.70748	322.998	-24.2305
8.70748	333.765	-25.0002
8.70748	344.531	-25.7433
8.70748	355.298	-26.4626
8.70748	366.064	-27.1609
8.70748	376.831	-27.8403
8.70748	387.598	-28.5031
8.70748	398.364	-29.1512
8.70748	409.131	-29.7864
8.70748	419.897	-30.4105
8.70748	430.664	-31.0249
8.70748	441.431	-31.6312
8.70748	452.197	-32.2307
8.70748	462.964	-32.8245
8.70748	473.73	-33.4142
8.70748	484.497	-34.0005
8.70748	495.264	-34.5847
8.70748	506.03	-35.1676
8.70748	516.797	-35.7498
8.70748	527.563	-36.332
8.70748	538.33	-36.9144
8.70748	549.097	-37.4969
8.70748	559.863	-38.079
8.70748	570.63	-38.6593
8.70748	581.396	-39.2356
8.70748	592.163	-39.8048
8.70748	602.93	-40.3616
8.70748	613.696	-40.8995
8.70748	624.463	-41.4094
8.70748	635.229	-41.8796
8.70748	645.996	-42.2963
8.70748	656.763	-42.644
8.70748	667.529	-42.907
8.70748	678.296	-43.0712
8.70748	689.062	-43.1271
8.70748	699.829	-43.0712
8.70748	710.596	-42.907
8.70748	721.362	-42.644
8.70748	732.129	-42.2963
8.70748	742.896	-41.8796
8.70748	753.662	-41.4094
8.70748	764.429	-40.8995
8.70748	775.195	-40.3616
8.70748	785.962	-39.8048
8.70748	796.729	-39.2356
8.70748	807.495	-38.6593
8.70748	818.262	-38.079
8.70748	829.028	-37.4969
8.70748	839.795	-36.9144
8.70748	850.562	-36.332
8.70748	861.328	-35.7498
8.70748	872.095	-35.1676
8.70748	882.861	-34.5847
8.70748	893.628	-34.0005
8.70748	904.395	-33.4142
8.70748	915.161	-32.8245
8.70748	925.928	-32.2307
8.70748	936.694	-31.6312
8.70748	947.461	-31.0249
8.70748	958.228	-30.4105
8.70748	968.994	-29.7864
8.70748	979.761	-29.1512
8.70748	990.527	-28.5031
8.70748	1001.29	-27.8403
8.70748	1012.06	-27.1609
8.70748	1022.83	-26.4626
8.70748	1033.59	-25.7433
8.70748	1044.36	-25.0002
8.70748	1055.13	-24.2305
8.70748	1065.89	-23.4309
8.70748	1076.66	-22.598
8.70748	1087.43	-21.7279
8.70748	1098.19	-20.8167
8.70748	1108.96	-19.8602
8.70748	1119.73	-18.8557
8.70748	1130.49	-17.8029
8.70748	1141.26	-16.7093
8.70748	1152.03	-15.6036
8.70748	1162.79	-14.5784
8.70748	1173.56	-13.9581
8.70748	1184.33	-15.3953
8.70748	1195.09	-17.2236
8.70748	1205.86	12.6569
8.70748	1216.63	29.0484
8.70748	1227.39	28.9096
8.70748	1238.16	11.6167
8.70748	1248.93	-39.2867
8.70748	1259.69	-10.6885
8.70748	1270.46	-9.83725
8.70748	1281.23	-10.1814
8.70748	1291.99	-10.7294
8.70748	1302.76	-11.2727
8.70748	1313.53	-11.7544
8.70748	1324.29	-12.1595
8.70748	1335.06	-12.486
8.70748	1345.83	-12.7359
8.70748	1356.59	-12.912
8.70748	1367.36	-13.0166
11.61	0	-13.0222
11.61	10.7666	-12.9876
11.61	21.5332	-12.8833
11.61	32.2998	-12.7078
11.61	43.0664	-12.4587
11.61	53.833	-12.1332
11.61	64.5996	-11.7292
11.61	75.3662	-11.2489
11.61	86.1328	-10.7071
11.61	96.8994	-10.1605
11.61	107.666	-9.81747
11.61	118.433	-10.6678
11.61	129.199	-59.2596
11.61	139.966	11.6147
11.61	150.732	28.9099
11.61	161.499	29.0481
11.61	172.266	12.6585
11.61	183.032	-17.1954
11.61	193.799	-15.4459
11.61	204.565	-13.9982
11.61	215.332	-14.6209
11.61	226.099	-15.6516
11.61	236.865	-16.7641
11.61	247.632	-17.8657
11.61	258.398	-18.9276
11.61	269.165	-19.9421
11.61	279.932	-20.9095
11.61	290.698	-21.8328
11.61	301.465	-22.716
11.61	312.231	-23.5634
11.61	322.998	-24.3787
11.61	333.765	-25.1658
11.61	344.531	-25.9279
11.61	355.298	-26.6682
11.61	366.064	-27.3894
11.61	376.831	-28.0943
11.61	387.598	-28.7852
11.61	398.364	-29.4645
11.61	409.131	-30.1344
11.61	419.897	-30.7972
11.61	430.664	-31.455
11.61	441.431	-32.1099
11.61	452.197	-32.7642
11.61	462.964	-33.4202
11.61	473.73	-34.0805
11.61	484.497	-34.7476
11.61	495.264	-35.4245
11.61	506.03	-36.1146
11.61	516.797	-36.8214
11.61	527.563	-37.5493
11.61	538.33	-38.3035
11.61	549.097	-39.0899
11.61	559.863	-39.9159
11.61	570.63	-40.7908
11.61	581.396	-41.7263
11.61	592.163	-42.7377
11.61	602.93	-43.8455
11.61	613.696	-45.0785
11.61	624.463	-46.4784
11.61	635.229	-48.1094
11.61	645.996	-50.078
11.61	656.763	-52.5797
11.61	667.529	-56.0359
11.61	678.296	-61.6121
11.61	689.062	-70.3528
11.61	699.829	-61.6121
11.61	710.596	-56.0359
11.61	721.362	-52.5797
11.61	732.129	-50.078
11.61	742.896	-48.1094
11.61	753.662	-46.4784
11.61	764.429	-45.0785
11.61	775.195	-43.8455
11.61	785.962	-42.7377
11.61	796.729	-41.7263
11.61	807.495	-40.7908
11.61	818.262	-39.9159
11.61	829.028	-39.0899
11.61	839.795	-38.3035
11.61	850.562	-37.5493
11.61	861.328	-36.8214
11.61	872.095	-36.1146
11.61	882.861	-35.4245
11.61	893.628	-34.7476
11.61	904.395	-34.0805
11.61	915.161	-33.4202
11.61	925.928	-32.7642
11.61	936.694	-32.1099
11.61	947.461	-31.455
11.61	958.228	-30.7972
11.61	968.994	-30.1344
11.61	979.761	-29.4645
11.61	990.527	-28.7852
11.61	1001.29	-28.0943
11.61	1012.06	-27.3894
11.61	1022.83	-26.6682
11.61	1033.59	-25.9279
11.61	1044.36	-25.1658
11.61	1055.13	-24.3787
11.61	1065.89	-23.5634
11.61	1076.66	-22.716
11.61	1087.43	-21.8328
11.61	1098.19	-20.9095
11.61	1108.96	-19.9421
11.61	1119.73	-18.9276
11.61	1130.49	-17.8657
11.61	1141.26	-16.7641
11.61	1152.03	-15.6516
11.61	1162.79	-14.6209
11.61	1173.56	-13.9982
11.61	1184.33	-15.4459
11.61	1195.09	-17.1954
11.61	1205.86	12.6585
11.61	1216.63	29.0481
11.61	1227.39	28.9099
11.61	1238.16	11.6147
11.61	1248.93	-59.2596
11.61	1259.69	-10.6678
11.61	1270.46	-9.81747
11.61	1281.23	-10.1605
11.61	1291.99	-10.7071
11.61	1302.76	-11.2489
11.61	1313.53	-11.7292
11.61	1324.29	-12.1332
11.61	1335.06	-12.4587
11.61	1345.83	-12.7078
11.61	1356.59	-12.8833
11.61	1367.36	-12.9876
14.5125	0	-13.0464
14.5125	10.7666	-13.0117
14.5125	21.5332	-12.9072
14.5125	32.2998	-12.7312
14.5125	43.0664	-12.4815
14.5125	53.833	-12.1551
14.5125	64.5996	-11.7502
14.5125	75.3662	-11.2687
14.5125	86.1328	-10.7257
14.5125	96.8994	-10.1779
14.5125	107.666	-9.83395
14.5125	118.433	-10.6851
14.5125	129.199	-40.0681
14.5125	139.966	11.6164
14.5125	150.732	28.9097
14.5125	161.499	29.0483
14.5125	172.266	12.6572
14.5125	183.032	-17.2189
14.5125	193.799	-15.4037
14.5125	204.565	-13.9648
14.5125	215.332	-14.5854
14.5125	226.099	-15.6116
14.5125	236.865	-16.7183
14.5125	247.632	-17.8133
14.5125	258.398	-18.8676
14.5125	269.165	-19.8738
14.5125	279.932	-20.832
14.5125	290.698	-21.7452
14.5125	301.465	-22.6174
14.5125	312.231	-23.4527
14.5125	322.998	-24.2548
14.5125	333.765	-25.0273
14.5125	344.531	-25.7735
14.5125	355.298	-26.4962
14.5125	366.064	-27.1981
14.5125	376.831	-27.8815
14.5125	387.598	-28.5487
14.5125	398.364	-29.2017
14.5125	409.131	-29.8424
14.5125	419.897	-30.4725
14.5125	430.664	-31.0936
14.5125	441.431	-31.7072
14.5125	452.197	-32.315
14.5125	462.964	-32.9182
14.5125	473.73	-33.5182
14.5125	484.497	-34.1163
14.5125	495.264	-34.7136
14.5125	506.03	-35.3115
14.5125	516.797	-35.9107
14.5125	527.563	-36.5123
14.5125	538.33	-37.1168
14.5125	549.097	-37.7246
14.5125	559.863	-38.3356
14.5125	570.63	-38.9489
14.5125	581.396	-39.563
14.5125	592.163	-40.1748
14.5125	602.93	-40.7797
14.5125	613.696	-41.3707
14.5125	624.463	-41.9379
14.5125	635.229	-42.4681
14.5125	645.996	-42.9444
14.5125	656.763	-43.3471
14.5125	667.529	-43.6552
14.5125	678.296	-43.8493
14.5125	689.062	-43.9157
14.5125	699.829	-43.8493
14.5125	710.596	-43.6552
14.5125	721.362	-43.3471
14.5125	732.129	-42.9444
14.5125	742.896	-42.4681
14.5125	753.662	-41.9379
14.5125	764.429	-41.3707
14.5125	775.195	-40.7797
14.5125	785.962	-40.1748
14.5125	796.729	-39.563
14.5125	807.495	-38.9489
14.5125	818.262	-38.3356
14.5125	829.028	-37.7246
14.5125	839.795	-37.1168
14.5125	850.562	-36.5123
14.5125	861.328	-35.9107
14.5125	872.095	-35.3115
14.5125	882.861	-34.7136
14.5125	893.628	-34.1163
14.5125	904.395	-33.5182
14.5125	915.161	-32.9182
14.5125	925.928	-32.315
14.5125	936.694	-31.7072
14.5125	947.461	-31.0936
14.5125	958.228	-30.4725
14.5125	968.994	-29.8424
14.5125	979.761	-29.2017
14.5125	990.527	-28.5487
14.5125	1001.29	-27.8815
14.5125	1012.06	-27.1981
14.5125	1022.83	-26.4962
14.5125	1033.59	-25.7735
14.5125	1044.36	-25.0273
14.5125	1055.13	-24.2548
14.5125	1065.89	-23.4527
14.5125	1076.66	-22.6174
14.5125	1087.43	-21.7452
14.5125	1098.19	-20.832
14.5125	1108.96	-19.8738
14.5125	1119.73	-18.8676
14.5125	1130.49	-17.8133
14.5125	1141.26	-16.7183
14.5125	1152.03	-15.6116
14.5125	1162.79	-14.5854
14.5125	1173.56	-13.9648
14.5125	1184.33	-15.4037
14.5125	1195.09	-17.2189
14.5125	1205.86	12.6572
14.5125	1216.63	29.0483
14.5125	1227.39	28.9097
14.5125	1238.16	11.6164
14.5125	1248.93	-40.0681
14.5125	1259.69	-10.6851
14.5125	1270.46	-9.83395
14.5125	1281.23	-10.1779
14.5125	1291.99	-10.7257
14.5125	1302.76	-11.2687
14.5125	1313.53	-11.7502
14.5125	1324.29	-12.1551
14.5125	1335.06	-12.4815
14.5125	1345.83	-12.7312
14.5125	1356.59	-12.9072
14.5125	1367.36	-13.0117
17.415	0	-13.1244
17.415	10.7666	-13.0894
17.415	21.5332	-12.9839
17.415	32.2998	-12.8065
17.415	43.0664	-12.5546
17.415	53.833	-12.2256
17.415	64.5996	-11.8175
17.415	75.3662	-11.3323
17.415	86.1328	-10.7853
17.415	96.8994	-10.2336
17.415	107.666	-9.88669
17.415	118.433	-10.7403
17.415	129.199	-33.9015
17.415	139.966	11.6216
17.415	150.732	28.909
17.415	161.499	29.049
17.415	172.266	12.653
17.415	183.032	-17.2945
17.415	193.799	-15.2725
17.415	204.565	-13.8603
17.415	215.332	-14.4746
17.415	226.099	-15.4869
17.415	236.865	-16.5761
17.415	247.632	-17.6507
17.415	258.398	-18.6824
17.415	269.165	-19.6637
17.415	279.932	-20.5947
17.415	290.698	-21.4783
17.415	301.465	-22.3184
17.415	312.231	-23.1188
17.415	322.998	-23.8832
17.415	333.765	-24.6148
17.415	344.531	-25.3166
17.415	355.298	-25.9912
17.415	366.064	-26.6409
17.415	376.831	-27.2677
17.415	387.598	-27.8734
17.415	398.364	-28.4595
17.415	409.131	-29.0272
17.415	419.897	-29.5779
17.415	430.664	-30.1123
17.415	441.431	-30.6314
17.415	452.197	-31.1357
17.415	462.964	-31.6257
17.415	473.73	-32.1018
17.415	484.497	-32.5642
17.415	495.264	-33.0128
17.415	506.03	-33.4475
17.415	516.797	-33.8679
17.415	527.563	-34.2736
17.415	538.33	-34.6639
17.415	549.097	-35.0378
17.415	559.863	-35.3943
17.415	570.63	-35.7321
17.415	581.396	-36.0496
17.415	592.163	-36.3452
17.415	602.93	-36.6171
17.415	613.696	-36.8634
17.415	624.463	-37.0821
17.415	635.229	-37.2713
17.415	645.996	-37.429
17.415	656.763	-37.5537
17.415	667.529	-37.6438
17.415	678.296	-37.6984
17.415	689.062	-37.7166
17.415	699.829	-37.6984
17.415	710.596	-37.6438
17.415	721.362	-37.5537
17.415	732.129	-37.429
17.415	742.896	-37.2713
17.415	753.662	-37.0821
17.415	764.429	-36.8634
17.415	775.195	-36.6171
17.415	785.962	-36.3452
17.415	796.729	-36.0496
17.415	807.495	-35.7321
17.415	818.262	-35.3943
17.415	829.028	-35.0378
17.415	839.795	-34.6639
17.415	850.562	-34.2736
17.415	861.328	-33.8679
17.415	872.095	-33.4475
17.415	882.861	-33.0128
17.415	893.628	-32.5642
17.415	904.395	-32.1018
17.415	915.161	-31.6257
17.415	925.928	-31.1357
17.415	936.694	-30.6314
17.415	947.461	-30.1123
17.415	958.228	-29.5779
17.415	968.994	-29.0272
17.415	979.761	-28.4595
17.415	990.527	-27.8734
17.415	1001.29	-27.2677
17.415	1012.06	-26.6409
17.415	1022.83	-25.9912
17.415	1033.59	-25.3166
17.415	1044.36	-24.6148
17.415	1055.13	-23.8832
17.415	1065.89	-23.1188
17.415	1076.66	-22.3184
17.415	1087.43	-21.4783
17.415	1098.19	-20.5947
17.415	1108.96	-19.6637
17.415	1119.73	-18.6824
17.415	1130.49	-17.6507
17.415	1141.26	-16.5761
17.415	1152.03	-15.4869
17.415	1162.79	-14.4746
17.415	1173.56	-13.8603
17.415	1184.33	-15.2725
17.415	1195.09	-17.2945
17.415	1205.86	12.653
17.415	1216.63	29.049
17.415	1227.39	28.909
17.415	1238.16	11.6216
17.415	1248.93	-33.9015
17.415	1259.69	-10.7403
17.415	1270.46	-9.88669
17.415	1281.23	-10.2336
17.415	1291.99	-10.7853
17.415	1302.76	-11.3323
17.415	1313.53	-11.8175
17.415	1324.29	-12.2256
17.415	1335.06	-12.5546
17.415	1345.83	-12.8065
17.415	1356.59	-12.9839
17.415	1367.36	-13.0894
20.3175	0	-13.257
20.3175	10.7666	-13.2215
20.3175	21.5332	-13.1145
20.3175	32.2998	-12.9344
20.3175	43.0664	-12.6788
20.3175	53.833	-12.3452
20.3175	64.5996	-11.9315
20.3175	75.3662	-11.44
20.3175	86.1328	-10.8862
20.3175	96.8994	-10.3276
20.3175	107.666	-9.97569
20.3175	118.433	-10.8335
20.3175	129.199	-30.3621
20.3175	139.966	11.6302
20.3175	150.732	28.9079
20.3175	161.499	29.0501
20.3175	172.266	12.6462
20.3175	183.032	-17.4229
20.3175	193.799	-15.0629
20.3175	204.565	-13.6923
20.3175	215.332	-14.2966
20.3175	226.099	-15.2874
20.3175	236.865	-16.3497
20.3175	247.632	-17.3936
20.3175	258.398	-18.3914
20.3175	269.165	-19.3358
20.3175	279.932	-20.2272
20.3175	290.698	-21.0685
20.3175	301.465	-21.8633
20.3175	312.231	-22.6155
20.3175	322.998	-23.3287
20.3175	333.765	-24.006
20.3175	344.531	-24.6503
20.3175	355.298	-25.264
20.3175	366.064	-25.8494
20.3175	376.831	-26.4082
20.3175	387.598	-26.9422
20.3175	398.364	-27.4527
20.3175	409.131	-27.941
20.3175	419.897	-28.4081
20.3175	430.664	-28.8549
20.3175	441.431	-29.2821
20.3175	452.197	-29.6904
20.3175	462.964	-30.0802
20.3175	473.73	-30.4521
20.3175	484.497	-30.8062
20.3175	495.264	-31.1429
20.3175	506.03	-31.4623
20.3175	516.797	-31.7645
20.3175	527.563	-32.0495
20.3175	538.33	-32.3173
20.3175	549.097	-32.5678
20.3175	559.863	-32.8008
20.3175	570.63	-33.0164
20.3175	581.396	-33.2141
20.3175	592.163	-33.3939
20.3175	602.93	-33.5556
20.3175	613.696	-33.6988
20.3175	624.463	-33.8235
20.3175	635.229	-33.9294
20.3175	645.996	-34.0163
20.3175	656.763	-34.0841
20.3175	667.529	-34.1326
20.3175	678.296	-34.1617
20.3175	689.062	-34.1714
20.3175	699.829	-34.1617
20.3175	710.596	-34.1326
20.3175	721.362	-34.0841
20.3175	732.129	-34.0163
20.3175	742.896	-33.9294
20.3175	753.662	-33.8235
20.3175	764.429	-33.6988
20.3175	775.195	-33.5556
20.3175	785.962	-33.3939
20.3175	796.729	-33.2141
20.3175	807.495	-33.0164
20.3175	818.262	-32.8008
20.3175	829.028	-32.5678
20.3175	839.795	-32.3173
20.3175	850.562	-32.0495
20.3175	861.328	-31.7645
20.3175	872.095	-31.4623
20.3175	882.861	-31.1429
20.3175	893.628	-30.8062
20.3175	904.395	-30.4521
20.3175	915.161	-30.0802
20.3175	925.928	-29.6904
20.3175	936.694	-29.2821
20.3175	947.461	-28.8549
20.3175	958.228	-28.4081
20.3175	968.994	-27.941
20.3175	979.761	-27.4527
20.3175	990.527	-26.9422
20.3175	1001.29	-26.4082
20.3175	1012.06	-25.8494
20.3175	1022.83	-25.264
20.3175	1033.59	-24.6503
20.3175	1044.36	-24.006
20.3175	1055.13	-23.3287
20.3175	1065.89	-22.6155
20.3175	1076.66	-21.8633
20.3175	1087.43	-21.0685
20.3175	1098.19	-20.2272
20.3175	1108.96	-19.3358
20.3175	1119.73	-18.3914
20.3175	1130.49	-17.3936
20.3175	1141.26	-16.3497
20.3175	1152.03	-15.2874
20.3175	1162.79	-14.2966
20.3175	1173.56	-13.6923
20.3175	1184.33	-15.0629
20.3175	1195.09	-17.4229
20.3175	1205.86	12.6462
20.3175	1216.63	29.0501
20.3175	1227.39	28.9079
20.3175	1238.16	11.6302
20.3175	1248.93	-30.3621
20.3175	1259.69	-10.8335
20.3175	1270.46	-9.97569
20.3175	1281.23	-10.3276
20.3175	1291.99	-10.8862
20.3175	1302.76	-11.44
20.3175	1313.53	-11.9315
20.3175	1324.29	-12.3452
20.3175	1335.06	-12.6788
20.3175	1345.83	-12.9344
20.3175	1356.59	-13.1145
20.3175	1367.36	-13.2215
23.22	0	-13.446
23.22	10.7666	-13.4097
23.22	21.5332	-13.3003
23.22	32.2998	-13.1163
23.22	43.0664	-12.8554
23.22	53.833	-12.515
23.22	64.5996	-12.0931
23.22	75.3662	-11.5924
23.22	86.1328	-11.0285
23.22	96.8994	-10.4601
23.22	107.666	-10.101
23.22	118.433	-10.9649
23.22	129.199	-27.8937
23.22	139.966	11.6421
23.22	150.732	28.9063
23.22	161.499	29.0516
23.22	172.266	12.6367
23.22	183.032	-17.6057
23.22	193.799	-14.7908
23.22	204.565	-13.4716
23.22	215.332	-14.0634
23.22	226.099	-15.0277
23.22	236.865	-16.0568
23.22	247.632	-17.0636
23.22	258.398	-18.021
23.22	269.165	-18.9225
23.22	279.932	-19.7685
23.22	290.698	-20.5621
23.22	301.465	-21.3071
23.22	312.231	-22.0076
23.22	322.998	-22.667
23.22	333.765	-23.2886
23.22	344.531	-23.8755
23.22	355.298	-24.43
23.22	366.064	-24.9545
23.22	376.831	-25.451
23.22	387.598	-25.9212
23.22	398.364	-26.3666
23.22	409.131	-26.7886
23.22	419.897	-27.1883
23.22	430.664	-27.5669
23.22	441.431	-27.9252
23.22	452.197	-28.2641
23.22	462.964	-28.5843
23.22	473.73	-28.8865
23.22	484.497	-29.1712
23.22	495.264	-29.439
23.22	506.03	-29.6904
23.22	516.797	-29.9256
23.22	527.563	-30.1451
23.22	538.33	-30.3493
23.22	549.097	-30.5383
23.22	559.863	-30.7125
23.22	570.63	-30.872
23.22	581.396	-31.0171
23.22	592.163	-31.148
23.22	602.93	-31.2646
23.22	613.696	-31.3673
23.22	624.463	-31.4561
23.22	635.229	-31.5311
23.22	645.996	-31.5924
23.22	656.763	-31.64
23.22	667.529	-31.6739
23.22	678.296	-31.6943
23.22	689.062	-31.7011
23.22	699.829	-31.6943
23.22	710.596	-31.6739
23.22	721.362	-31.64
23.22	732.129	-31.5924
23.22	742.896	-31.5311
23.22	753.662	-31.4561
23.22	764.429	-31.3673
23.22	775.195	-31.2646
23.22	785.962	-31.148
23.22	796.729	-31.0171
23.22	807.495	-30.872
23.22	818.262	-30.7125
23.22	829.028	-30.5383
23.22	839.795	-30.3493
23.22	850.562	-30.1451
23.22	861.328	-29.9256
23.22	872.095	-29.6904
23.22	882.861	-29.439
23.22	893.628	-29.1712
23.22	904.395	-28.8865
23.22	915.161	-28.5843
23.22	925.928	-28.2641
23.22	936.694	-27.9252
23.22	947.461	-27.5669
23.22	958.228	-27.1883
23.22	968.994	-26.7886
23.22	979.761	-26.3666
23.22	990.527	-25.9212
23.22	1001.29	-25.451
23.22	1012.06	-24.9545
23.22	1022.83	-24.43
23.22	1033.59	-23.8755
23.22	1044.36	-23.2886
23.22	1055.13	-22.667
23.22	1065.89	-22.0076
23.22	1076.66	-21.3071
23.22	1087.43	-20.5621
23.22	1098.19	-19.7685
23.22	1108.96	-18.9225
23.22	1119.73	-18.021
23.22	1130.49	-17.0636
23.22	1141.26	-16.0568
23.22	1152.03	-15.0277
23.22	1162.79	-14.0634
23.22	1173.56	-13.4716
23.22	1184.33	-14.7908
23.22	1195.09	-17.6057
23.22	1205.86	12.6367
23.22	1216.63	29.0516
23.22	1227.39	28.9063
23.22	1238.16	11.6421
23.22	1248.93	-27.8937
23.22	1259.69	-10.9649
23.22	1270.46	-10.101
23.22	1281.23	-10.4601
23.22	1291.99	-11.0285
23.22	1302.76	-11.5924
23.22	1313.53	-12.0931
23.22	1324.29	-12.515
23.22	1335.06	-12.8554
23.22	1345.83	-13.1163
23.22	1356.59	-13.3003
23.22	1367.36	-13.4097
26.1224	0	-13.6939
26.1224	10.7666	-13.6565
26.1224	21.5332	-13.5439
26.1224	32.2998	-13.3546
26.1224	43.0664	-13.0863
26.1224	53.833	-12.7365
26.1224	64.5996	-12.3036
26.1224	75.3662	-11.7903
26.1224	86.1328	-11.2129
26.1224	96.8994	-10.6313
26.1224	107.666	-10.2625
26.1224	118.433	-11.1346
26.1224	129.199	-26.0163
26.1224	139.966	11.6568
26.1224	150.732	28.9044
26.1224	161.499	29.0534
26.1224	172.266	12.6249
26.1224	183.032	-17.845
26.1224	193.799	-14.4735
26.1224	204.565	-13.2111
26.1224	215.332	-13.7891
26.1224	226.099	-14.724
26.1224	236.865	-15.7172
26.1224	247.632	-16.6842
26.1224	258.398	-17.5994
26.1224	269.165	-18.4566
26.1224	279.932	-19.2568
26.1224	290.698	-20.0034
26.1224	301.465	-20.7004
26.1224	312.231	-21.352
26.1224	322.998	-21.9619
26.1224	333.765	-22.5335
26.1224	344.531	-23.0699
26.1224	355.298	-23.5738
26.1224	366.064	-24.0475
26.1224	376.831	-24.4933
26.1224	387.598	-24.913
26.1224	398.364	-25.3081
26.1224	409.131	-25.6803
26.1224	419.897	-26.0308
26.1224	430.664	-26.3608
26.1224	441.431	-26.6714
26.1224	452.197	-26.9635
26.1224	462.964	-27.2379
26.1224	473.73	-27.4955
26.1224	484.497	-27.737
26.1224	495.264	-27.963
26.1224	506.03	-28.1739
26.1224	516.797	-28.3705
26.1224	527.563	-28.5531
26.1224	538.33	-28.7222
26.1224	549.097	-28.8781
26.1224	559.863	-29.0212
26.1224	570.63	-29.1518
26.1224	581.396	-29.2701
26.1224	592.163	-29.3765
26.1224	602.93	-29.4712
26.1224	613.696	-29.5542
26.1224	624.463	-29.6259
26.1224	635.229	-29.6863
26.1224	645.996	-29.7355
26.1224	656.763	-29.7738
26.1224	667.529	-29.801
26.1224	678.296	-29.8173
26.1224	689.062	-29.8228
26.1224	699.829	-29.8173
26.1224	710.596	-29.801
26.1224	721.362	-29.7738
26.1224	732.129	-29.7355
26.1224	742.896	-29.6863
26.1224	753.662	-29.6259
26.1224	764.429	-29.5542
26.1224	775.195	-29.4712
26.1224	785.962	-29.3765
26.1224	796.729	-29.2701
26.1224	807.495	-29.1518
26.1224	818.262	-29.0212
26.1224	829.028	-28.8781
26.1224	839.795	-28.7222
26.1224	850.562	-28.5531
26.1224	861.328	-28.3705
26.1224	872.095	-28.1739
26.1224	882.861	-27.963
26.1224	893.628	-27.737
26.1224	904.395	-27.4955
26.1224	915.161	-27.2379
26.1224	925.928	-26.9635
26.1224	936.694	-26.6714
26.1224	947.461	-26.3608
26.1224	958.228	-26.0308
26.1224	968.994	-25.6803
26.1224	979.761	-25.3081
26.1224	990.527	-24.913
26.1224	1001.29	-24.4933
26.1224	1012.06	-24.0475
26.1224	1022.83	-23.5738
26.1224	1033.59	-23.0699
26.1224	1044.36	-22.5335
26.1224	1055.13	-21.9619
26.1224	1065.89	-21.352
26.1224	1076.66	-20.7004
26.1224	1087.43	-20.0034
26.1224	1098.19	-19.2568
26.1224	1108.96	-18.4566
26.1224	1119.73	-17.5994
26.1224	1130.49	-16.6842
26.1224	1141.26	-15.7172
26.1224	1152.03	-14.724
26.1224	1162.79	-13.7891
26.1224	1173.56	-13.2111
26.1224	1184.33	-14.4735
26.1224	1195.09	-17.845
26.1224	1205.86	12.6249
26.1224	1216.63	29.0534
26.1224	1227.39	28.9044
26.1224	1238.16	11.6568
26.1224	1248.93	-26.0163
26.1224	1259.69	-11.1346
26.1224	1270.46	-10.2625
26.1224	1281.23	-10.6313
26.1224	1291.99	-11.2129
26.1224	1302.76	-11.7903
26.1224	1313.53	-12.3036
26.1224	1324.29	-12.7365
26.1224	1335.06	-13.0863
26.1224	1345.83	-13.3546
26.1224	1356.59	-13.5439
26.1224	1367.36	-13.6565
29.0249	0	-14.0041
29.0249	10.7666	-13.9653
29.0249	21.5332	-13.8484
29.0249	32.2998	-13.652
29.0249	43.0664	-13.3739
29.0249	53.833	-13.0118
29.0249	64.5996	-12.5643
29.0249	75.3662	-12.0346
29.0249	86.1328	-11.4399
29.0249	96.8994	-10.8413
29.0249	107.666	-10.46
29.0249	118.433	-11.3427
29.0249	129.199	-24.5181
29.0249	139.966	11.674
29.0249	150.732	28.9021
29.0249	161.499	29.0556
29.0249	172.266	12.611
29.0249	183.032	-18.1439
29.0249	193.799	-14.1285
29.0249	204.565	-12.9241
29.0249	215.332	-13.4878
29.0249	226.099	-14.3927
29.0249	236.865	-15.3498
29.0249	247.632	-16.2776
29.0249	258.398	-17.1517
29.0249	269.165	-17.9668
29.0249	279.932	-18.7243
29.0249	290.698	-19.428
29.0249	301.465	-20.082
29.0249	312.231	-20.6908
29.0249	322.998	-21.2581
29.0249	333.765	-21.7877
29.0249	344.531	-22.2827
29.0249	355.298	-22.7458
29.0249	366.064	-23.1796
29.0249	376.831	-23.5862
29.0249	387.598	-23.9676
29.0249	398.364	-24.3256
29.0249	409.131	-24.6616
29.0249	419.897	-24.977
29.0249	430.664	-25.2731
29.0249	441.431	-25.5509
29.0249	452.197	-25.8115
29.0249	462.964	-26.0557
29.0249	473.73	-26.2843
29.0249	484.497	-26.4981
29.0249	495.264	-26.6977
29.0249	506.03	-26.8837
29.0249	516.797	-27.0567
29.0249	527.563	-27.217
29.0249	538.33	-27.3652
29.0249	549.097	-27.5017
29.0249	559.863	-27.6267
29.0249	570.63	-27.7407
29.0249	581.396	-27.8439
29.0249	592.163	-27.9366
29.0249	602.93	-28.0189
29.0249	613.696	-28.0911
29.0249	624.463	-28.1533
29.0249	635.229	-28.2057
29.0249	645.996	-28.2484
29.0249	656.763	-28.2816
29.0249	667.529	-28.3052
29.0249	678.296	-28.3193
29.0249	689.062	-28.3241
29.0249	699.829	-28.3193
29.0249	710.596	-28.3052
29.0249	721.362	-28.2816
29.0249	732.129	-28.2484
29.0249	742.896	-28.2057
29.0249	753.662	-28.1533
29.0249	764.429	-28.0911
29.0249	775.195	-28.0189
29.0249	785.962	-27.9366
29.0249	796.729	-27.8439
29.0249	807.495	-27.7407
29.0249	818.262	-27.6267
29.0249	829.028	-27.5017
29.0249	839.795	-27.3652
29.0249	850.562	-27.217
29.0249	861.328	-27.0567
29.0249	872.095	-26.8837
29.0249	882.861	-26.6977
29.0249	893.628	-26.4981
29.0249	904.395	-26.2843
29.0249	915.161	-26.0557
29.0249	925.928	-25.8115
29.0249	936.694	-25.5509
29.0249	947.461	-25.2731
29.0249	958.228	-24.977
29.0249	968.994	-24.6616
29.0249	979.761	-24.3256
29.0249	990.527	-23.9676
29.0249	1001.29	-23.5862
29.0249	1012.06	-23.1796
29.0249	1022.83	-22.7458
29.0249	1033.59	-22.2827
29.0249	1044.36	-21.7877
29.0249	1055.13	-21.2581
29.0249	1065.89	-20.6908
29.0249	1076.66	-20.082
29.0249	1087.43	-19.428
29.0249	1098.19	-18.7243
29.0249	1108.96	-17.9668
29.0249	1119.73	-17.1517
29.0249	1130.49	-16.2776
29.0249	1141.26	-15.3498
29.0249	1152.03	-14.3927
29.0249	1162.79	-13.4878
29.0249	1173.56	-12.9241
29.0249	1184.33	-14.1285
29.0249	1195.09	-18.1439
29.0249	1205.86	12.611
29.0249	1216.63	29.0556
29.0249	1227.39	28.9021
29.0249	1238.16	11.674
29.0249	1248.93	-24.5181
29.0249	1259.69	-11.3427
29.0249	1270.46	-10.46
29.0249	1281.23	-10.8413
29.0249	1291.99	-11.4399
29.0249	1302.76	-12.0346
29.0249	1313.53	-12.5643
29.0249	1324.29	-13.0118
29.0249	1335.06	-13.3739
29.0249	1345.83	-13.652
29.0249	1356.59	-13.8484
29.0249	1367.36	-13.9653
31.9274	0	-14.3813
31.9274	10.7666	-14.3406
31.9274	21.5332	-14.2181
31.9274	32.2998	-14.0123
31.9274	43.0664	-13.7215
31.9274	53.833	-13.3435
31.9274	64.5996	-12.8773
31.9274	75.3662	-12.3267
31.9274	86.1328	-11.7098
31.9274	96.8994	-11.0899
31.9274	107.666	-10.6933
31.9274	118.433	-11.5889
31.9274	129.199	-23.2867
31.9274	139.966	11.6932
31.9274	150.732	28.8996
31.9274	161.499	29.058
31.9274	172.266	12.5953
31.9274	183.032	-18.5062
31.9274	193.799	-13.7711
31.9274	204.565	-12.6228
31.9274	215.332	-13.1725
31.9274	226.099	-14.0484
31.9274	236.865	-14.971
31.9274	247.632	-15.8619
31.9274	258.398	-16.6982
31.9274	269.165	-17.4753
31.9274	279.932	-18.1949
31.9274	290.698	-18.8611
31.9274	301.465	-19.4784
31.9274	312.231	-20.0511
31.9274	322.998	-20.5835
31.9274	333.765	-21.079
31.9274	344.531	-21.5409
31.9274	355.298	-21.9721
31.9274	366.064	-22.375
31.9274	376.831	-22.752
31.9274	387.598	-23.1049
31.9274	398.364	-23.4354
31.9274	409.131	-23.7452
31.9274	419.897	-24.0356
31.9274	430.664	-24.3077
31.9274	441.431	-24.5628
31.9274	452.197	-24.8017
31.9274	462.964	-25.0253
31.9274	473.73	-25.2345
31.9274	484.497	-25.4299
31.9274	495.264	-25.6122
31.9274	506.03	-25.782
31.9274	516.797	-25.9397
31.9274	527.563	-26.0858
31.9274	538.33	-26.2208
31.9274	549.097	-26.345
31.9274	559.863	-26.4588
31.9274	570.63	-26.5625
31.9274	581.396	-26.6563
31.9274	592.163	-26.7405
31.9274	602.93	-26.8153
31.9274	613.696	-26.8809
31.9274	624.463	-26.9374
31.9274	635.229	-26.985
31.9274	645.996	-27.0238
31.9274	656.763	-27.0539
31.9274	667.529	-27.0753
31.9274	678.296	-27.0881
31.9274	689.062	-27.0924
31.9274	699.829	-27.0881
31.9274	710.596	-27.0753
31.9274	721.362	-27.0539
31.9274	732.129	-27.0238
31.9274	742.896	-26.985
31.9274	753.662	-26.9374
31.9274	764.429	-26.8809
31.9274	775.195	-26.8153
31.9274	785.962	-26.7405
31.9274	796.729	-26.6563
31.9274	807.495	-26.5625
31.9274	818.262	-26.4588
31.9274	829.028	-26.345
31.9274	839.795	-26.2208
31.9274	850.562	-26.0858
31.9274	861.328	-25.9397
31.9274	872.095	-25.782
31.9274	882.861	-25.6122
31.9274	893.628	-25.4299
31.9274	904.395	-25.2345
31.9274	915.161	-25.0253
31.9274	925.928	-24.8017
31.9274	936.694	-24.5628
31.9274	947.461	-24.3077
31.9274	958.228	-24.0356
31.9274	968.994	-23.7452
31.9274	979.761	-23.4354
31.9274	990.527	-23.1049
31.9274	1001.29	-22.752
31.9274	1012.06	-22.375
31.9274	1022.83	-21.9721
31.9274	1033.59	-21.5409
31.9274	1044.36	-21.079
31.9274	1055.13	-20.5835
31.9274	1065.89	-20.0511
31.9274	1076.66	-19.4784
31.9274	1087.43	-18.8611
31.9274	1098.19	-18.1949
31.9274	1108.96	-17.4753
31.9274	1119.73	-16.6982
31.9274	1130.49	-15.8619
31.9274	1141.26	-14.971
31.9274	1152.03	-14.0484
31.9274	1162.79	-13.1725
31.9274	1173.56	-12.6228
31.9274	1184.33	-13.7711
31.9274	1195.09	-18.5062
31.9274	1205.86	12.5953
31.9274	1216.63	29.058
31.9274	1227.39	28.8996
31.9274	1238.16	11.6932
31.9274	1248.93	-23.2867
31.9274	1259.69	-11.5889
31.9274	1270.46	-10.6933
31.9274	1281.23	-11.0899
31.9274	1291.99	-11.7098
31.9274	1302.76	-12.3267
31.9274	1313.53	-12.8773
31.9274	1324.29	-13.3435
31.9274	1335.06	-13.7215
31.9274	1345.83	-14.0123
31.9274	1356.59	-14.2181
31.9274	1367.36	-14.3406
34.8299	0	-14.8316
34.8299	10.7666	-14.7884
34.8299	21.5332	-14.6585
34.8299	32.2998	-14.4406
34.8299	43.0664	-14.1332
34.8299	53.833	-13.7347
34.8299	64.5996	-13.2446
34.8299	75.3662	-12.6676
34.8299	86.1328	-12.0232
34.8299	96.8994	-11.377
34.8299	107.666	-10.9615
34.8299	118.433	-11.873
34.8299	129.199	-22.2556
34.8299	139.966	11.714
34.8299	150.732	28.8968
34.8299	161.499	29.0607
34.8299	172.266	12.5782
34.8299	183.032	-18.937
34.8299	193.799	-13.4137
34.8299	204.565	-12.3178
34.8299	215.332	-12.8543
34.8299	226.099	-13.7032
34.8299	236.865	-14.5941
34.8299	247.632	-15.4517
34.8299	258.398	-16.2543
34.8299	269.165	-16.998
34.8299	279.932	-17.685
34.8299	290.698	-18.3195
34.8299	301.465	-18.9061
34.8299	312.231	-19.4493
34.8299	322.998	-19.9532
34.8299	333.765	-20.4215
34.8299	344.531	-20.8574
34.8299	355.298	-21.2638
34.8299	366.064	-21.6431
34.8299	376.831	-21.9976
34.8299	387.598	-22.3291
34.8299	398.364	-22.6394
34.8299	409.131	-22.93
34.8299	419.897	-23.2022
34.8299	430.664	-23.4572
34.8299	441.431	-23.696
34.8299	452.197	-23.9197
34.8299	462.964	-24.1289
34.8299	473.73	-24.3246
34.8299	484.497	-24.5074
34.8299	495.264	-24.6778
34.8299	506.03	-24.8365
34.8299	516.797	-24.9839
34.8299	527.563	-25.1205
34.8299	538.33	-25.2467
34.8299	549.097	-25.3628
34.8299	559.863	-25.4691
34.8299	570.63	-25.566
34.8299	581.396	-25.6537
34.8299	592.163	-25.7323
34.8299	602.93	-25.8022
34.8299	613.696	-25.8635
34.8299	624.463	-25.9163
34.8299	635.229	-25.9608
34.8299	645.996	-25.997
34.8299	656.763	-26.0251
34.8299	667.529	-26.0452
34.8299	678.296	-26.0572
34.8299	689.062	-26.0612
34.8299	699.829	-26.0572
34.8299	710.596	-26.0452
34.8299	721.362	-26.0251
34.8299	732.129	-25.997
34.8299	742.896	-25.9608
34.8299	753.662	-25.9163
34.8299	764.429	-25.8635
34.8299	775.195	-25.8022
34.8299	785.962	-25.7323
34.8299	796.729	-25.6537
34.8299	807.495	-25.566
34.8299	818.262	-25.4691
34.8299	829.028	-25.3628
34.8299	839.795	-25.2467
34.8299	850.562	-25.1205
34.8299	861.328	-24.9839
34.8299	872.095	-24.8365
34.8299	882.861	-24.6778
34.8299	893.628	-24.5074
34.8299	904.395	-24.3246
34.8299	915.161	-24.1289
34.8299	925.928	-23.9197
34.8299	936.694	-23.696
34.8299	947.461	-23.4572
34.8299	958.228	-23.2022
34.8299	968.994	-22.93
34.8299	979.761	-22.6394
34.8299	990.527	-22.3291
34.8299	1001.29	-21.9976
34.8299	1012.06	-21.6431
34.8299	1022.83	-21.2638
34.8299	1033.59	-20.8574
34.8299	1044.36	-20.4215
34.8299	1055.13	-19.9532
34.8299	1065.89	-19.4493
34.8299	1076.66	-18.9061
34.8299	1087.43	-18.3195
34.8299	1098.19	-17.685
34.8299	1108.96	-16.998
34.8299	1119.73	-16.2543
34.8299	1130.49	-15.4517
34.8299	1141.26	-14.5941
34.8299	1152.03	-13.7032
34.8299	1162.79	-12.8543
34.8299	1173.56	-12.3178
34.8299	1184.33	-13.4137
34.8299	1195.09	-18.937
34.8299	1205.86	12.5782
34.8299	1216.63	29.0607
34.8299	1227.39	28.8968
34.8299	1238.16	11.714
34.8299	1248.93	-22.2556
34.8299	1259.69	-11.873
34.8299	1270.46	-10.9615
34.8299	1281.23	-11.377
34.8299	1291.99	-12.0232
34.8299	1302.76	-12.6676
34.8299	1313.53	-13.2446
34.8299	1324.29	-13.7347
34.8299	1335.06	-14.1332
34.8299	1345.83	-14.4406
34.8299	1356.59	-14.6585
34.8299	1367.36	-14.7884
37.7324	0	-15.3631
37.7324	10.7666	-15.3166
37.7324	21.5332	-15.1769
37.7324	32.2998	-14.9431
37.7324	43.0664	-14.6142
37.7324	53.833	-14.1892
37.7324	64.5996	-13.6687
37.7324	75.3662	-13.0586
37.7324	86.1328	-12.38
37.7324	96.8994	-11.7017
37.7324	107.666	-11.2634
37.7324	118.433	-12.1942
37.7324	129.199	-21.3821
37.7324	139.966	11.7359
37.7324	150.732	28.8939
37.7324	161.499	29.0635
37.7324	172.266	12.5602
37.7324	183.032	-19.4427
37.7324	193.799	-13.0663
37.7324	204.565	-12.0179
37.7324	215.332	-12.5424
37.7324	226.099	-13.3667
37.7324	236.865	-14.2293
37.7324	247.632	-15.0575
37.7324	258.398	-15.8308
37.7324	269.165	-16.546
37.7324	279.932	-17.2053
37.7324	290.698	-17.8134
37.7324	301.465	-18.3747
37.7324	312.231	-18.8939
37.7324	322.998	-19.375
37.7324	333.765	-19.8217
37.7324	344.531	-20.2373
37.7324	355.298	-20.6244
37.7324	366.064	-20.9855
37.7324	376.831	-21.3228
37.7324	387.598	-21.6382
37.7324	398.364	-21.9333
37.7324	409.131	-22.2097
37.7324	419.897	-22.4684
37.7324	430.664	-22.7108
37.7324	441.431	-22.9379
37.7324	452.197	-23.1505
37.7324	462.964	-23.3494
37.7324	473.73	-23.5355
37.7324	484.497	-23.7093
37.7324	495.264	-23.8713
37.7324	506.03	-24.0222
37.7324	516.797	-24.1624
37.7324	527.563	-24.2923
37.7324	538.33	-24.4124
37.7324	549.097	-24.5228
37.7324	559.863	-24.624
37.7324	570.63	-24.7162
37.7324	581.396	-24.7996
37.7324	592.163	-24.8745
37.7324	602.93	-24.941
37.7324	613.696	-24.9993
37.7324	624.463	-25.0496
37.7324	635.229	-25.0919
37.7324	645.996	-25.1265
37.7324	656.763	-25.1532
37.7324	667.529	-25.1723
37.7324	678.296	-25.1837
37.7324	689.062	-25.1875
37.7324	699.829	-25.1837
37.7324	710.596	-25.1723
37.7324	721.362	-25.1532
37.7324	732.129	-25.1265
37.7324	742.896	-25.0919
37.7324	753.662	-25.0496
37.7324	764.429	-24.9993
37.7324	775.195	-24.941
37.7324	785.962	-24.8745
37.7324	796.729	-24.7996
37.7324	807.495	-24.7162
37.7324	818.262	-24.624
37.7324	829.028	-24.5228
37.7324	839.795	-24.4124
37.7324	850.562	-24.2923
37.7324	861.328	-24.1624
37.7324	872.095	-24.0222
37.7324	882.861	-23.8713
37.7324	893.628	-23.7093
37.7324	904.395	-23.5355
37.7324	915.161	-23.3494
37.7324	925.928	-23.1505
37.7324	936.694	-22.9379
37.7324	947.461	-22.7108
37.7324	958.228	-22.4684
37.7324	968.994	-22.2097
37.7324	979.761	-21.9333
37.7324	990.527	-21.6382
37.7324	1001.29	-21.3228
37.7324	1012.06	-20.9855
37.7324	1022.83	-20.6244
37.7324	1033.59	-20.2373
37.7324	1044.36	-19.8217
37.7324	1055.13	-19.375
37.7324	1065.89	-18.8939
37.7324	1076.66	-18.3747
37.7324	1087.43	-17.8134
37.7324	1098.19	-17.2053
37.7324	1108.96	-16.546
37.7324	1119.73	-15.8308
37.7324	1130.49	-15.0575
37.7324	1141.26	-14.2293
37.7324	1152.03	-13.3667
37.7324	1162.79	-12.5424
37.7324	1173.56	-12.0179
37.7324	1184.33	-13.0663
37.7324	1195.09	-19.4427
37.7324	1205.86	12.5602
37.7324	1216.63	29.0635
37.7324	1227.39	28.8939
37.7324	1238.16	11.7359
37.7324	1248.93	-21.3821
37.7324	1259.69	-12.1942
37.7324	1270.46	-11.2634
37.7324	1281.23	-11.7017
37.7324	1291.99	-12.38
37.7324	1302.76	-13.0586
37.7324	1313.53	-13.6687
37.7324	1324.29	-14.1892
37.7324	1335.06	-14.6142
37.7324	1345.83	-14.9431
37.7324	1356.59	-15.1769
37.7324	1367.36	-15.3166
40.6349	0	-15.9862
40.6349	10.7666	-15.9354
40.6349	21.5332	-15.7826
40.6349	32.2998	-15.5278
40.6349	43.0664	-15.1707
40.6349	53.833	-14.7114
40.6349	64.5996	-14.1522
40.6349	75.3662	-13.5004
40.6349	86.1328	-12.7797
40.6349	96.8994	-12.0624
40.6349	107.666	-11.597
40.6349	118.433	-12.5506
40.6349	129.199	-20.6373
40.6349	139.966	11.7582
40.6349	150.732	28.8909
40.6349	161.499	29.0663
40.6349	172.266	12.5415
40.6349	183.032	-20.0317
40.6349	193.799	-12.7364
40.6349	204.565	-11.7301
40.6349	215.332	-12.2438
40.6349	226.099	-13.0463
40.6349	236.865	-13.884
40.6349	247.632	-14.6867
40.6349	258.398	-15.4351
40.6349	269.165	-16.126
40.6349	279.932	-16.7624
40.6349	290.698	-17.3485
40.6349	301.465	-17.8893
40.6349	312.231	-18.389
40.6349	322.998	-18.8519
40.6349	333.765	-19.2815
40.6349	344.531	-19.681
40.6349	355.298	-20.053
40.6349	366.064	-20.4001
40.6349	376.831	-20.7243
40.6349	387.598	-21.0273
40.6349	398.364	-21.3109
40.6349	409.131	-21.5765
40.6349	419.897	-21.8252
40.6349	430.664	-22.0583
40.6349	441.431	-22.2766
40.6349	452.197	-22.481
40.6349	462.964	-22.6724
40.6349	473.73	-22.8513
40.6349	484.497	-23.0185
40.6349	495.264	-23.1745
40.6349	506.03	-23.3197
40.6349	516.797	-23.4547
40.6349	527.563	-23.5798
40.6349	538.33	-23.6954
40.6349	549.097	-23.8018
40.6349	559.863	-23.8993
40.6349	570.63	-23.9881
40.6349	581.396	-24.0685
40.6349	592.163	-24.1407
40.6349	602.93	-24.2048
40.6349	613.696	-24.2611
40.6349	624.463	-24.3095
40.6349	635.229	-24.3504
40.6349	645.996	-24.3837
40.6349	656.763	-24.4095
40.6349	667.529	-24.4279
40.6349	678.296	-24.4389
40.6349	689.062	-24.4426
40.6349	699.829	-24.4389
40.6349	710.596	-24.4279
40.6349	721.362	-24.4095
40.6349	732.129	-24.3837
40.6349	742.896	-24.3504
40.6349	753.662	-24.3095
40.6349	764.429	-24.2611
40.6349	775.195	-24.2048
40.6349	785.962	-24.1407
40.6349	796.729	-24.0685
40.6349	807.495	-23.9881
40.6349	818.262	-23.8993
40.6349	829.028	-23.8018
40.6349	839.795	-23.6954
40.6349	850.562	-23.5798
40.6349	861.328	-23.4547
40.6349	872.095	-23.3197
40.6349	882.861	-23.1745
40.6349	893.628	-23.0185
40.6349	904.395	-22.8513
40.6349	915.161	-22.6724
40.6349	925.928	-22.481
40.6349	936.694	-22.2766
40.6349	947.461	-22.0583
40.6349	958.228	-21.8252
40.6349	968.994	-21.5765
40.6349	979.761	-21.3109
40.6349	990.527	-21.0273
40.6349	1001.29	-20.7243
40.6349	1012.06	-20.4001
40.6349	1022.83	-20.053
40.6349	1033.59	-19.681
40.6349	1044.36	-19.2815
40.6349	1055.13	-18.8519
40.6349	1065.89	-18.389
40.6349	1076.66	-17.8893
40.6349	1087.43	-17.3485
40.6349	1098.19	-16.7624
40.6349	1108.96	-16.126
40.6349	1119.73	-15.4351
40.6349	1130.49	-14.6867
40.6349	1141.26	-13.884
40.6349	1152.03	-13.0463
40.6349	1162.79	-12.2438
40.6349	1173.56	-11.7301
40.6349	1184.33	-12.7364
40.6349	1195.09	-20.0317
40.6349	1205.86	12.5415
40.6349	1216.63	29.0663
40.6349	1227.39	28.8909
40.6349	1238.16	11.7582
40.6349	1248.93	-20.6373
40.6349	1259.69	-12.5506
40.6349	1270.46	-11.597
40.6349	1281.23	-12.0624
40.6349	1291.99	-12.7797
40.6349	1302.76	-13.5004
40.6349	1313.53	-14.1522
40.6349	1324.29	-14.7114
40.6349	1335.06	-15.1707
40.6349	1345.83	-15.5278
40.6349	1356.59	-15.7826
40.6349	1367.36	-15.9354
43.5374	0	-16.7154
43.5374	10.7666	-16.6585
43.5374	21.5332	-16.4881
43.5374	32.2998	-16.2049
43.5374	43.0664	-15.8102
43.5374	53.833	-15.3062
43.5374	64.5996	-14.6972
43.5374	75.3662	-13.9932
43.5374	86.1328	-13.2208
43.5374	96.8994	-12.4566
43.5374	107.666	-11.9589
43.5374	118.433	-12.9397
43.5374	129.199	-20.0006
43.5374	139.966	11.7804
43.5374	150.732	28.8879
43.5374	161.499	29.0692
43.5374	172.266	12.5228
43.5374	183.032	-20.7146
43.5374	193.799	-12.4292
43.5374	204.565	-11.4597
43.5374	215.332	-11.9639
43.5374	226.099	-12.7475
43.5374	236.865	-13.5637
43.5374	247.632	-14.3446
43.5374	258.398	-15.0718
43.5374	269.165	-15.7426
43.5374	279.932	-16.3598
43.5374	290.698	-16.928
43.5374	301.465	-17.452
43.5374	312.231	-17.9361
43.5374	322.998	-18.3844
43.5374	333.765	-18.8004
43.5374	344.531	-19.1871
43.5374	355.298	-19.5474
43.5374	366.064	-19.8835
43.5374	376.831	-20.1975
43.5374	387.598	-20.491
43.5374	398.364	-20.7658
43.5374	409.131	-21.0231
43.5374	419.897	-21.2642
43.5374	430.664	-21.4901
43.5374	441.431	-21.7018
43.5374	452.197	-21.9001
43.5374	462.964	-22.0858
43.5374	473.73	-22.2595
43.5374	484.497	-22.4218
43.5374	495.264	-22.5732
43.5374	506.03	-22.7143
43.5374	516.797	-22.8454
43.5374	527.563	-22.9669
43.5374	538.33	-23.0793
43.5374	549.097	-23.1827
43.5374	559.863	-23.2774
43.5374	570.63	-23.3638
43.5374	581.396	-23.442
43.5374	592.163	-23.5122
43.5374	602.93	-23.5746
43.5374	613.696	-23.6293
43.5374	624.463	-23.6764
43.5374	635.229	-23.7162
43.5374	645.996	-23.7486
43.5374	656.763	-23.7737
43.5374	667.529	-23.7916
43.5374	678.296	-23.8023
43.5374	689.062	-23.8059
43.5374	699.829	-23.8023
43.5374	710.596	-23.7916
43.5374	721.362	-23.7737
43.5374	732.129	-23.7486
43.5374	742.896	-23.7162
43.5374	753.662	-23.6764
43.5374	764.429	-23.6293
43.5374	775.195	-23.5746
43.5374	785.962	-23.5122
43.5374	796.729	-23.442
43.5374	807.495	-23.3638
43.5374	818.262	-23.2774
43.5374	829.028	-23.1827
43.5374	839.795	-23.0793
43.5374	850.562	-22.9669
43.5374	861.328	-22.8454
43.5374	872.095	-22.7143
43.5374	882.861	-22.5732
43.5374	893.628	-22.4218
43.5374	904.395	-22.2595
43.5374	915.161	-22.0858
43.5374	925.928	-21.9001
43.5374	936.694	-21.7018
43.5374	947.461	-21.4901
43.5374	958.228	-21.2642
43.5374	968.994	-21.0231
43.5374	979.761	-20.7658
43.5374	990.527	-20.491
43.5374	1001.29	-20.1975
43.5374	1012.06	-19.8835
43.5374	1022.83	-19.5474
43.5374	1033.59	-19.1871
43.5374	1044.36	-18.8004
43.5374	1055.13	-18.3844
43.5374	1065.89	-17.9361
43.5374	1076.66	-17.452
43.5374	1087.43	-16.928
43.5374	1098.19	-16.3598
43.5374	1108.96	-15.7426
43.5374	1119.73	-15.0718
43.5374	1130.49	-14.3446
43.5374	1141.26	-13.5637
43.5374	1152.03	-12.7475
43.5374	1162.79	-11.9639
43.5374	1173.56	-11.4597
43.5374	1184.33	-12.4292
43.5374	1195.09	-20.7146
43.5374	1205.86	12.5228
43.5374	1216.63	29.0692
43.5374	1227.39	28.8879
43.5374	1238.16	11.7804
43.5374	1248.93	-20.0006
43.5374	1259.69	-12.9397
43.5374	1270.46	-11.9589
43.5374	1281.23	-12.4566
43.5374	1291.99	-13.2208
43.5374	1302.76	-13.9932
43.5374	1313.53	-14.6972
43.5374	1324.29	-15.3062
43.5374	1335.06	-15.8102
43.5374	1345.83	-16.2049
43.5374	1356.59	-16.4881
43.5374	1367.36	-16.6585
46.4399	0	-17.57
46.4399	10.7666	-17.5047
46.4399	21.5332	-17.3096
46.4399	32.2998	-16.9873
46.4399	43.0664	-16.5418
46.4399	53.833	-15.9786
46.4399	64.5996	-15.3053
46.4399	75.3662	-14.5357
46.4399	86.1328	-13.6999
46.4399	96.8994	-12.8797
46.4399	107.666	-12.3443
46.4399	118.433	-13.3569
46.4399	129.199	-19.4574
46.4399	139.966	11.802
46.4399	150.732	28.8849
46.4399	161.499	29.072
46.4399	172.266	12.5044
46.4399	183.032	-21.5049
46.4399	193.799	-12.1487
46.4399	204.565	-11.2108
46.4399	215.332	-11.7069
46.4399	226.099	-12.4741
46.4399	236.865	-13.272
46.4399	247.632	-14.0345
46.4399	258.398	-14.7439
46.4399	269.165	-15.3979
46.4399	279.932	-15.9995
46.4399	290.698	-16.5531
46.4399	301.465	-17.0634
46.4399	312.231	-17.5349
46.4399	322.998	-17.9715
46.4399	333.765	-18.3766
46.4399	344.531	-18.7534
46.4399	355.298	-19.1044
46.4399	366.064	-19.4319
46.4399	376.831	-19.7379
46.4399	387.598	-20.0241
46.4399	398.364	-20.292
46.4399	409.131	-20.543
46.4399	419.897	-20.7782
46.4399	430.664	-20.9987
46.4399	441.431	-21.2053
46.4399	452.197	-21.3989
46.4399	462.964	-21.5803
46.4399	473.73	-21.7499
46.4399	484.497	-21.9085
46.4399	495.264	-22.0565
46.4399	506.03	-22.1944
46.4399	516.797	-22.3226
46.4399	527.563	-22.4415
46.4399	538.33	-22.5514
46.4399	549.097	-22.6525
46.4399	559.863	-22.7453
46.4399	570.63	-22.8298
46.4399	581.396	-22.9063
46.4399	592.163	-22.975
46.4399	602.93	-23.0361
46.4399	613.696	-23.0897
46.4399	624.463	-23.1359
46.4399	635.229	-23.1748
46.4399	645.996	-23.2065
46.4399	656.763	-23.2311
46.4399	667.529	-23.2486
46.4399	678.296	-23.2591
46.4399	689.062	-23.2626
46.4399	699.829	-23.2591
46.4399	710.596	-23.2486
46.4399	721.362	-23.2311
46.4399	732.129	-23.2065
46.4399	742.896	-23.1748
46.4399	753.662	-23.1359
46.4399	764.429	-23.0897
46.4399	775.195	-23.0361
46.4399	785.962	-22.975
46.4399	796.729	-22.9063
46.4399	807.495	-22.8298
46.4399	818.262	-22.7453
46.4399	829.028	-22.6525
46.4399	839.795	-22.5514
46.4399	850.562	-22.4415
46.4399	861.328	-22.3226
46.4399	872.095	-22.1944
46.4399	882.861	-22.0565
46.4399	893.628	-21.9085
46.4399	904.395	-21.7499
46.4399	915.161	-21.5803
46.4399	925.928	-21.3989
46.4399	936.694	-21.2053
46.4399	947.461	-20.9987
46.4399	958.228	-20.7782
46.4399	968.994	-20.543
46.4399	979.761	-20.292
46.4399	990.527	-20.0241
46.4399	1001.29	-19.7379
46.4399	1012.06	-19.4319
46.4399	1022.83	-19.1044
46.4399	1033.59	-18.7534
46.4399	1044.36	-18.3766
46.4399	1055.13	-17.9715
46.4399	1065.89	-17.5349
46.4399	1076.66	-17.0634
46.4399	1087.43	-16.5531
46.4399	1098.19	-15.9995
46.4399	1108.96	-15.3979
46.4399	1119.73	-14.7439
46.4399	1130.49	-14.0345
46.4399	1141.26	-13.272
46.4399	1152.03	-12.4741
46.4399	1162.79	-11.7069
46.4399	1173.56	-11.2108
46.4399	1184.33	-12.1487
46.4399	1195.09	-21.5049
46.4399	1205.86	12.5044
46.4399	1216.63	29.072
46.4399	1227.39	28.8849
46.4399	1238.16	11.802
46.4399	1248.93	-19.4574
46.4399	1259.69	-13.3569
46.4399	1270.46	-12.3443
46.4399	1281.23	-12.8797
46.4399	1291.99	-13.6999
46.4399	1302.76	-14.5357
46.4399	1313.53	-15.3053
46.4399	1324.29	-15.9786
46.4399	1335.06	-16.5418
46.4399	1345.83	-16.9873
46.4399	1356.59	-17.3096
46.4399	1367.36	-17.5047
49.3424	0	-18.5776
49.3424	10.7666	-18.5
49.3424	21.5332	-18.2693
49.3424	32.2998	-17.8915
49.3424	43.0664	-17.3757
49.3424	53.833	-16.7328
49.3424	64.5996	-15.9761
49.3424	75.3662	-15.1239
49.3424	86.1328	-14.2111
49.3424	96.8994	-13.325
49.3424	107.666	-12.7461
49.3424	118.433	-13.7951
49.3424	129.199	-18.9966
49.3424	139.966	11.8225
49.3424	150.732	28.8821
49.3424	161.499	29.0747
49.3424	172.266	12.4868
49.3424	183.032	-22.4202
49.3424	193.799	-11.8974
49.3424	204.565	-10.9864
49.3424	215.332	-11.4755
49.3424	226.099	-12.2289
49.3424	236.865	-13.0113
49.3424	247.632	-13.7585
49.3424	258.398	-14.4532
49.3424	269.165	-15.0934
49.3424	279.932	-15.6821
49.3424	290.698	-16.2238
49.3424	301.465	-16.7232
49.3424	312.231	-17.1845
49.3424	322.998	-17.6118
49.3424	333.765	-18.0083
49.3424	344.531	-18.3772
49.3424	355.298	-18.7208
49.3424	366.064	-19.0416
49.3424	376.831	-19.3413
49.3424	387.598	-19.6218
49.3424	398.364	-19.8844
49.3424	409.131	-20.1304
49.3424	419.897	-20.3611
49.3424	430.664	-20.5774
49.3424	441.431	-20.7801
49.3424	452.197	-20.9701
49.3424	462.964	-21.1481
49.3424	473.73	-21.3147
49.3424	484.497	-21.4704
49.3424	495.264	-21.6158
49.3424	506.03	-21.7513
49.3424	516.797	-21.8773
49.3424	527.563	-21.9941
49.3424	538.33	-22.1021
49.3424	549.097	-22.2016
49.3424	559.863	-22.2928
49.3424	570.63	-22.3759
49.3424	581.396	-22.4512
49.3424	592.163	-22.5188
49.3424	602.93	-22.5789
49.3424	613.696	-22.6316
49.3424	624.463	-22.677
49.3424	635.229	-22.7153
49.3424	645.996	-22.7465
49.3424	656.763	-22.7707
49.3424	667.529	-22.788
49.3424	678.296	-22.7983
49.3424	689.062	-22.8018
49.3424	699.829	-22.7983
49.3424	710.596	-22.788
49.3424	721.362	-22.7707
49.3424	732.129	-22.7465
49.3424	742.896	-22.7153
49.3424	753.662	-22.677
49.3424	764.429	-22.6316
49.3424	775.195	-22.5789
49.3424	785.962	-22.5188
49.3424	796.729	-22.4512
49.3424	807.495	-22.3759
49.3424	818.262	-22.2928
49.3424	829.028	-22.2016
49.3424	839.795	-22.1021
49.3424	850.562	-21.9941
49.3424	861.328	-21.8773
49.3424	872.095	-21.7513
49.3424	882.861	-21.6158
49.3424	893.628	-21.4704
49.3424	904.395	-21.3147
49.3424	915.161	-21.1481
49.3424	925.928	-20.9701
49.3424	936.694	-20.7801
49.3424	947.461	-20.5774
49.3424	958.228	-20.3611
49.3424	968.994	-20.1304
49.3424	979.761	-19.8844
49.3424	990.527	-19.6218
49.3424	1001.29	-19.3413
49.3424	1012.06	-19.0416
49.3424	1022.83	-18.7208
49.3424	1033.59	-18.3772
49.3424	1044.36	-18.0083
49.3424	1055.13	-17.6118
49.3424	1065.89	-17.1845
49.3424	1076.66	-16.7232
49.3424	1087.43	-16.2238
49.3424	1098.19	-15.6821
49.3424	1108.96	-15.0934
49.3424	1119.73	-14.4532
49.3424	1130.49	-13.7585
49.3424	1141.26	-13.0113
49.3424	1152.03	-12.2289
49.3424	1162.79	-11.4755
49.3424	1173.56	-10.9864
49.3424	1184.33	-11.8974
49.3424	1195.09	-22.4202
49.3424	1205.86	12.4868
49.3424	1216.63	29.0747
49.3424	1227.39	28.8821
49.3424	1238.16	11.8225
49.3424	1248.93	-18.9966
49.3424	1259.69	-13.7951
49.3424	1270.46	-12.7461
49.3424	1281.23	-13.325
49.3424	1291.99	-14.2111
49.3424	1302.76	-15.1239
49.3424	1313.53	-15.9761
49.3424	1324.29	-16.7328
49.3424	1335.06	-17.3757
49.3424	1345.83	-17.8915
49.3424	1356.59	-18.2693
49.3424	1367.36	-18.5
52.2449	0	-19.7787
52.2449	10.7666	-19.6822
52.2449	21.5332	-19.3976
52.2449	32.2998	-18.9381
52.2449	43.0664	-18.3223
52.2449	53.833	-17.5708
52.2449	64.5996	-16.705
52.2449	75.3662	-15.7497
52.2449	86.1328	-14.7445
52.2449	96.8994	-13.782
52.2449	107.666	-13.1542
52.2449	118.433	-14.2442
52.2449	129.199	-18.6099
52.2449	139.966	11.8413
52.2449	150.732	28.8795
52.2449	161.499	29.0771
52.2449	172.266	12.4704
52.2449	183.032	-23.4829
52.2449	193.799	-11.6773
52.2449	204.565	-10.7886
52.2449	215.332	-11.2718
52.2449	226.099	-12.0137
52.2449	236.865	-12.7834
52.2449	247.632	-13.5179
52.2449	258.398	-14.2006
52.2449	269.165	-14.8295
52.2449	279.932	-15.4078
52.2449	290.698	-15.9399
52.2449	301.465	-16.4305
52.2449	312.231	-16.8838
52.2449	322.998	-17.3036
52.2449	333.765	-17.6933
52.2449	344.531	-18.0559
52.2449	355.298	-18.3938
52.2449	366.064	-18.7093
52.2449	376.831	-19.0041
52.2449	387.598	-19.2801
52.2449	398.364	-19.5385
52.2449	409.131	-19.7808
52.2449	419.897	-20.0079
52.2449	430.664	-20.2209
52.2449	441.431	-20.4206
52.2449	452.197	-20.6079
52.2449	462.964	-20.7833
52.2449	473.73	-20.9475
52.2449	484.497	-21.1011
52.2449	495.264	-21.2445
52.2449	506.03	-21.3781
52.2449	516.797	-21.5024
52.2449	527.563	-21.6177
52.2449	538.33	-21.7242
52.2449	549.097	-21.8224
52.2449	559.863	-21.9124
52.2449	570.63	-21.9945
52.2449	581.396	-22.0688
52.2449	592.163	-22.1355
52.2449	602.93	-22.1948
52.2449	613.696	-22.2469
52.2449	624.463	-22.2918
52.2449	635.229	-22.3296
52.2449	645.996	-22.3604
52.2449	656.763	-22.3843
52.2449	667.529	-22.4014
52.2449	678.296	-22.4116
52.2449	689.062	-22.415
52.2449	699.829	-22.4116
52.2449	710.596	-22.4014
52.2449	721.362	-22.3843
52.2449	732.129	-22.3604
52.2449	742.896	-22.3296
52.2449	753.662	-22.2918
52.2449	764.429	-22.2469
52.2449	775.195	-22.1948
52.2449	785.962	-22.1355
52.2449	796.729	-22.0688
52.2449	807.495	-21.9945
52.2449	818.262	-21.9124
52.2449	829.028	-21.8224
52.2449	839.795	-21.7242
52.2449	850.562	-21.6177
52.2449	861.328	-21.5024
52.2449	872.095	-21.3781
52.2449	882.861	-21.2445
52.2449	893.628	-21.1011
52.2449	904.395	-20.9475
52.2449	915.161	-20.7833
52.2449	925.928	-20.6079
52.2449	936.694	-20.4206
52.2449	947.461	-20.2209
52.2449	958.228	-20.0079
52.2449	968.994	-19.7808
52.2449	979.761	-19.5385
52.2449	990.527	-19.2801
52.2449	1001.29	-19.0041
52.2449	1012.06	-18.7093
52.2449	1022.83	-18.3938
52.2449	1033.59	-18.0559
52.2449	1044.36	-17.6933
52.2449	1055.13	-17.3036
52.2449	1065.89	-16.8838
52.2449	1076.66	-16.4305
52.2449	1087.43	-15.9399
52.2449	1098.19	-15.4078
52.2449	1108.96	-14.8295
52.2449	1119.73	-14.2006
52.2449	1130.49	-13.5179
52.2449	1141.26	-12.7834
52.2449	1152.03	-12.0137
52.2449	1162.79	-11.2718
52.2449	1173.56	-10.7886
52.2449	1184.33	-11.6773
52.2449	1195.09	-23.4829
52.2449	1205.86	12.4704
52.2449	1216.63	29.0771
52.2449	1227.39	28.8795
52.2449	1238.16	11.8413
52.2449	1248.93	-18.6099
52.2449	1259.69	-14.2442
52.2449	1270.46	-13.1542
52.2449	1281.23	-13.782
52.2449	1291.99	-14.7445
52.2449	1302.76	-15.7497
52.2449	1313.53	-16.705
52.2449	1324.29	-17.5708
52.2449	1335.06	-18.3223
52.2449	1345.83	-18.9381
52.2449	1356.59	-19.3976
52.2449	1367.36	-19.6822
55.1474	0	-21.2357
55.1474	10.7666	-21.1083
55.1474	21.5332	-20.7372
55.1474	32.2998	-20.1516
55.1474	43.0664	-19.3895
55.1474	53.833	-18.4881
55.1474	64.5996	-17.4803
55.1474	75.3662	-16.398
55.1474	86.1328	-15.2845
55.1474	96.8994	-14.236
55.1474	107.666	-13.5549
55.1474	118.433	-14.6895
55.1474	129.199	-18.2908
55.1474	139.966	11.8581
55.1474	150.732	28.8772
55.1474	161.499	29.0793
55.1474	172.266	12.4557
55.1474	183.032	-24.7209
55.1474	193.799	-11.4893
55.1474	204.565	-10.619
55.1474	215.332	-11.0974
55.1474	226.099	-11.8299
55.1474	236.865	-12.5891
55.1474	247.632	-13.3134
55.1474	258.398	-13.9863
55.1474	269.165	-14.6063
55.1474	279.932	-15.1763
55.1474	290.698	-15.7008
55.1474	301.465	-16.1844
55.1474	312.231	-16.6313
55.1474	322.998	-17.0453
55.1474	333.765	-17.4297
55.1474	344.531	-17.7873
55.1474	355.298	-18.1208
55.1474	366.064	-18.4321
55.1474	376.831	-18.7232
55.1474	387.598	-18.9956
55.1474	398.364	-19.2509
55.1474	409.131	-19.4902
55.1474	419.897	-19.7146
55.1474	430.664	-19.925
55.1474	441.431	-20.1225
55.1474	452.197	-20.3076
55.1474	462.964	-20.481
55.1474	473.73	-20.6434
55.1474	484.497	-20.7953
55.1474	495.264	-20.9372
55.1474	506.03	-21.0694
55.1474	516.797	-21.1924
55.1474	527.563	-21.3064
55.1474	538.33	-21.4119
55.1474	549.097	-21.5091
55.1474	559.863	-21.5982
55.1474	570.63	-21.6794
55.1474	581.396	-21.753
55.1474	592.163	-21.8191
55.1474	602.93	-21.8779
55.1474	613.696	-21.9294
55.1474	624.463	-21.9739
55.1474	635.229	-22.0113
55.1474	645.996	-22.0419
55.1474	656.763	-22.0656
55.1474	667.529	-22.0824
55.1474	678.296	-22.0925
55.1474	689.062	-22.0959
55.1474	699.829	-22.0925
55.1474	710.596	-22.0824
55.1474	721.362	-22.0656
55.1474	732.129	-22.0419
55.1474	742.896	-22.0113
55.1474	753.662	-21.9739
55.1474	764.429	-21.9294
55.1474	775.195	-21.8779
55.1474	785.962	-21.8191
55.1474	796.729	-21.753
55.1474	807.495	-21.6794
55.1474	818.262	-21.5982
55.1474	829.028	-21.5091
55.1474	839.795	-21.4119
55.1474	850.562	-21.3064
55.1474	861.328	-21.1924
55.1474	872.095	-21.0694
55.1474	882.861	-20.9372
55.1474	893.628	-20.7953
55.1474	904.395	-20.6434
55.1474	915.161	-20.481
55.1474	925.928	-20.3076
55.1474	936.694	-20.1225
55.1474	947.461	-19.925
55.1474	958.228	-19.7146
55.1474	968.994	-19.4902
55.1474	979.761	-19.2509
55.1474	990.527	-18.9956
55.1474	1001.29	-18.7232
55.1474	1012.06	-18.4321
55.1474	1022.83	-18.1208
55.1474	1033.59	-17.7873
55.1474	1044.36	-17.4297
55.1474	1055.13	-17.0453
55.1474	1065.89	-16.6313
55.1474	1076.66	-16.1844
55.1474	1087.43	-15.7008
55.1474	1098.19	-15.1763
55.1474	1108.96	-14.6063
55.1474	1119.73	-13.9863
55.1474	1130.49	-13.3134
55.1474	1141.26	-12.5891
55.1474	1152.03	-11.8299
55.1474	1162.79	-11.0974
55.1474	1173.56	-10.619
55.1474	1184.33	-11.4893
55.1474	1195.09	-24.7209
55.1474	1205.86	12.4557
55.1474	1216.63	29.0793
55.1474	1227.39	28.8772
55.1474	1238.16	11.8581
55.1474	1248.93	-18.2908
55.1474	1259.69	-14.6895
55.1474	1270.46	-13.5549
55.1474	1281.23	-14.236
55.1474	1291.99	-15.2845
55.1474	1302.76	-16.398
55.1474	1313.53	-17.4803
55.1474	1324.29	-18.4881
55.1474	1335.06	-19.3895
55.1474	1345.83	-20.1516
55.1474	1356.59	-20.7372
55.1474	1367.36	-21.1083
58.0499	0	-23.0529
58.0499	10.7666	-22.8696
58.0499	21.5332	-22.3481
58.0499	32.2998	-21.5573
58.0499	43.0664	-20.5753
58.0499	53.833	-19.4665
58.0499	64.5996	-18.2772
58.0499	75.3662	-17.0433
58.0499	86.1328	-15.808
58.0499	96.8994	-14.6673
58.0499	107.666	-13.9308
58.0499	118.433	-15.1116
58.0499	129.199	-18.0347
58.0499	139.966	11.8725
58.0499	150.732	28.8752
58.0499	161.499	29.0812
58.0499	172.266	12.4431
58.0499	183.032	-26.1651
58.0499	193.799	-11.3344
58.0499	204.565	-10.4786
58.0499	215.332	-10.9532
58.0499	226.099	-11.6781
58.0499	236.865	-12.4291
58.0499	247.632	-13.1453
58.0499	258.398	-13.8107
58.0499	269.165	-14.4236
58.0499	279.932	-14.9871
58.0499	290.698	-15.5057
58.0499	301.465	-15.9839
58.0499	312.231	-16.4258
58.0499	322.998	-16.8353
58.0499	333.765	-17.2156
58.0499	344.531	-17.5695
58.0499	355.298	-17.8995
58.0499	366.064	-18.2077
58.0499	376.831	-18.4959
58.0499	387.598	-18.7657
58.0499	398.364	-19.0185
58.0499	409.131	-19.2555
58.0499	419.897	-19.4778
58.0499	430.664	-19.6864
58.0499	441.431	-19.8821
58.0499	452.197	-20.0656
58.0499	462.964	-20.2375
58.0499	473.73	-20.3986
58.0499	484.497	-20.5492
58.0499	495.264	-20.6899
58.0499	506.03	-20.821
58.0499	516.797	-20.943
58.0499	527.563	-21.0562
58.0499	538.33	-21.1609
58.0499	549.097	-21.2573
58.0499	559.863	-21.3457
58.0499	570.63	-21.4263
58.0499	581.396	-21.4994
58.0499	592.163	-21.565
58.0499	602.93	-21.6233
58.0499	613.696	-21.6745
58.0499	624.463	-21.7186
58.0499	635.229	-21.7558
58.0499	645.996	-21.7861
58.0499	656.763	-21.8096
58.0499	667.529	-21.8264
58.0499	678.296	-21.8364
58.0499	689.062	-21.8398
58.0499	699.829	-21.8364
58.0499	710.596	-21.8264
58.0499	721.362	-21.8096
58.0499	732.129	-21.7861
58.0499	742.896	-21.7558
58.0499	753.662	-21.7186
58.0499	764.429	-21.6745
58.0499	775.195	-21.6233
58.0499	785.962	-21.565
58.0499	796.729	-21.4994
58.0499	807.495	-21.4263
58.0499	818.262	-21.3457
58.0499	829.028	-21.2573
58.0499	839.795	-21.1609
58.0499	850.562	-21.0562
58.0499	861.328	-20.943
58.0499	872.095	-20.821
58.0499	882.861	-20.6899
58.0499	893.628	-20.5492
58.0499	904.395	-20.3986
58.0499	915.161	-20.2375
58.0499	925.928	-20.0656
58.0499	936.694	-19.8821
58.0499	947.461	-19.6864
58.0499	958.228	-19.4778
58.0499	968.994	-19.2555
58.0499	979.761	-19.0185
58.0499	990.527	-18.7657
58.0499	1001.29	-18.4959
58.0499	1012.06	-18.2077
58.0499	1022.83	-17.8995
58.0499	1033.59	-17.5695
58.0499	1044.36	-17.2156
58.0499	1055.13	-16.8353
58.0499	1065.89	-16.4258
58.0499	1076.66	-15.9839
58.0499	1087.43	-15.5057
58.0499	1098.19	-14.9871
58.0499	1108.96	-14.4236
58.0499	1119.73	-13.8107
58.0499	1130.49	-13.1453
58.0499	1141.26	-12.4291
58.0499	1152.03	-11.6781
58.0499	1162.79	-10.9532
58.0499	1173.56	-10.4786
58.0499	1184.33	-11.3344
58.0499	1195.09	-26.1651
58.0499	1205.86	12.4431
58.0499	1216.63	29.0812
58.0499	1227.39	28.8752
58.0499	1238.16	11.8725
58.0499	1248.93	-18.0347
58.0499	1259.69	-15.1116
58.0499	1270.46	-13.9308
58.0499	1281.23	-14.6673
58.0499	1291.99	-15.808
58.0499	1302.76	-17.0433
58.0499	1313.53	-18.2772
58.0499	1324.29	-19.4665
58.0499	1335.06	-20.5753
58.0499	1345.83	-21.5573
58.0499	1356.59	-22.3481
58.0499	1367.36	-22.8696
60.9524	0	-25.4234
60.9524	10.7666	-25.1238
60.9524	21.5332	-24.3106
60.9524	32.2998	-23.1652
60.9524	43.0664	-21.8489
60.9524	53.833	-20.4605
60.9524	64.5996	-19.0503
60.9524	75.3662	-17.6466
60.9524	86.1328	-16.2835
60.9524	96.8994	-15.0508
60.9524	107.666	-14.2608
60.9524	118.433	-15.4863
60.9524	129.199	-17.8378
60.9524	139.966	11.8841
60.9524	150.732	28.8736
60.9524	161.499	29.0827
60.9524	172.266	12.4329
60.9524	183.032	-27.8363
60.9524	193.799	-11.2128
60.9524	204.565	-10.3682
60.9524	215.332	-10.8399
60.9524	226.099	-11.559
60.9524	236.865	-12.3038
60.9524	247.632	-13.0138
60.9524	258.398	-13.6735
60.9524	269.165	-14.2811
60.9524	279.932	-14.8397
60.9524	290.698	-15.3539
60.9524	301.465	-15.828
60.9524	312.231	-16.2663
60.9524	322.998	-16.6725
60.9524	333.765	-17.0497
60.9524	344.531	-17.4008
60.9524	355.298	-17.7283
60.9524	366.064	-18.0341
60.9524	376.831	-18.3202
60.9524	387.598	-18.588
60.9524	398.364	-18.839
60.9524	409.131	-19.0744
60.9524	419.897	-19.2952
60.9524	430.664	-19.5024
60.9524	441.431	-19.6968
60.9524	452.197	-19.8791
60.9524	462.964	-20.0499
60.9524	473.73	-20.21
60.9524	484.497	-20.3597
60.9524	495.264	-20.4995
60.9524	506.03	-20.6298
60.9524	516.797	-20.7511
60.9524	527.563	-20.8637
60.9524	538.33	-20.9677
60.9524	549.097	-21.0636
60.9524	559.863	-21.1515
60.9524	570.63	-21.2317
60.9524	581.396	-21.3044
60.9524	592.163	-21.3696
60.9524	602.93	-21.4276
60.9524	613.696	-21.4785
60.9524	624.463	-21.5224
60.9524	635.229	-21.5594
60.9524	645.996	-21.5895
60.9524	656.763	-21.6129
60.9524	667.529	-21.6296
60.9524	678.296	-21.6396
60.9524	689.062	-21.6429
60.9524	699.829	-21.6396
60.9524	710.596	-21.6296
60.9524	721.362	-21.6129
60.9524	732.129	-21.5895
60.9524	742.896	-21.5594
60.9524	753.662	-21.5224
60.9524	764.429	-21.4785
60.9524	775.195	-21.4276
60.9524	785.962	-21.3696
60.9524	796.729	-21.3044
60.9524	807.495	-21.2317
60.9524	818.262	-21.1515
60.9524	829.028	-21.0636
60.9524	839.795	-20.9677
60.9524	850.562	-20.8637
60.9524	861.328	-20.7511
60.9524	872.095	-20.6298
60.9524	882.861	-20.4995
60.9524	893.628	-20.3597
60.9524	904.395	-20.21
60.9524	915.161	-20.0499
60.9524	925.928	-19.8791
60.9524	936.694	-19.6968
60.9524	947.461	-19.5024
60.9524	958.228	-19.2952
60.9524	968.994	-19.0744
60.9524	979.761	-18.839
60.9524	990.527	-18.588
60.9524	1001.29	-18.3202
60.9524	1012.06	-18.0341
60.9524	1022.83	-17.7283
60.9524	1033.59	-17.4008
60.9524	1044.36	-17.0497
60.9524	1055.13	-16.6725
60.9524	1065.89	-16.2663
60.9524	1076.66	-15.828
60.9524	1087.43	-15.3539
60.9524	1098.19	-14.8397
60.9524	1108.96	-14.2811
60.9524	1119.73	-13.6735
60.9524	1130.49	-13.0138
60.9524	1141.26	-12.3038
60.9524	1152.03	-11.559
60.9524	1162.79	-10.8399
60.9524	1173.56	-10.3682
60.9524	1184.33	-11.2128
60.9524	1195.09	-27.8363
60.9524	1205.86	12.4329
60.9524	1216.63	29.0827
60.9524	1227.39	28.8736
60.9524	1238.16	11.8841
60.9524	1248.93	-17.8378
60.9524	1259.69	-15.4863
60.9524	1270.46	-14.2608
60.9524	1281.23	-15.0508
60.9524	1291.99	-16.2835
60.9524	1302.76	-17.6466
60.9524	1313.53	-19.0503
60.9524	1324.29	-20.4605
60.9524	1335.06	-21.8489
60.9524	1345.83	-23.1652
60.9524	1356.59	-24.3106
60.9524	1367.36	-25.1238
63.8549	0	-28.7722
63.8549	10.7666	-28.1667
63.8549	21.5332	-26.6982
63.8549	32.2998	-24.9155
63.8549	43.0664	-23.1116
63.8549	53.833	-21.3778
63.8549	64.5996	-19.7268
63.8549	75.3662	-18.1543
63.8549	86.1328	-16.6725
63.8549	96.8994	-15.3583
63.8549	107.666	-14.5224
63.8549	118.433	-15.786
63.8549	129.199	-17.6977
63.8549	139.966	11.8926
63.8549	150.732	28.8724
63.8549	161.499	29.0839
63.8549	172.266	12.4253
63.8549	183.032	-29.69
63.8549	193.799	-11.125
63.8549	204.565	-10.2882
63.8549	215.332	-10.7578
63.8549	226.099	-11.4729
63.8549	236.865	-12.2133
63.8549	247.632	-12.919
63.8549	258.398	-13.5746
63.8549	269.165	-14.1785
63.8549	279.932	-14.7338
63.8549	290.698	-15.2449
63.8549	301.465	-15.7162
63.8549	312.231	-16.1519
63.8549	322.998	-16.5558
63.8549	333.765	-16.9309
63.8549	344.531	-17.2801
63.8549	355.298	-17.6057
63.8549	366.064	-17.9099
63.8549	376.831	-18.1945
63.8549	387.598	-18.461
63.8549	398.364	-18.7108
63.8549	409.131	-18.945
63.8549	419.897	-19.1648
63.8549	430.664	-19.371
63.8549	441.431	-19.5645
63.8549	452.197	-19.746
63.8549	462.964	-19.9161
63.8549	473.73	-20.0754
63.8549	484.497	-20.2245
63.8549	495.264	-20.3637
63.8549	506.03	-20.4936
63.8549	516.797	-20.6143
63.8549	527.563	-20.7264
63.8549	538.33	-20.8301
63.8549	549.097	-20.9256
63.8549	559.863	-21.0132
63.8549	570.63	-21.093
63.8549	581.396	-21.1654
63.8549	592.163	-21.2304
63.8549	602.93	-21.2882
63.8549	613.696	-21.3389
63.8549	624.463	-21.3826
63.8549	635.229	-21.4195
63.8549	645.996	-21.4495
63.8549	656.763	-21.4728
63.8549	667.529	-21.4894
63.8549	678.296	-21.4994
63.8549	689.062	-21.5027
63.8549	699.829	-21.4994
63.8549	710.596	-21.4894
63.8549	721.362	-21.4728
63.8549	732.129	-21.4495
63.8549	742.896	-21.4195
63.8549	753.662	-21.3826
63.8549	764.429	-21.3389
63.8549	775.195	-21.2882
63.8549	785.962	-21.2304
63.8549	796.729	-21.1654
63.8549	807.495	-21.093
63.8549	818.262	-21.0132
63.8549	829.028	-20.9256
63.8549	839.795	-20.8301
63.8549	850.562	-20.7264
63.8549	861.328	-20.6143
63.8549	872.095	-20.4936
63.8549	882.861	-20.3637
63.8549	893.628	-20.2245
63.8549	904.395	-20.0754
63.8549	915.161	-19.9161
63.8549	925.928	-19.746
63.8549	936.694	-19.5645
63.8549	947.461	-19.371
63.8549	958.228	-19.1648
63.8549	968.994	-18.945
63.8549	979.761	-18.7108
63.8549	990.527	-18.461
63.8549	1001.29	-18.1945
63.8549	1012.06	-17.9099
63.8549	1022.83	-17.6057
63.8549	1033.59	-17.2801
63.8549	1044.36	-16.9309
63.8549	1055.13	-16.5558
63.8549	1065.89	-16.1519
63.8549	1076.66	-15.7162
63.8549	1087.43	-15.2449
63.8549	1098.19	-14.7338
63.8549	1108.96	-14.1785
63.8549	1119.73	-13.5746
63.8549	1130.49	-12.919
63.8549	1141.26	-12.2133
63.8549	1152.03	-11.4729
63.8549	1162.79	-10.7578
63.8549	1173.56	-10.2882
63.8549	1184.33	-11.125
63.8549	1195.09	-29.69
63.8549	1205.86	12.4253
63.8549	1216.63	29.0839
63.8549	1227.39	28.8724
63.8549	1238.16	11.8926
63.8549	1248.93	-17.6977
63.8549	1259.69	-15.786
63.8549	1270.46	-14.5224
63.8549	1281.23	-15.3583
63.8549	1291.99	-16.6725
63.8549	1302.76	-18.1543
63.8549	1313.53	-19.7268
63.8549	1324.29	-21.3778
63.8549	1335.06	-23.1116
63.8549	1345.83	-24.9155
63.8549	1356.59	-26.6982
63.8549	1367.36	-28.1667
66.7574	0	-34.3949
66.7574	10.7666	-32.5333
66.7574	21.5332	-29.3569
66.7574	32.2998	-26.5276
66.7574	43.0664	-24.1397
66.7574	53.833	-22.0679
66.7574	64.5996	-20.21
66.7574	75.3662	-18.5045
66.7574	86.1328	-16.9344
66.7574	96.8994	-15.562
66.7574	107.666	-14.6943
66.7574	118.433	-15.9843
66.7574	129.199	-17.6123
66.7574	139.966	11.898
66.7574	150.732	28.8716
66.7574	161.499	29.0846
66.7574	172.266	12.4205
66.7574	183.032	-31.4463
66.7574	193.799	-11.071
66.7574	204.565	-10.239
66.7574	215.332	-10.7073
66.7574	226.099	-11.42
66.7574	236.865	-12.1576
66.7574	247.632	-12.8608
66.7574	258.398	-13.514
66.7574	269.165	-14.1156
66.7574	279.932	-14.6689
66.7574	290.698	-15.1781
66.7574	301.465	-15.6477
66.7574	312.231	-16.0819
66.7574	322.998	-16.4844
66.7574	333.765	-16.8582
66.7574	344.531	-17.2063
66.7574	355.298	-17.5309
66.7574	366.064	-17.8341
66.7574	376.831	-18.1178
66.7574	387.598	-18.3835
66.7574	398.364	-18.6325
66.7574	409.131	-18.8661
66.7574	419.897	-19.0852
66.7574	430.664	-19.2909
66.7574	441.431	-19.4839
66.7574	452.197	-19.6649
66.7574	462.964	-19.8345
66.7574	473.73	-19.9934
66.7574	484.497	-20.1421
66.7574	495.264	-20.281
66.7574	506.03	-20.4105
66.7574	516.797	-20.531
66.7574	527.563	-20.6428
66.7574	538.33	-20.7463
66.7574	549.097	-20.8415
66.7574	559.863	-20.9289
66.7574	570.63	-21.0086
66.7574	581.396	-21.0808
66.7574	592.163	-21.1457
66.7574	602.93	-21.2033
66.7574	613.696	-21.2539
66.7574	624.463	-21.2976
66.7574	635.229	-21.3343
66.7574	645.996	-21.3643
66.7574	656.763	-21.3876
66.7574	667.529	-21.4041
66.7574	678.296	-21.4141
66.7574	689.062	-21.4174
66.7574	699.829	-21.4141
66.7574	710.596	-21.4041
66.7574	721.362	-21.3876
66.7574	732.129	-21.3643
66.7574	742.896	-21.3343
66.7574	753.662	-21.2976
66.7574	764.429	-21.2539
66.7574	775.195	-21.2033
66.7574	785.962	-21.1457
66.7574	796.729	-21.0808
66.7574	807.495	-21.0086
66.7574	818.262	-20.9289
66.7574	829.028	-20.8415
66.7574	839.795	-20.7463
66.7574	850.562	-20.6428
66.7574	861.328	-20.531
66.7574	872.095	-20.4105
66.7574	882.861	-20.281
66.7574	893.628	-20.1421
66.7574	904.395	-19.9934
66.7574	915.161	-19.8345
66.7574	925.928	-19.6649
66.7574	936.694	-19.4839
66.7574	947.461	-19.2909
66.7574	958.228	-19.0852
66.7574	968.994	-18.8661
66.7574	979.761	-18.6325
66.7574	990.527	-18.3835
66.7574	1001.29	-18.1178
66.7574	1012.06	-17.8341
66.7574	1022.83	-17.5309
66.7574	1033.59	-17.2063
66.7574	1044.36	-16.8582
66.7574	1055.13	-16.4844
66.7574	1065.89	-16.0819
66.7574	1076.66	-15.6477
66.7574	1087.43	-15.1781
66.7574	1098.19	-14.6689
66.7574	1108.96	-14.1156
66.7574	1119.73	-13.514
66.7574	1130.49	-12.8608
66.7574	1141.26	-12.1576
66.7574	1152.03	-11.42
66.7574	1162.79	-10.7073
66.7574	1173.56	-10.239
66.7574	1184.33	-11.071
66.7574	1195.09	-31.4463
66.7574	1205.86	12.4205
66.7574	1216.63	29.0846
66.7574	1227.39	28.8716
66.7574	1238.16	11.898
66.7574	1248.93	-17.6123
66.7574	1259.69	-15.9843
66.7574	1270.46	-14.6943
66.7574	1281.23	-15.562
66.7574	1291.99	-16.9344
66.7574	1302.76	-18.5045
66.7574	1313.53	-20.21
66.7574	1324.29	-22.0679
66.7574	1335.06	-24.1397
66.7574	1345.83	-26.5276
66.7574	1356.59	-29.3569
66.7574	1367.36	-32.5333
69.6599	0	-55.9681
69.6599	10.7666	-37.0868
69.6599	21.5332	-31.0093
69.6599	32.2998	-27.3286
69.6599	43.0664	-24.5977
69.6599	53.833	-22.3576
69.6599	64.5996	-20.4059
69.6599	75.3662	-18.6434
69.6599	86.1328	-17.0368
69.6599	96.8994	-15.6409
69.6599	107.666	-14.7604
69.6599	118.433	-16.0611
69.6599	129.199	-17.5808
69.6599	139.966	11.9
69.6599	150.732	28.8713
69.6599	161.499	29.0848
69.6599	172.266	12.4187
69.6599	183.032	-32.3442
69.6599	193.799	-11.051
69.6599	204.565	-10.2207
69.6599	215.332	-10.6886
69.6599	226.099	-11.4003
69.6599	236.865	-12.137
69.6599	247.632	-12.8392
69.6599	258.398	-13.4915
69.6599	269.165	-14.0923
69.6599	279.932	-14.6448
69.6599	290.698	-15.1533
69.6599	301.465	-15.6224
69.6599	312.231	-16.056
69.6599	322.998	-16.4579
69.6599	333.765	-16.8313
69.6599	344.531	-17.1789
69.6599	355.298	-17.5032
69.6599	366.064	-17.8061
69.6599	376.831	-18.0894
69.6599	387.598	-18.3548
69.6599	398.364	-18.6036
69.6599	409.131	-18.8369
69.6599	419.897	-19.0558
69.6599	430.664	-19.2612
69.6599	441.431	-19.454
69.6599	452.197	-19.6348
69.6599	462.964	-19.8043
69.6599	473.73	-19.9631
69.6599	484.497	-20.1117
69.6599	495.264	-20.2504
69.6599	506.03	-20.3798
69.6599	516.797	-20.5002
69.6599	527.563	-20.6119
69.6599	538.33	-20.7152
69.6599	549.097	-20.8104
69.6599	559.863	-20.8978
69.6599	570.63	-20.9774
69.6599	581.396	-21.0495
69.6599	592.163	-21.1143
69.6599	602.93	-21.1719
69.6599	613.696	-21.2225
69.6599	624.463	-21.2661
69.6599	635.229	-21.3028
69.6599	645.996	-21.3328
69.6599	656.763	-21.356
69.6599	667.529	-21.3726
69.6599	678.296	-21.3825
69.6599	689.062	-21.3858
69.6599	699.829	-21.3825
69.6599	710.596	-21.3726
69.6599	721.362	-21.356
69.6599	732.129	-21.3328
69.6599	742.896	-21.3028
69.6599	753.662	-21.2661
69.6599	764.429	-21.2225
69.6599	775.195	-21.1719
69.6599	785.962	-21.1143
69.6599	796.729	-21.0495
69.6599	807.495	-20.9774
69.6599	818.262	-20.8978
69.6599	829.028	-20.8104
69.6599	839.795	-20.7152
69.6599	850.562	-20.6119
69.6599	861.328	-20.5002
69.6599	872.095	-20.3798
69.6599	882.861	-20.2504
69.6599	893.628	-20.1117
69.6599	904.395	-19.9631
69.6599	915.161	-19.8043
69.6599	925.928	-19.6348
69.6599	936.694	-19.454
69.6599	947.461	-19.2612
69.6599	958.228	-19.0558
69.6599	968.994	-18.8369
69.6599	979.761	-18.6036
69.6599	990.527	-18.3548
69.6599	1001.29	-18.0894
69.6599	1012.06	-17.8061
69.6599	1022.83	-17.5032
69.6599	1033.59	-17.1789
69.6599	1044.36	-16.8313
69.6599	1055.13	-16.4579
69.6599	1065.89	-16.056
69.6599	1076.66	-15.6224
69.6599	1087.43	-15.1533
69.6599	1098.19	-14.6448
69.6599	1108.96	-14.0923
69.6599	1119.73	-13.4915
69.6599	1130.49	-12.8392
69.6599	1141.26	-12.137
69.6599	1152.03	-11.4003
69.6599	1162.79	-10.6886
69.6599	1173.56	-10.2207
69.6599	1184.33	-11.051
69.6599	1195.09	-32.3442
69.6599	1205.86	12.4187
69.6599	1216.63	29.0848
69.6599	1227.39	28.8713
69.6599	1238.16	11.9
69.6599	1248.93	-17.5808
69.6599	1259.69	-16.0611
69.6599	1270.46	-14.7604
69.6599	1281.23	-15.6409
69.6599	1291.99	-17.0368
69.6599	1302.76	-18.6434
69.6599	1313.53	-20.4059
69.6599	1324.29	-22.3576
69.6599	1335.06	-24.5977
69.6599	1345.83	-27.3286
69.6599	1356.59	-31.0093
69.6599	1367.36	-37.0868
72.5624	0	-35.9752
72.5624	10.7666	-33.4998
72.5624	21.5332	-29.801
72.5624	32.2998	-26.7583
72.5624	43.0664	-24.2753
72.5624	53.833	-22.1548
72.5624	64.5996	-20.2693
72.5624	75.3662	-18.5467
72.5624	86.1328	-16.9656
72.5624	96.8994	-15.5861
72.5624	107.666	-14.7145
72.5624	118.433	-16.0078
72.5624	129.199	-17.6026
72.5624	139.966	11.8986
72.5624	150.732	28.8715
72.5624	161.499	29.0847
72.5624	172.266	12.42
72.5624	183.032	-31.7029
72.5624	193.799	-11.0649
72.5624	204.565	-10.2334
72.5624	215.332	-10.7016
72.5624	226.099	-11.414
72.5624	236.865	-12.1513
72.5624	247.632	-12.8542
72.5624	258.398	-13.507
72.5624	269.165	-14.1085
72.5624	279.932	-14.6615
72.5624	290.698	-15.1705
72.5624	301.465	-15.6399
72.5624	312.231	-16.074
72.5624	322.998	-16.4762
72.5624	333.765	-16.85
72.5624	344.531	-17.1979
72.5624	355.298	-17.5224
72.5624	366.064	-17.8255
72.5624	376.831	-18.1091
72.5624	387.598	-18.3747
72.5624	398.364	-18.6236
72.5624	409.131	-18.8571
72.5624	419.897	-19.0762
72.5624	430.664	-19.2818
72.5624	441.431	-19.4747
72.5624	452.197	-19.6556
72.5624	462.964	-19.8252
72.5624	473.73	-19.9841
72.5624	484.497	-20.1327
72.5624	495.264	-20.2716
72.5624	506.03	-20.4011
72.5624	516.797	-20.5215
72.5624	527.563	-20.6333
72.5624	538.33	-20.7367
72.5624	549.097	-20.832
72.5624	559.863	-20.9193
72.5624	570.63	-20.999
72.5624	581.396	-21.0712
72.5624	592.163	-21.136
72.5624	602.93	-21.1937
72.5624	613.696	-21.2442
72.5624	624.463	-21.2879
72.5624	635.229	-21.3246
72.5624	645.996	-21.3546
72.5624	656.763	-21.3778
72.5624	667.529	-21.3944
72.5624	678.296	-21.4044
72.5624	689.062	-21.4077
72.5624	699.829	-21.4044
72.5624	710.596	-21.3944
72.5624	721.362	-21.3778
72.5624	732.129	-21.3546
72.5624	742.896	-21.3246
72.5624	753.662	-21.2879
72.5624	764.429	-21.2442
72.5624	775.195	-21.1937
72.5624	785.962	-21.136
72.5624	796.729	-21.0712
72.5624	807.495	-20.999
72.5624	818.262	-20.9193
72.5624	829.028	-20.832
72.5624	839.795	-20.7367
72.5624	850.562	-20.6333
72.5624	861.328	-20.5215
72.5624	872.095	-20.4011
72.5624	882.861	-20.2716
72.5624	893.628	-20.1327
72.5624	904.395	-19.9841
72.5624	915.161	-19.8252
72.5624	925.928	-19.6556
72.5624	936.694	-19.4747
72.5624	947.461	-19.2818
72.5624	958.228	-19.0762
72.5624	968.994	-18.8571
72.5624	979.761	-18.6236
72.5624	990.527	-18.3747
72.5624	1001.29	-18.1091
72.5624	1012.06	-17.8255
72.5624	1022.83	-17.5224
72.5624	1033.59	-17.1979
72.5624	1044.36	-16.85
72.5624	1055.13	-16.4762
72.5624	1065.89	-16.074
72.5624	1076.66	-15.6399
72.5624	1087.43	-15.1705
72.5624	1098.19	-14.6615
72.5624	1108.96	-14.1085
72.5624	1119.73	-13.507
72.5624	1130.49	-12.8542
72.5624	1141.26	-12.1513
72.5624	1152.03	-11.414
72.5624	1162.79	-10.7016
72.5624	1173.56	-10.2334
72.5624	1184.33	-11.0649
72.5624	1195.09	-31.7029
72.5624	1205.86	12.42
72.5624	1216.63	29.0847
72.5624	1227.39	28.8715
72.5624	1238.16	11.8986
72.5624	1248.93	-17.6026
72.5624	1259.69	-16.0078
72.5624	1270.46	-14.7145
72.5624	1281.23	-15.5861
72.5624	1291.99	-16.9656
72.5624	1302.76	-18.5467
72.5624	1313.53	-20.2693
72.5624	1324.29	-22.1548
72.5624	1335.06	-24.2753
72.5624	1345.83	-26.7583
72.5624	1356.59	-29.801
72.5624	1367.36	-33.4998
75.4649	0	-29.5559
75.4649	10.7666	-28.843
75.4649	21.5332	-27.1757
75.4649	32.2998	-25.2331
75.4649	43.0664	-23.3249
75.4649	53.833	-21.5254
75.4649	64.5996	-19.8321
75.4649	75.3662	-18.2315
75.4649	86.1328	-16.7307
75.4649	96.8994	-15.4038
75.4649	107.666	-14.5609
75.4649	118.433	-15.8303
75.4649	129.199	-17.6781
75.4649	139.966	11.8939
75.4649	150.732	28.8722
75.4649	161.499	29.084
75.4649	172.266	12.4242
75.4649	183.032	-30.0316
75.4649	193.799	-11.1127
75.4649	204.565	-10.277
75.4649	215.332	-10.7463
75.4649	226.099	-11.4609
75.4649	236.865	-12.2005
75.4649	247.632	-12.9057
75.4649	258.398	-13.5607
75.4649	269.165	-14.1641
75.4649	279.932	-14.7189
75.4649	290.698	-15.2296
75.4649	301.465	-15.7005
75.4649	312.231	-16.1359
75.4649	322.998	-16.5394
75.4649	333.765	-16.9142
75.4649	344.531	-17.2632
75.4649	355.298	-17.5886
75.4649	366.064	-17.8926
75.4649	376.831	-18.177
75.4649	387.598	-18.4433
75.4649	398.364	-18.6929
75.4649	409.131	-18.9269
75.4649	419.897	-19.1466
75.4649	430.664	-19.3527
75.4649	441.431	-19.546
75.4649	452.197	-19.7274
75.4649	462.964	-19.8974
75.4649	473.73	-20.0566
75.4649	484.497	-20.2056
75.4649	495.264	-20.3448
75.4649	506.03	-20.4745
75.4649	516.797	-20.5953
75.4649	527.563	-20.7073
75.4649	538.33	-20.8109
75.4649	549.097	-20.9063
75.4649	559.863	-20.9939
75.4649	570.63	-21.0737
75.4649	581.396	-21.146
75.4649	592.163	-21.211
75.4649	602.93	-21.2687
75.4649	613.696	-21.3194
75.4649	624.463	-21.3631
75.4649	635.229	-21.4
75.4649	645.996	-21.43
75.4649	656.763	-21.4533
75.4649	667.529	-21.4699
75.4649	678.296	-21.4798
75.4649	689.062	-21.4832
75.4649	699.829	-21.4798
75.4649	710.596	-21.4699
75.4649	721.362	-21.4533
75.4649	732.129	-21.43
75.4649	742.896	-21.4
75.4649	753.662	-21.3631
75.4649	764.429	-21.3194
75.4649	775.195	-21.2687
75.4649	785.962	-21.211
75.4649	796.729	-21.146
75.4649	807.495	-21.0737
75.4649	818.262	-20.9939
75.4649	829.028	-20.9063
75.4649	839.795	-20.8109
75.4649	850.562	-20.7073
75.4649	861.328	-20.5953
75.4649	872.095	-20.4745
75.4649	882.861	-20.3448
75.4649	893.628	-20.2056
75.4649	904.395	-20.0566
75.4649	915.161	-19.8974
75.4649	925.928	-19.7274
75.4649	936.694	-19.546
75.4649	947.461	-19.3527
75.4649	958.228	-19.1466
75.4649	968.994	-18.9269
75.4649	979.761	-18.6929
75.4649	990.527	-18.4433
75.4649	1001.29	-18.177
75.4649	1012.06	-17.8926
75.4649	1022.83	-17.5886
75.4649	1033.59	-17.2632
75.4649	1044.36	-16.9142
75.4649	1055.13	-16.5394
75.4649	1065.89	-16.1359
75.4649	1076.66	-15.7005
75.4649	1087.43	-15.2296
75.4649	1098.19	-14.7189
75.4649	1108.96	-14.1641
75.4649	1119.73	-13.5607
75.4649	1130.49	-12.9057
75.4649	1141.26	-12.2005
75.4649	1152.03	-11.4609
75.4649	1162.79	-10.7463
75.4649	1173.56	-10.277
75.4649	1184.33	-11.1127
75.4649	1195.09	-30.0316
75.4649	1205.86	12.4242
75.4649	1216.63	29.084
75.4649	1227.39	28.8722
75.4649	1238.16	11.8939
75.4649	1248.93	-17.6781
75.4649	1259.69	-15.8303
75.4649	1270.46	-14.5609
75.4649	1281.23	-15.4038
75.4649	1291.99	-16.7307
75.4649	1302.76	-18.2315
75.4649	1313.53	-19.8321
75.4649	1324.29	-21.5254
75.4649	1335.06	-23.3249
75.4649	1345.83	-25.2331
75.4649	1356.59	-27.1757
75.4649	1367.36	-28.843
78.3673	0	-25.9402
78.3673	10.7666	-25.6063
78.3673	21.5332	-24.7119
78.3673	32.2998	-23.4768
78.3673	43.0664	-22.0838
78.3673	53.833	-20.6366
78.3673	64.5996	-19.1831
78.3673	75.3662	-17.7478
78.3673	86.1328	-16.3619
78.3673	96.8994	-15.1132
78.3673	107.666	-14.3142
78.3673	118.433	-15.5471
78.3673	129.199	-17.8082
78.3673	139.966	11.8859
78.3673	150.732	28.8733
78.3673	161.499	29.083
78.3673	172.266	12.4313
78.3673	183.032	-28.1632
78.3673	193.799	-11.1944
78.3673	204.565	-10.3514
78.3673	215.332	-10.8226
78.3673	226.099	-11.5409
78.3673	236.865	-12.2847
78.3673	247.632	-12.9939
78.3673	258.398	-13.6526
78.3673	269.165	-14.2595
78.3673	279.932	-14.8174
78.3673	290.698	-15.3309
78.3673	301.465	-15.8045
78.3673	312.231	-16.2422
78.3673	322.998	-16.6479
78.3673	333.765	-17.0246
78.3673	344.531	-17.3754
78.3673	355.298	-17.7024
78.3673	366.064	-18.0079
78.3673	376.831	-18.2936
78.3673	387.598	-18.5612
78.3673	398.364	-18.8119
78.3673	409.131	-19.0471
78.3673	419.897	-19.2677
78.3673	430.664	-19.4746
78.3673	441.431	-19.6688
78.3673	452.197	-19.8509
78.3673	462.964	-20.0217
78.3673	473.73	-20.1815
78.3673	484.497	-20.3311
78.3673	495.264	-20.4708
78.3673	506.03	-20.601
78.3673	516.797	-20.7222
78.3673	527.563	-20.8346
78.3673	538.33	-20.9386
78.3673	549.097	-21.0344
78.3673	559.863	-21.1223
78.3673	570.63	-21.2024
78.3673	581.396	-21.275
78.3673	592.163	-21.3402
78.3673	602.93	-21.3981
78.3673	613.696	-21.449
78.3673	624.463	-21.4928
78.3673	635.229	-21.5298
78.3673	645.996	-21.5599
78.3673	656.763	-21.5833
78.3673	667.529	-21.6
78.3673	678.296	-21.6099
78.3673	689.062	-21.6133
78.3673	699.829	-21.6099
78.3673	710.596	-21.6
78.3673	721.362	-21.5833
78.3673	732.129	-21.5599
78.3673	742.896	-21.5298
78.3673	753.662	-21.4928
78.3673	764.429	-21.449
78.3673	775.195	-21.3981
78.3673	785.962	-21.3402
78.3673	796.729	-21.275
78.3673	807.495	-21.2024
78.3673	818.262	-21.1223
78.3673	829.028	-21.0344
78.3673	839.795	-20.9386
78.3673	850.562	-20.8346
78.3673	861.328	-20.7222
78.3673	872.095	-20.601
78.3673	882.861	-20.4708
78.3673	893.628	-20.3311
78.3673	904.395	-20.1815
78.3673	915.161	-20.0217
78.3673	925.928	-19.8509
78.3673	936.694	-19.6688
78.3673	947.461	-19.4746
78.3673	958.228	-19.2677
78.3673	968.994	-19.0471
78.3673	979.761	-18.8119
78.3673	990.527	-18.5612
78.3673	1001.29	-18.2936
78.3673	1012.06	-18.0079
78.3673	1022.83	-17.7024
78.3673	1033.59	-17.3754
78.3673	1044.36	-17.0246
78.3673	1055.13	-16.6479
78.3673	1065.89	-16.2422
78.3673	1076.66	-15.8045
78.3673	1087.43	-15.3309
78.3673	1098.19	-14.8174
78.3673	1108.96	-14.2595
78.3673	1119.73	-13.6526
78.3673	1130.49	-12.9939
78.3673	1141.26	-12.2847
78.3673	1152.03	-11.5409
78.3673	1162.79	-10.8226
78.3673	1173.56	-10.3514
78.3673	1184.33	-11.1944
78.3673	1195.09	-28.1632
78.3673	1205.86	12.4313
78.3673	1216.63	29.083
78.3673	1227.39	28.8733
78.3673	1238.16	11.8859
78.3673	1248.93	-17.8082
78.3673	1259.69	-15.5471
78.3673	1270.46	-14.3142
78.3673	1281.23	-15.1132
78.3673	1291.99	-16.3619
78.3673	1302.76	-17.7478
78.3673	1313.53	-19.1831
78.3673	1324.29	-20.6366
78.3673	1335.06	-22.0838
78.3673	1345.83	-23.4768
78.3673	1356.59	-24.7119
78.3673	1367.36	-25.6063
81.2698	0	-23.4348
81.2698	10.7666	-23.2366
81.2698	21.5332	-22.6761
81.2698	32.2998	-21.8349
81.2698	43.0664	-20.802
81.2698	53.833	-19.648
81.2698	64.5996	-18.4213
81.2698	75.3662	-17.1575
81.2698	86.1328	-15.8991
81.2698	96.8994	-14.7414
81.2698	107.666	-13.9948
81.2698	118.433	-15.1841
81.2698	129.199	-17.9946
81.2698	139.966	11.8748
81.2698	150.732	28.8749
81.2698	161.499	29.0815
81.2698	172.266	12.4411
81.2698	183.032	-26.452
81.2698	193.799	-11.3098
81.2698	204.565	-10.4563
81.2698	215.332	-10.9303
81.2698	226.099	-11.654
81.2698	236.865	-12.4037
81.2698	247.632	-13.1187
81.2698	258.398	-13.7829
81.2698	269.165	-14.3947
81.2698	279.932	-14.9572
81.2698	290.698	-15.4749
81.2698	301.465	-15.9522
81.2698	312.231	-16.3934
81.2698	322.998	-16.8022
81.2698	333.765	-17.1819
81.2698	344.531	-17.5352
81.2698	355.298	-17.8647
81.2698	366.064	-18.1724
81.2698	376.831	-18.4601
81.2698	387.598	-18.7295
81.2698	398.364	-18.982
81.2698	409.131	-19.2186
81.2698	419.897	-19.4407
81.2698	430.664	-19.649
81.2698	441.431	-19.8444
81.2698	452.197	-20.0276
81.2698	462.964	-20.1993
81.2698	473.73	-20.3602
81.2698	484.497	-20.5106
81.2698	495.264	-20.6511
81.2698	506.03	-20.7821
81.2698	516.797	-20.9039
81.2698	527.563	-21.017
81.2698	538.33	-21.1215
81.2698	549.097	-21.2178
81.2698	559.863	-21.3062
81.2698	570.63	-21.3867
81.2698	581.396	-21.4596
81.2698	592.163	-21.5252
81.2698	602.93	-21.5834
81.2698	613.696	-21.6345
81.2698	624.463	-21.6786
81.2698	635.229	-21.7158
81.2698	645.996	-21.746
81.2698	656.763	-21.7695
81.2698	667.529	-21.7863
81.2698	678.296	-21.7963
81.2698	689.062	-21.7997
81.2698	699.829	-21.7963
81.2698	710.596	-21.7863
81.2698	721.362	-21.7695
81.2698	732.129	-21.746
81.2698	742.896	-21.7158
81.2698	753.662	-21.6786
81.2698	764.429	-21.6345
81.2698	775.195	-21.5834
81.2698	785.962	-21.5252
81.2698	796.729	-21.4596
81.2698	807.495	-21.3867
81.2698	818.262	-21.3062
81.2698	829.028	-21.2178
81.2698	839.795	-21.1215
81.2698	850.562	-21.017
81.2698	861.328	-20.9039
81.2698	872.095	-20.7821
81.2698	882.861	-20.6511
81.2698	893.628	-20.5106
81.2698	904.395	-20.3602
81.2698	915.161	-20.1993
81.2698	925.928	-20.0276
81.2698	936.694	-19.8444
81.2698	947.461	-19.649
81.2698	958.228	-19.4407
81.2698	968.994	-19.2186
81.2698	979.761	-18.982
81.2698	990.527	-18.7295
81.2698	1001.29	-18.4601
81.2698	1012.06	-18.1724
81.2698	1022.83	-17.8647
81.2698	1033.59	-17.5352
81.2698	1044.36	-17.1819
81.2698	1055.13	-16.8022
81.2698	1065.89	-16.3934
81.2698	1076.66	-15.9522
81.2698	1087.43	-15.4749
81.2698	1098.19	-14.9572
81.2698	1108.96	-14.3947
81.2698	1119.73	-13.7829
81.2698	1130.49	-13.1187
81.2698	1141.26	-12.4037
81.2698	1152.03	-11.654
81.2698	1162.79	-10.9303
81.2698	1173.56	-10.4563
81.2698	1184.33	-11.3098
81.2698	1195.09	-26.452
81.2698	1205.86	12.4411
81.2698	1216.63	29.0815
81.2698	1227.39	28.8749
81.2698	1238.16	11.8748
81.2698	1248.93	-17.9946
81.2698	1259.69	-15.1841
81.2698	1270.46	-13.9948
81.2698	1281.23	-14.7414
81.2698	1291.99	-15.8991
81.2698	1302.76	-17.1575
81.2698	1313.53	-18.4213
81.2698	1324.29	-19.648
81.2698	1335.06	-20.802
81.2698	1345.83	-21.8349
81.2698	1356.59	-22.6761
81.2698	1367.36	-23.2366
84.1723	0	-21.5353
84.1723	10.7666	-21.4001
84.1723	21.5332	-21.0078
84.1723	32.2998	-20.3923
84.1723	43.0664	-19.5966
84.1723	53.833	-18.6623
84.1723	64.5996	-17.6246
84.1723	75.3662	-16.5165
84.1723	86.1328	-15.3817
84.1723	96.8994	-14.3168
84.1723	107.666	-13.6257
84.1723	118.433	-14.7687
84.1723	129.199	-18.2397
84.1723	139.966	11.8609
84.1723	150.732	28.8768
84.1723	161.499	29.0797
84.1723	172.266	12.4533
84.1723	183.032	-24.9672
84.1723	193.799	-11.4587
84.1723	204.565	-10.5913
84.1723	215.332	-11.0689
84.1723	226.099	-11.7999
84.1723	236.865	-12.5574
84.1723	247.632	-13.2801
84.1723	258.398	-13.9515
84.1723	269.165	-14.5701
84.1723	279.932	-15.1388
84.1723	290.698	-15.6621
84.1723	301.465	-16.1446
84.1723	312.231	-16.5905
84.1723	322.998	-17.0035
84.1723	333.765	-17.3871
84.1723	344.531	-17.744
84.1723	355.298	-18.0767
84.1723	366.064	-18.3874
84.1723	376.831	-18.6779
84.1723	387.598	-18.9498
84.1723	398.364	-19.2046
84.1723	409.131	-19.4434
84.1723	419.897	-19.6674
84.1723	430.664	-19.8775
84.1723	441.431	-20.0746
84.1723	452.197	-20.2593
84.1723	462.964	-20.4325
84.1723	473.73	-20.5946
84.1723	484.497	-20.7462
84.1723	495.264	-20.8878
84.1723	506.03	-21.0198
84.1723	516.797	-21.1426
84.1723	527.563	-21.2565
84.1723	538.33	-21.3618
84.1723	549.097	-21.4589
84.1723	559.863	-21.5478
84.1723	570.63	-21.6289
84.1723	581.396	-21.7024
84.1723	592.163	-21.7684
84.1723	602.93	-21.8271
84.1723	613.696	-21.8785
84.1723	624.463	-21.9229
84.1723	635.229	-21.9603
84.1723	645.996	-21.9908
84.1723	656.763	-22.0145
84.1723	667.529	-22.0313
84.1723	678.296	-22.0414
84.1723	689.062	-22.0448
84.1723	699.829	-22.0414
84.1723	710.596	-22.0313
84.1723	721.362	-22.0145
84.1723	732.129	-21.9908
84.1723	742.896	-21.9603
84.1723	753.662	-21.9229
84.1723	764.429	-21.8785
84.1723	775.195	-21.8271
84.1723	785.962	-21.7684
84.1723	796.729	-21.7024
84.1723	807.495	-21.6289
84.1723	818.262	-21.5478
84.1723	829.028	-21.4589
84.1723	839.795	-21.3618
84.1723	850.562	-21.2565
84.1723	861.328	-21.1426
84.1723	872.095	-21.0198
84.1723	882.861	-20.8878
84.1723	893.628	-20.7462
84.1723	904.395	-20.5946
84.1723	915.161	-20.4325
84.1723	925.928	-20.2593
84.1723	936.694	-20.0746
84.1723	947.461	-19.8775
84.1723	958.228	-19.6674
84.1723	968.994	-19.4434
84.1723	979.761	-19.2046
84.1723	990.527	-18.9498
84.1723	1001.29	-18.6779
84.1723	1012.06	-18.3874
84.1723	1022.83	-18.0767
84.1723	1033.59	-17.744
84.1723	1044.36	-17.3871
84.1723	1055.13	-17.0035
84.1723	1065.89	-16.5905
84.1723	1076.66	-16.1446
84.1723	1087.43	-15.6621
84.1723	1098.19	-15.1388
84.1723	1108.96	-14.5701
84.1723	1119.73	-13.9515
84.1723	1130.49	-13.2801
84.1723	1141.26	-12.5574
84.1723	1152.03	-11.7999
84.1723	1162.79	-11.0689
84.1723	1173.56	-10.5913
84.1723	1184.33	-11.4587
84.1723	1195.09	-24.9672
84.1723	1205.86	12.4533
84.1723	1216.63	29.0797
84.1723	1227.39	28.8768
84.1723	1238.16	11.8609
84.1723	1248.93	-18.2397
84.1723	1259.69	-14.7687
84.1723	1270.46	-13.6257
84.1723	1281.23	-14.3168
84.1723	1291.99	-15.3817
84.1723	1302.76	-16.5165
84.1723	1313.53	-17.6246
84.1723	1324.29	-18.6623
84.1723	1335.06	-19.5966
84.1723	1345.83	-20.3923
84.1723	1356.59	-21.0078
84.1723	1367.36	-21.4001
87.0748	0	-20.0223
87.0748	10.7666	-19.9213
87.0748	21.5332	-19.6239
87.0748	32.2998	-19.1455
87.0748	43.0664	-18.5072
87.0748	53.833	-17.732
87.0748	64.5996	-16.843
87.0748	75.3662	-15.8665
87.0748	86.1328	-14.8428
87.0748	96.8994	-13.8652
87.0748	107.666	-13.2281
87.0748	118.433	-14.3259
87.0748	129.199	-18.547
87.0748	139.966	11.8446
87.0748	150.732	28.8791
87.0748	161.499	29.0775
87.0748	172.266	12.4676
87.0748	183.032	-23.694
87.0748	193.799	-11.6407
87.0748	204.565	-10.7557
87.0748	215.332	-11.2379
87.0748	226.099	-11.9779
87.0748	236.865	-12.7455
87.0748	247.632	-13.478
87.0748	258.398	-14.1588
87.0748	269.165	-14.7859
87.0748	279.932	-15.3626
87.0748	290.698	-15.8932
87.0748	301.465	-16.3823
87.0748	312.231	-16.8343
87.0748	322.998	-17.253
87.0748	333.765	-17.6416
87.0748	344.531	-18.0032
87.0748	355.298	-18.3402
87.0748	366.064	-18.6548
87.0748	376.831	-18.9489
87.0748	387.598	-19.2242
87.0748	398.364	-19.482
87.0748	409.131	-19.7236
87.0748	419.897	-19.9502
87.0748	430.664	-20.1627
87.0748	441.431	-20.362
87.0748	452.197	-20.5488
87.0748	462.964	-20.7238
87.0748	473.73	-20.8877
87.0748	484.497	-21.0409
87.0748	495.264	-21.184
87.0748	506.03	-21.3173
87.0748	516.797	-21.4413
87.0748	527.563	-21.5564
87.0748	538.33	-21.6627
87.0748	549.097	-21.7607
87.0748	559.863	-21.8505
87.0748	570.63	-21.9324
87.0748	581.396	-22.0066
87.0748	592.163	-22.0732
87.0748	602.93	-22.1324
87.0748	613.696	-22.1843
87.0748	624.463	-22.2291
87.0748	635.229	-22.2669
87.0748	645.996	-22.2976
87.0748	656.763	-22.3215
87.0748	667.529	-22.3385
87.0748	678.296	-22.3487
87.0748	689.062	-22.3521
87.0748	699.829	-22.3487
87.0748	710.596	-22.3385
87.0748	721.362	-22.3215
87.0748	732.129	-22.2976
87.0748	742.896	-22.2669
87.0748	753.662	-22.2291
87.0748	764.429	-22.1843
87.0748	775.195	-22.1324
87.0748	785.962	-22.0732
87.0748	796.729	-22.0066
87.0748	807.495	-21.9324
87.0748	818.262	-21.8505
87.0748	829.028	-21.7607
87.0748	839.795	-21.6627
87.0748	850.562	-21.5564
87.0748	861.328	-21.4413
87.0748	872.095	-21.3173
87.0748	882.861	-21.184
87.0748	893.628	-21.0409
87.0748	904.395	-20.8877
87.0748	915.161	-20.7238
87.0748	925.928	-20.5488
87.0748	936.694	-20.362
87.0748	947.461	-20.1627
87.0748	958.228	-19.9502
87.0748	968.994	-19.7236
87.0748	979.761	-19.482
87.0748	990.527	-19.2242
87.0748	1001.29	-18.9489
87.0748	1012.06	-18.6548
87.0748	1022.83	-18.3402
87.0748	1033.59	-18.0032
87.0748	1044.36	-17.6416
87.0748	1055.13	-17.253
87.0748	1065.89	-16.8343
87.0748	1076.66	-16.3823
87.0748	1087.43	-15.8932
87.0748	1098.19	-15.3626
87.0748	1108.96	-14.7859
87.0748	1119.73	-14.1588
87.0748	1130.49	-13.478
87.0748	1141.26	-12.7455
87.0748	1152.03	-11.9779
87.0748	1162.79	-11.2379
87.0748	1173.56	-10.7557
87.0748	1184.33	-11.6407
87.0748	1195.09	-23.694
87.0748	1205.86	12.4676
87.0748	1216.63	29.0775
87.0748	1227.39	28.8791
87.0748	1238.16	11.8446
87.0748	1248.93	-18.547
87.0748	1259.69	-14.3259
87.0748	1270.46	-13.2281
87.0748	1281.23	-13.8652
87.0748	1291.99	-14.8428
87.0748	1302.76	-15.8665
87.0748	1313.53	-16.843
87.0748	1324.29	-17.732
87.0748	1335.06	-18.5072
87.0748	1345.83	-19.1455
87.0748	1356.59	-19.6239
87.0748	1367.36	-19.9213
89.9773	0	-18.7802
89.9773	10.7666	-18.6997
89.9773	21.5332	-18.4608
89.9773	32.2998	-18.0705
89.9773	43.0664	-17.5391
89.9773	53.833	-16.879
89.9773	64.5996	-16.1045
89.9773	75.3662	-15.2352
89.9773	86.1328	-14.3068
89.9773	96.8994	-13.4075
89.9773	107.666	-12.8202
89.9773	118.433	-13.8763
89.9773	129.199	-18.921
89.9773	139.966	11.826
89.9773	150.732	28.8816
89.9773	161.499	29.0751
89.9773	172.266	12.4837
89.9773	183.032	-22.6017
89.9773	193.799	-11.8551
89.9773	204.565	-10.9484
89.9773	215.332	-11.4363
89.9773	226.099	-12.1875
89.9773	236.865	-12.9674
89.9773	247.632	-13.7121
89.9773	258.398	-14.4044
89.9773	269.165	-15.0424
89.9773	279.932	-15.6291
89.9773	290.698	-16.1688
89.9773	301.465	-16.6664
89.9773	312.231	-17.1262
89.9773	322.998	-17.552
89.9773	333.765	-17.9472
89.9773	344.531	-18.3147
89.9773	355.298	-18.6573
89.9773	366.064	-18.9769
89.9773	376.831	-19.2757
89.9773	387.598	-19.5552
89.9773	398.364	-19.817
89.9773	409.131	-20.0623
89.9773	419.897	-20.2923
89.9773	430.664	-20.5079
89.9773	441.431	-20.71
89.9773	452.197	-20.8995
89.9773	462.964	-21.0769
89.9773	473.73	-21.243
89.9773	484.497	-21.3983
89.9773	495.264	-21.5433
89.9773	506.03	-21.6784
89.9773	516.797	-21.8041
89.9773	527.563	-21.9206
89.9773	538.33	-22.0283
89.9773	549.097	-22.1275
89.9773	559.863	-22.2185
89.9773	570.63	-22.3014
89.9773	581.396	-22.3765
89.9773	592.163	-22.4439
89.9773	602.93	-22.5038
89.9773	613.696	-22.5564
89.9773	624.463	-22.6017
89.9773	635.229	-22.6399
89.9773	645.996	-22.671
89.9773	656.763	-22.6952
89.9773	667.529	-22.7124
89.9773	678.296	-22.7227
89.9773	689.062	-22.7262
89.9773	699.829	-22.7227
89.9773	710.596	-22.7124
89.9773	721.362	-22.6952
89.9773	732.129	-22.671
89.9773	742.896	-22.6399
89.9773	753.662	-22.6017
89.9773	764.429	-22.5564
89.9773	775.195	-22.5038
89.9773	785.962	-22.4439
89.9773	796.729	-22.3765
89.9773	807.495	-22.3014
89.9773	818.262	-22.2185
89.9773	829.028	-22.1275
89.9773	839.795	-22.0283
89.9773	850.562	-21.9206
89.9773	861.328	-21.8041
89.9773	872.095	-21.6784
89.9773	882.861	-21.5433
89.9773	893.628	-21.3983
89.9773	904.395	-21.243
89.9773	915.161	-21.0769
89.9773	925.928	-20.8995
89.9773	936.694	-20.71
89.9773	947.461	-20.5079
89.9773	958.228	-20.2923
89.9773	968.994	-20.0623
89.9773	979.761	-19.817
89.9773	990.527	-19.5552
89.9773	1001.29	-19.2757
89.9773	1012.06	-18.9769
89.9773	1022.83	-18.6573
89.9773	1033.59	-18.3147
89.9773	1044.36	-17.9472
89.9773	1055.13	-17.552
89.9773	1065.89	-17.1262
89.9773	1076.66	-16.6664
89.9773	1087.43	-16.1688
89.9773	1098.19	-15.6291
89.9773	1108.96	-15.0424
89.9773	1119.73	-14.4044
89.9773	1130.49	-13.7121
89.9773	1141.26	-12.9674
89.9773	1152.03	-12.1875
89.9773	1162.79	-11.4363
89.9773	1173.56	-10.9484
89.9773	1184.33	-11.8551
89.9773	1195.09	-22.6017
89.9773	1205.86	12.4837
89.9773	1216.63	29.0751
89.9773	1227.39	28.8816
89.9773	1238.16	11.826
89.9773	1248.93	-18.921
89.9773	1259.69	-13.8763
89.9773	1270.46	-12.8202
89.9773	1281.23	-13.4075
89.9773	1291.99	-14.3068
89.9773	1302.76	-15.2352
89.9773	1313.53	-16.1045
89.9773	1324.29	-16.879
89.9773	1335.06	-17.5391
89.9773	1345.83	-18.0705
89.9773	1356.59	-18.4608
89.9773	1367.36	-18.6997

