0	0	34.0674
0	10.7666	28.2207
0	21.5332	4.05008
0	32.2998	-15.3281
0	43.0664	-12.3856
0	53.833	-12.3659
0	64.5996	-13.073
0	75.3662	-13.9305
0	86.1328	-14.7909
0	96.8994	-15.6107
0	107.666	-16.3781
0	118.433	-17.0925
0	129.199	-17.7569
0	139.966	-18.3755
0	150.732	-18.9524
0	161.499	-19.4916
0	172.266	-19.9968
0	183.032	-20.4712
0	193.799	-20.9174
0	204.565	-21.3381
0	215.332	-21.7352
0	226.099	-22.1108
0	236.865	-22.4663
0	247.632	-22.8035
0	258.398	-23.1234
0	269.165	-23.4273
0	279.932	-23.7162
0	290.698	-23.991
0	301.465	-24.2526
0	312.231	-24.5017
0	322.998	-24.739
0	333.765	-24.965
0	344.531	-25.1803
0	355.298	-25.3855
0	366.064	-25.581
0	376.831	-25.7671
0	387.598	-25.9444
0	398.364	-26.1131
0	409.131	-26.2735
0	419.897	-26.4259
0	430.664	-26.5707
0	441.431	-26.708
0	452.197	-26.8381
0	462.964	-26.9612
0	473.73	-27.0775
0	484.497	-27.1871
0	495.264	-27.2903
0	506.03	-27.3871
0	516.797	-27.4777
0	527.563	-27.5623
0	538.33	-27.6409
0	549.097	-27.7137
0	559.863	-27.7807
0	570.63	-27.842
0	581.396	-27.8978
0	592.163	-27.9481
0	602.93	-27.9929
0	613.696	-28.0323
0	624.463	-28.0663
0	635.229	-28.0951
0	645.996	-28.1186
0	656.763	-28.1368
0	667.529	-28.1498
0	678.296	-28.1576
0	689.062	-28.1602
0	699.829	-28.1576
0	710.596	-28.1498
0	721.362	-28.1368
0	732.129	-28.1186
0	742.896	-28.0951
0	753.662	-28.0663
0	764.429	-28.0323
0	775.195	-27.9929
0	785.962	-27.9481
0	796.729	-27.8978
0	807.495	-27.842
0	818.262	-27.7807
0	829.028	-27.7137
0	839.795	-27.6409
0	850.562	-27.5623
0	861.328	-27.4777
0	872.095	-27.3871
0	882.861	-27.2903
0	893.628	-27.1871
0	904.395	-27.0775
0	915.161	-26.9612
0	925.928	-26.8381
0	936.694	-26.708
0	947.461	-26.5707
0	958.228	-26.4259
0	968.994	-26.2735
0	979.761	-26.1131
0	990.527	-25.9444
0	1001.29	-25.7671
0	1012.06	-25.581
0	1022.83	-25.3855
0	1033.59	-25.1803
0	1044.36	-24.965
0	1055.13	-24.739
0	1065.89	-24.5017
0	1076.66	-24.2526
0	1087.43	-23.991
0	1098.19	-23.7162
0	1108.96	-23.4273
0	1119.73	-23.1234
0	1130.49	-22.8035
0	1141.26	-22.4663
0	1152.03	-22.1108
0	1162.79	-21.7352
0	1173.56	-21.3381
0	1184.33	-20.9174
0	1195.09	-20.4712
0	1205.86	-19.9968
0	1216.63	-19.4916
0	1227.39	-18.9524
0	1238.16	-18.3755
0	1248.93	-17.7569
0	1259.69	-17.0925
0	1270.46	-16.3781
0	1281.23	-15.6107
0	1291.99	-14.7909
0	1302.76	-13.9305
0	1313.53	-13.073
0	1324.29	-12.3659
0	1335.06	-12.3856
0	1345.83	-15.3281
0	1356.59	4.05008
0	1367.36	28.2207
2.90249	0	28.2304
2.90249	10.7666	25.3177
2.90249	21.5332	4.87622
2.90249	32.2998	-14.6623
2.90249	43.0664	-9.00634
2.90249	53.833	-8.94877
2.90249	64.5996	-9.65511
2.90249	75.3662	-10.5133
2.90249	86.1328	-11.3739
2.90249	96.8994	-12.1937
2.90249	107.666	-12.9611
2.90249	118.433	-13.6755
2.90249	129.199	-14.3398
2.90249	139.966	-14.9582
2.90249	150.732	-15.535
2.90249	161.499	-16.0742
2.90249	172.266	-16.5794
2.90249	183.032	-17.0536
2.90249	193.799	-17.4999
2.90249	204.565	-17.9204
2.90249	215.332	-18.3175
2.90249	226.099	-18.693
2.90249	236.865	-19.0486
2.90249	247.632	-19.3857
2.90249	258.398	-19.7056
2.90249	269.165	-20.0095
2.90249	279.932	-20.2984
2.90249	290.698	-20.5732
2.90249	301.465	-20.8347
2.90249	312.231	-21.0838
2.90249	322.998	-21.321
2.90249	333.765	-21.5471
2.90249	344.531	-21.7624
2.90249	355.298	-21.9676
2.90249	366.064	-22.163
2.90249	376.831	-22.3492
2.90249	387.598	-22.5264
2.90249	398.364	-22.6951
2.90249	409.131	-22.8555
2.90249	419.897	-23.0079
2.90249	430.664	-23.1527
2.90249	441.431	-23.29
2.90249	452.197	-23.4201
2.90249	462.964	-23.5432
2.90249	473.73	-23.6595
2.90249	484.497	-23.7691
2.90249	495.264	-23.8722
2.90249	506.03	-23.9691
2.90249	516.797	-24.0597
2.90249	527.563	-24.1443
2.90249	538.33	-24.2229
2.90249	549.097	-24.2956
2.90249	559.863	-24.3627
2.90249	570.63	-24.424
2.90249	581.396	-24.4798
2.90249	592.163	-24.53
2.90249	602.93	-24.5748
2.90249	613.696	-24.6142
2.90249	624.463	-24.6483
2.90249	635.229	-24.677
2.90249	645.996	-24.7005
2.90249	656.763	-24.7188
2.90249	667.529	-24.7318
2.90249	678.296	-24.7396
2.90249	689.062	-24.7422
2.90249	699.829	-24.7396
2.90249	710.596	-24.7318
2.90249	721.362	-24.7188
2.90249	732.129	-24.7005
2.90249	742.896	-24.677
2.90249	753.662	-24.6483
2.90249	764.429	-24.6142
2.90249	775.195	-24.5748
2.90249	785.962	-24.53
2.90249	796.729	-24.4798
2.90249	807.495	-24.424
2.90249	818.262	-24.3627
2.90249	829.028	-24.2956
2.90249	839.795	-24.2229
2.90249	850.562	-24.1443
2.90249	861.328	-24.0597
2.90249	872.095	-23.9691
2.90249	882.861	-23.8722
2.90249	893.628	-23.7691
2.90249	904.395	-23.6595
2.90249	915.161	-23.5432
2.90249	925.928	-23.4201
2.90249	936.694	-23.29
2.90249	947.461	-23.1527
2.90249	958.228	-23.0079
2.90249	968.994	-22.8555
2.90249	979.761	-22.6951
2.90249	990.527	-22.5264
2.90249	1001.29	-22.3492
2.90249	1012.06	-22.163
2.90249	1022.83	-21.9676
2.90249	1033.59	-21.7624
2.90249	1044.36	-21.5471
2.90249	1055.13	-21.321
2.90249	1065.89	-21.0838
2.90249	1076.66	-20.8347
2.90249	1087.43	-20.5732
2.90249	1098.19	-20.2984
2.90249	1108.96	-20.0095
2.90249	1119.73	-19.7056
2.90249	1130.49	-19.3857
2.90249	1141.26	-19.0486
2.90249	1152.03	-18.693
2.90249	1162.79	-18.3175
2.90249	1173.56	-17.9204
2.90249	1184.33	-17.4999
2.90249	1195.09	-17.0536
2.90249	1205.86	-16.5794
2.90249	1216.63	-16.0742
2.90249	1227.39	-15.535
2.90249	1238.16	-14.9582
2.90249	1248.93	-14.3398
2.90249	1259.69	-13.6755
2.90249	1270.46	-12.9611
2.90249	1281.23	-12.1937
2.90249	1291.99	-11.3739
2.90249	1302.76	-10.5133
2.90249	1313.53	-9.65511
2.90249	1324.29	-8.94877
2.90249	1335.06	-9.00634
2.90249	1345.83	-14.6623
2.90249	1356.59	4.87622
2.90249	1367.36	25.3177
5.80499	0	36.0441
5.80499	10.7666	29.6199
5.80499	21.5332	3.27536
5.80499	32.2998	-15.9289
5.80499	43.0664	-23.251
5.80499	53.833	-24.0998
5.80499	64.5996	-24.8264
5.80499	75.3662	-25.669
5.80499	86.1328	-26.5221
5.80499	96.8994	-27.3402
5.80499	107.666	-28.1086
5.80499	118.433	-28.8251
5.80499	129.199	-29.4919
5.80499	139.966	-30.1127
5.80499	150.732	-30.6918
5.80499	161.499	-31.233
5.80499	172.266	-31.74
5.80499	183.032	-32.2159
5.80499	193.799	-32.6635
5.80499	204.565	-33.0853
5.80499	215.332	-33.4835
5.80499	226.099	-33.86
5.80499	236.865	-34.2164
5.80499	247.632	-34.5543
5.80499	258.398	-34.8749
5.80499	269.165	-35.1794
5.80499	279.932	-35.4688
5.80499	290.698	-35.7441
5.80499	301.465	-36.0061
5.80499	312.231	-36.2556
5.80499	322.998	-36.4932
5.80499	333.765	-36.7195
5.80499	344.531	-36.9352
5.80499	355.298	-37.1406
5.80499	366.064	-37.3363
5.80499	376.831	-37.5227
5.80499	387.598	-37.7002
5.80499	398.364	-37.869
5.80499	409.131	-38.0296
5.80499	419.897	-38.1823
5.80499	430.664	-38.3271
5.80499	441.431	-38.4646
5.80499	452.197	-38.5948
5.80499	462.964	-38.718
5.80499	473.73	-38.8344
5.80499	484.497	-38.9441
5.80499	495.264	-39.0474
5.80499	506.03	-39.1443
5.80499	516.797	-39.235
5.80499	527.563	-39.3196
5.80499	538.33	-39.3983
5.80499	549.097	-39.4711
5.80499	559.863	-39.5382
5.80499	570.63	-39.5996
5.80499	581.396	-39.6554
5.80499	592.163	-39.7057
5.80499	602.93	-39.7505
5.80499	613.696	-39.79
5.80499	624.463	-39.824
5.80499	635.229	-39.8528
5.80499	645.996	-39.8763
5.80499	656.763	-39.8946
5.80499	667.529	-39.9076
5.80499	678.296	-39.9154
5.80499	689.062	-39.918
5.80499	699.829	-39.9154
5.80499	710.596	-39.9076
5.80499	721.362	-39.8946
5.80499	732.129	-39.8763
5.80499	742.896	-39.8528
5.80499	753.662	-39.824
5.80499	764.429	-39.79
5.80499	775.195	-39.7505
5.80499	785.962	-39.7057
5.80499	796.729	-39.6554
5.80499	807.495	-39.5996
5.80499	818.262	-39.5382
5.80499	829.028	-39.4711
5.80499	839.795	-39.3983
5.80499	850.562	-39.3196
5.80499	861.328	-39.235
5.80499	872.095	-39.1443
5.80499	882.861	-39.0474
5.80499	893.628	-38.9441
5.80499	904.395	-38.8344
5.80499	915.161	-38.718
5.80499	925.928	-38.5948
5.80499	936.694	-38.4646
5.80499	947.461	-38.3271
5.80499	958.228	-38.1823
5.80499	968.994	-38.0296
5.80499	979.761	-37.869
5.80499	990.527	-37.7002
5.80499	1001.29	-37.5227
5.80499	1012.06	-37.3363
5.80499	1022.83	-37.1406
5.80499	1033.59	-36.9352
5.80499	1044.36	-36.7195
5.80499	1055.13	-36.4932
5.80499	1065.89	-36.2556
5.80499	1076.66	-36.0061
5.80499	1087.43	-35.7441
5.80499	1098.19	-35.4688
5.80499	1108.96	-35.1794
5.80499	1119.73	-34.8749
5.80499	1130.49	-34.5543
5.80499	1141.26	-34.2164
5.80499	1152.03	-33.86
5.80499	1162.79	-33.4835
5.80499	1173.56	-33.0853
5.80499	1184.33	-32.6635
5.80499	1195.09	-32.2159
5.80499	1205.86	-31.74
5.80499	1216.63	-31.233
5.80499	1227.39	-30.6918
5.80499	1238.16	-30.1127
5.80499	1248.93	-29.4919
5.80499	1259.69	-28.8251
5.80499	1270.46	-28.1086
5.80499	1281.23	-27.3402
5.80499	1291.99	-26.5221
5.80499	1302.76	-25.669
5.80499	1313.53	-24.8264
5.80499	1324.29	-24.0998
5.80499	1335.06	-23.251
5.80499	1345.83	-15.9289
5.80499	1356.59	3.27536
5.80499	1367.36	29.6199
8.70748	0	15.4768
8.70748	10.7666	23.6569
8.70748	21.5332	5.12056
8.70748	32.2998	-14.4608
8.70748	43.0664	-8.28513
8.70748	53.833	-8.22267
8.70748	64.5996	-8.9289
8.70748	75.3662	-9.78712
8.70748	86.1328	-10.6478
8.70748	96.8994	-11.4676
8.70748	107.666	-12.235
8.70748	118.433	-12.9494
8.70748	129.199	-13.6137
8.70748	139.966	-14.2321
8.70748	150.732	-14.8089
8.70748	161.499	-15.3481
8.70748	172.266	-15.8532
8.70748	183.032	-16.3275
8.70748	193.799	-16.7737
8.70748	204.565	-17.1943
8.70748	215.332	-17.5914
8.70748	226.099	-17.9669
8.70748	236.865	-18.3224
8.70748	247.632	-18.6595
8.70748	258.398	-18.9794
8.70748	269.165	-19.2833
8.70748	279.932	-19.5722
8.70748	290.698	-19.847
8.70748	301.465	-20.1085
8.70748	312.231	-20.3576
8.70748	322.998	-20.5948
8.70748	333.765	-20.8208
8.70748	344.531	-21.0362
8.70748	355.298	-21.2414
8.70748	366.064	-21.4368
8.70748	376.831	-21.623
8.70748	387.598	-21.8002
8.70748	398.364	-21.9689
8.70748	409.131	-22.1293
8.70748	419.897	-22.2817
8.70748	430.664	-22.4265
8.70748	441.431	-22.5638
8.70748	452.197	-22.6939
8.70748	462.964	-22.817
8.70748	473.73	-22.9332
8.70748	484.497	-23.0429
8.70748	495.264	-23.146
8.70748	506.03	-23.2428
8.70748	516.797	-23.3335
8.70748	527.563	-23.418
8.70748	538.33	-23.4967
8.70748	549.097	-23.5694
8.70748	559.863	-23.6364
8.70748	570.63	-23.6978
8.70748	581.396	-23.7536
8.70748	592.163	-23.8038
8.70748	602.93	-23.8486
8.70748	613.696	-23.888
8.70748	624.463	-23.9221
8.70748	635.229	-23.9508
8.70748	645.996	-23.9743
8.70748	656.763	-23.9925
8.70748	667.529	-24.0055
8.70748	678.296	-24.0133
8.70748	689.062	-24.0159
8.70748	699.829	-24.0133
8.70748	710.596	-24.0055
8.70748	721.362	-23.9925
8.70748	732.129	-23.9743
8.70748	742.896	-23.9508
8.70748	753.662	-23.9221
8.70748	764.429	-23.888
8.70748	775.195	-23.8486
8.70748	785.962	-23.8038
8.70748	796.729	-23.7536
8.70748	807.495	-23.6978
8.70748	818.262	-23.6364
8.70748	829.028	-23.5694
8.70748	839.795	-23.4967
8.70748	850.562	-23.418
8.70748	861.328	-23.3335
8.70748	872.095	-23.2428
8.70748	882.861	-23.146
8.70748	893.628	-23.0429
8.70748	904.395	-22.9332
8.70748	915.161	-22.817
8.70748	925.928	-22.6939
8.70748	936.694	-22.5638
8.70748	947.461	-22.4265
8.70748	958.228	-22.2817
8.70748	968.994	-22.1293
8.70748	979.761	-21.9689
8.70748	990.527	-21.8002
8.70748	1001.29	-21.623
8.70748	1012.06	-21.4368
8.70748	1022.83	-21.2414
8.70748	1033.59	-21.0362
8.70748	1044.36	-20.8208
8.70748	1055.13	-20.5948
8.70748	1065.89	-20.3576
8.70748	1076.66	-20.1085
8.70748	1087.43	-19.847
8.70748	1098.19	-19.5722
8.70748	1108.96	-19.2833
8.70748	1119.73	-18.9794
8.70748	1130.49	-18.6595
8.70748	1141.26	-18.3224
8.70748	1152.03	-17.9669
8.70748	1162.79	-17.5914
8.70748	1173.56	-17.1943
8.70748	1184.33	-16.7737
8.70748	1195.09	-16.3275
8.70748	1205.86	-15.8532
8.70748	1216.63	-15.3481
8.70748	1227.39	-14.8089
8.70748	1238.16	-14.2321
8.70748	1248.93	-13.6137
8.70748	1259.69	-12.9494
8.70748	1270.46	-12.235
8.70748	1281.23	-11.4676
8.70748	1291.99	-10.6478
8.70748	1302.76	-9.78712
8.70748	1313.53	-8.9289
8.70748	1324.29	-8.22267
8.70748	1335.06	-8.28513
8.70748	1345.83	-14.4608
8.70748	1356.59	5.12056
8.70748	1367.36	23.6569
11.61	0	35.6271
11.61	10.7666	29.3095
11.61	21.5332	3.4827
11.61	32.2998	-15.7704
11.61	43.0664	-17.4466
11.61	53.833	-17.5848
11.61	64.5996	-18.2951
11.61	75.3662	-19.1502
11.61	86.1328	-20.0094
11.61	96.8994	-20.8288
11.61	107.666	-21.5964
11.61	118.433	-22.3112
11.61	129.199	-22.976
11.61	139.966	-23.5949
11.61	150.732	-24.1722
11.61	161.499	-24.7118
11.61	172.266	-25.2173
11.61	183.032	-25.6919
11.61	193.799	-26.1384
11.61	204.565	-26.5592
11.61	215.332	-26.9565
11.61	226.099	-27.3322
11.61	236.865	-27.6879
11.61	247.632	-28.0252
11.61	258.398	-28.3452
11.61	269.165	-28.6492
11.61	279.932	-28.9382
11.61	290.698	-29.2131
11.61	301.465	-29.4748
11.61	312.231	-29.7239
11.61	322.998	-29.9612
11.61	333.765	-30.1873
11.61	344.531	-30.4027
11.61	355.298	-30.6079
11.61	366.064	-30.8035
11.61	376.831	-30.9896
11.61	387.598	-31.1669
11.61	398.364	-31.3356
11.61	409.131	-31.4961
11.61	419.897	-31.6486
11.61	430.664	-31.7933
11.61	441.431	-31.9307
11.61	452.197	-32.0608
11.61	462.964	-32.1839
11.61	473.73	-32.3002
11.61	484.497	-32.4098
11.61	495.264	-32.513
11.61	506.03	-32.6099
11.61	516.797	-32.7005
11.61	527.563	-32.7851
11.61	538.33	-32.8637
11.61	549.097	-32.9365
11.61	559.863	-33.0035
11.61	570.63	-33.0649
11.61	581.396	-33.1206
11.61	592.163	-33.1709
11.61	602.93	-33.2157
11.61	613.696	-33.2551
11.61	624.463	-33.2892
11.61	635.229	-33.318
11.61	645.996	-33.3414
11.61	656.763	-33.3597
11.61	667.529	-33.3727
11.61	678.296	-33.3805
11.61	689.062	-33.3831
11.61	699.829	-33.3805
11.61	710.596	-33.3727
11.61	721.362	-33.3597
11.61	732.129	-33.3414
11.61	742.896	-33.318
11.61	753.662	-33.2892
11.61	764.429	-33.2551
11.61	775.195	-33.2157
11.61	785.962	-33.1709
11.61	796.729	-33.1206
11.61	807.495	-33.0649
11.61	818.262	-33.0035
11.61	829.028	-32.9365
11.61	839.795	-32.8637
11.61	850.562	-32.7851
11.61	861.328	-32.7005
11.61	872.095	-32.6099
11.61	882.861	-32.513
11.61	893.628	-32.4098
11.61	904.395	-32.3002
11.61	915.161	-32.1839
11.61	925.928	-32.0608
11.61	936.694	-31.9307
11.61	947.461	-31.7933
11.61	958.228	-31.6486
11.61	968.994	-31.4961
11.61	979.761	-31.3356
11.61	990.527	-31.1669
11.61	1001.29	-30.9896
11.61	1012.06	-30.8035
11.61	1022.83	-30.6079
11.61	1033.59	-30.4027
11.61	1044.36	-30.1873
11.61	1055.13	-29.9612
11.61	1065.89	-29.7239
11.61	1076.66	-29.4748
11.61	1087.43	-29.2131
11.61	1098.19	-28.9382
11.61	1108.96	-28.6492
11.61	1119.73	-28.3452
11.61	1130.49	-28.0252
11.61	1141.26	-27.6879
11.61	1152.03	-27.3322
11.61	1162.79	-26.9565
11.61	1173.56	-26.5592
11.61	1184.33	-26.1384
11.61	1195.09	-25.6919
11.61	1205.86	-25.2173
11.61	1216.63	-24.7118
11.61	1227.39	-24.1722
11.61	1238.16	-23.5949
11.61	1248.93	-22.976
11.61	1259.69	-22.3112
11.61	1270.46	-21.5964
11.61	1281.23	-20.8288
11.61	1291.99	-20.0094
11.61	1302.76	-19.1502
11.61	1313.53	-18.2951
11.61	1324.29	-17.5848
11.61	1335.06	-17.4466
11.61	1345.83	-15.7704
11.61	1356.59	3.4827
11.61	1367.36	29.3095
14.5125	0	31.1713
14.5125	10.7666	26.5397
14.5125	21.5332	4.6113
14.5125	32.2998	-14.8784
14.5125	43.0664	-9.89328
14.5125	53.833	-9.84296
14.5125	64.5996	-10.5494
14.5125	75.3662	-11.4075
14.5125	86.1328	-12.2681
14.5125	96.8994	-13.0879
14.5125	107.666	-13.8553
14.5125	118.433	-14.5696
14.5125	129.199	-15.234
14.5125	139.966	-15.8524
14.5125	150.732	-16.4293
14.5125	161.499	-16.9685
14.5125	172.266	-17.4736
14.5125	183.032	-17.9479
14.5125	193.799	-18.3941
14.5125	204.565	-18.8147
14.5125	215.332	-19.2118
14.5125	226.099	-19.5873
14.5125	236.865	-19.9429
14.5125	247.632	-20.28
14.5125	258.398	-20.5999
14.5125	269.165	-20.9038
14.5125	279.932	-21.1927
14.5125	290.698	-21.4675
14.5125	301.465	-21.7291
14.5125	312.231	-21.9781
14.5125	322.998	-22.2154
14.5125	333.765	-22.4414
14.5125	344.531	-22.6567
14.5125	355.298	-22.8619
14.5125	366.064	-23.0574
14.5125	376.831	-23.2435
14.5125	387.598	-23.4208
14.5125	398.364	-23.5894
14.5125	409.131	-23.7498
14.5125	419.897	-23.9023
14.5125	430.664	-24.0471
14.5125	441.431	-24.1844
14.5125	452.197	-24.3145
14.5125	462.964	-24.4375
14.5125	473.73	-24.5538
14.5125	484.497	-24.6634
14.5125	495.264	-24.7666
14.5125	506.03	-24.8634
14.5125	516.797	-24.954
14.5125	527.563	-25.0386
14.5125	538.33	-25.1172
14.5125	549.097	-25.19
14.5125	559.863	-25.257
14.5125	570.63	-25.3184
14.5125	581.396	-25.3741
14.5125	592.163	-25.4244
14.5125	602.93	-25.4692
14.5125	613.696	-25.5086
14.5125	624.463	-25.5427
14.5125	635.229	-25.5714
14.5125	645.996	-25.5949
14.5125	656.763	-25.6131
14.5125	667.529	-25.6261
14.5125	678.296	-25.6339
14.5125	689.062	-25.6365
14.5125	699.829	-25.6339
14.5125	710.596	-25.6261
14.5125	721.362	-25.6131
14.5125	732.129	-25.5949
14.5125	742.896	-25.5714
14.5125	753.662	-25.5427
14.5125	764.429	-25.5086
14.5125	775.195	-25.4692
14.5125	785.962	-25.4244
14.5125	796.729	-25.3741
14.5125	807.495	-25.3184
14.5125	818.262	-25.257
14.5125	829.028	-25.19
14.5125	839.795	-25.1172
14.5125	850.562	-25.0386
14.5125	861.328	-24.954
14.5125	872.095	-24.8634
14.5125	882.861	-24.7666
14.5125	893.628	-24.6634
14.5125	904.395	-24.5538
14.5125	915.161	-24.4375
14.5125	925.928	-24.3145
14.5125	936.694	-24.1844
14.5125	947.461	-24.0471
14.5125	958.228	-23.9023
14.5125	968.994	-23.7498
14.5125	979.761	-23.5894
14.5125	990.527	-23.4208
14.5125	1001.29	-23.2435
14.5125	1012.06	-23.0574
14.5125	1022.83	-22.8619
14.5125	1033.59	-22.6567
14.5125	1044.36	-22.4414
14.5125	1055.13	-22.2154
14.5125	1065.89	-21.9781
14.5125	1076.66	-21.7291
14.5125	1087.43	-21.4675
14.5125	1098.19	-21.1927
14.5125	1108.96	-20.9038
14.5125	1119.73	-20.5999
14.5125	1130.49	-20.28
14.5125	1141.26	-19.9429
14.5125	1152.03	-19.5873
14.5125	1162.79	-19.2118
14.5125	1173.56	-18.8147
14.5125	1184.33	-18.3941
14.5125	1195.09	-17.9479
14.5125	1205.86	-17.4736
14.5125	1216.63	-16.9685
14.5125	1227.39	-16.4293
14.5125	1238.16	-15.8524
14.5125	1248.93	-15.234
14.5125	1259.69	-14.5696
14.5125	1270.46	-13.8553
14.5125	1281.23	-13.0879
14.5125	1291.99	-12.2681
14.5125	1302.76	-11.4075
14.5125	1313.53	-10.5494
14.5125	1324.29	-9.84296
14.5125	1335.06	-9.89328
14.5125	1345.83	-14.8784
14.5125	1356.59	4.6113
14.5125	1367.36	26.5397
17.415	0	32.534
17.415	10.7666	27.2723
17.415	21.5332	4.40165
17.415	32.2998	-15.0477
17.415	43.0664	-10.7012
17.415	53.833	-10.659
17.415	64.5996	-11.3656
17.415	75.3662	-12.2235
17.415	86.1328	-13.0841
17.415	96.8994	-13.9038
17.415	107.666	-14.6713
17.415	118.433	-15.3856
17.415	129.199	-16.05
17.415	139.966	-16.6685
17.415	150.732	-17.2453
17.415	161.499	-17.7845
17.415	172.266	-18.2897
17.415	183.032	-18.764
17.415	193.799	-19.2102
17.415	204.565	-19.6309
17.415	215.332	-20.028
17.415	226.099	-20.4035
17.415	236.865	-20.7591
17.415	247.632	-21.0961
17.415	258.398	-21.4161
17.415	269.165	-21.72
17.415	279.932	-22.0089
17.415	290.698	-22.2837
17.415	301.465	-22.5453
17.415	312.231	-22.7943
17.415	322.998	-23.0316
17.415	333.765	-23.2576
17.415	344.531	-23.4729
17.415	355.298	-23.6781
17.415	366.064	-23.8736
17.415	376.831	-24.0597
17.415	387.598	-24.237
17.415	398.364	-24.4056
17.415	409.131	-24.566
17.415	419.897	-24.7185
17.415	430.664	-24.8633
17.415	441.431	-25.0006
17.415	452.197	-25.1307
17.415	462.964	-25.2538
17.415	473.73	-25.37
17.415	484.497	-25.4797
17.415	495.264	-25.5828
17.415	506.03	-25.6796
17.415	516.797	-25.7703
17.415	527.563	-25.8548
17.415	538.33	-25.9334
17.415	549.097	-26.0062
17.415	559.863	-26.0732
17.415	570.63	-26.1346
17.415	581.396	-26.1904
17.415	592.163	-26.2406
17.415	602.93	-26.2854
17.415	613.696	-26.3248
17.415	624.463	-26.3589
17.415	635.229	-26.3876
17.415	645.996	-26.4111
17.415	656.763	-26.4293
17.415	667.529	-26.4423
17.415	678.296	-26.4501
17.415	689.062	-26.4527
17.415	699.829	-26.4501
17.415	710.596	-26.4423
17.415	721.362	-26.4293
17.415	732.129	-26.4111
17.415	742.896	-26.3876
17.415	753.662	-26.3589
17.415	764.429	-26.3248
17.415	775.195	-26.2854
17.415	785.962	-26.2406
17.415	796.729	-26.1904
17.415	807.495	-26.1346
17.415	818.262	-26.0732
17.415	829.028	-26.0062
17.415	839.795	-25.9334
17.415	850.562	-25.8548
17.415	861.328	-25.7703
17.415	872.095	-25.6796
17.415	882.861	-25.5828
17.415	893.628	-25.4797
17.415	904.395	-25.37
17.415	915.161	-25.2538
17.415	925.928	-25.1307
17.415	936.694	-25.0006
17.415	947.461	-24.8633
17.415	958.228	-24.7185
17.415	968.994	-24.566
17.415	979.761	-24.4056
17.415	990.527	-24.237
17.415	1001.29	-24.0597
17.415	1012.06	-23.8736
17.415	1022.83	-23.6781
17.415	1033.59	-23.4729
17.415	1044.36	-23.2576
17.415	1055.13	-23.0316
17.415	1065.89	-22.7943
17.415	1076.66	-22.5453
17.415	1087.43	-22.2837
17.415	1098.19	-22.0089
17.415	1108.96	-21.72
17.415	1119.73	-21.4161
17.415	1130.49	-21.0961
17.415	1141.26	-20.7591
17.415	1152.03	-20.4035
17.415	1162.79	-20.028
17.415	1173.56	-19.6309
17.415	1184.33	-19.2102
17.415	1195.09	-18.764
17.415	1205.86	-18.2897
17.415	1216.63	-17.7845
17.415	1227.39	-17.2453
17.415	1238.16	-16.6685
17.415	1248.93	-16.05
17.415	1259.69	-15.3856
17.415	1270.46	-14.6713
17.415	1281.23	-13.9038
17.415	1291.99	-13.0841
17.415	1302.76	-12.2235
17.415	1313.53	-11.3656
17.415	1324.29	-10.659
17.415	1335.06	-10.7012
17.415	1345.83	-15.0477
17.415	1356.59	4.40165
17.415	1367.36	27.2723
20.3175	0	35.1742
20.3175	10.7666	28.9813
20.3175	21.5332	3.67723
20.3175	32.2998	-15.6202
20.3175	43.0664	-15.0802
20.3175	53.833	-15.1213
20.3175	64.5996	-15.8296
20.3175	75.3662	-16.6862
20.3175	86.1328	-17.5461
20.3175	96.8994	-18.3657
20.3175	107.666	-19.1333
20.3175	118.433	-19.8478
20.3175	129.199	-20.5124
20.3175	139.966	-21.131
20.3175	150.732	-21.7081
20.3175	161.499	-22.2475
20.3175	172.266	-22.7528
20.3175	183.032	-23.2272
20.3175	193.799	-23.6736
20.3175	204.565	-24.0943
20.3175	215.332	-24.4915
20.3175	226.099	-24.8671
20.3175	236.865	-25.2227
20.3175	247.632	-25.5599
20.3175	258.398	-25.8799
20.3175	269.165	-26.1838
20.3175	279.932	-26.4728
20.3175	290.698	-26.7476
20.3175	301.465	-27.0092
20.3175	312.231	-27.2583
20.3175	322.998	-27.4956
20.3175	333.765	-27.7217
20.3175	344.531	-27.937
20.3175	355.298	-28.1422
20.3175	366.064	-28.3377
20.3175	376.831	-28.5239
20.3175	387.598	-28.7011
20.3175	398.364	-28.8698
20.3175	409.131	-29.0303
20.3175	419.897	-29.1827
20.3175	430.664	-29.3275
20.3175	441.431	-29.4648
20.3175	452.197	-29.5949
20.3175	462.964	-29.718
20.3175	473.73	-29.8343
20.3175	484.497	-29.9439
20.3175	495.264	-30.0471
20.3175	506.03	-30.1439
20.3175	516.797	-30.2346
20.3175	527.563	-30.3191
20.3175	538.33	-30.3978
20.3175	549.097	-30.4705
20.3175	559.863	-30.5376
20.3175	570.63	-30.5989
20.3175	581.396	-30.6547
20.3175	592.163	-30.705
20.3175	602.93	-30.7498
20.3175	613.696	-30.7892
20.3175	624.463	-30.8232
20.3175	635.229	-30.852
20.3175	645.996	-30.8754
20.3175	656.763	-30.8937
20.3175	667.529	-30.9067
20.3175	678.296	-30.9145
20.3175	689.062	-30.9171
20.3175	699.829	-30.9145
20.3175	710.596	-30.9067
20.3175	721.362	-30.8937
20.3175	732.129	-30.8754
20.3175	742.896	-30.852
20.3175	753.662	-30.8232
20.3175	764.429	-30.7892
20.3175	775.195	-30.7498
20.3175	785.962	-30.705
20.3175	796.729	-30.6547
20.3175	807.495	-30.5989
20.3175	818.262	-30.5376
20.3175	829.028	-30.4705
20.3175	839.795	-30.3978
20.3175	850.562	-30.3191
20.3175	861.328	-30.2346
20.3175	872.095	-30.1439
20.3175	882.861	-30.0471
20.3175	893.628	-29.9439
20.3175	904.395	-29.8343
20.3175	915.161	-29.718
20.3175	925.928	-29.5949
20.3175	936.694	-29.4648
20.3175	947.461	-29.3275
20.3175	958.228	-29.1827
20.3175	968.994	-29.0303
20.3175	979.761	-28.8698
20.3175	990.527	-28.7011
20.3175	1001.29	-28.5239
20.3175	1012.06	-28.3377
20.3175	1022.83	-28.1422
20.3175	1033.59	-27.937
20.3175	1044.36	-27.7217
20.3175	1055.13	-27.4956
20.3175	1065.89	-27.2583
20.3175	1076.66	-27.0092
20.3175	1087.43	-26.7476
20.3175	1098.19	-26.4728
20.3175	1108.96	-26.1838
20.3175	1119.73	-25.8799
20.3175	1130.49	-25.5599
20.3175	1141.26	-25.2227
20.3175	1152.03	-24.8671
20.3175	1162.79	-24.4915
20.3175	1173.56	-24.0943
20.3175	1184.33	-23.6736
20.3175	1195.09	-23.2272
20.3175	1205.86	-22.7528
20.3175	1216.63	-22.2475
20.3175	1227.39	-21.7081
20.3175	1238.16	-21.131
20.3175	1248.93	-20.5124
20.3175	1259.69	-19.8478
20.3175	1270.46	-19.1333
20.3175	1281.23	-18.3657
20.3175	1291.99	-17.5461
20.3175	1302.76	-16.6862
20.3175	1313.53	-15.8296
20.3175	1324.29	-15.1213
20.3175	1335.06	-15.0802
20.3175	1345.83	-15.6202
20.3175	1356.59	3.67723
20.3175	1367.36	28.9813
23.22	0	22.6866
23.22	10.7666	24.1147
23.22	21.5332	5.06349
23.22	32.2998	-14.508
23.22	43.0664	-8.44667
23.22	53.833	-8.38523
23.22	64.5996	-9.09148
23.22	75.3662	-9.94969
23.22	86.1328	-10.8104
23.22	96.8994	-11.6302
23.22	107.666	-12.3976
23.22	118.433	-13.1119
23.22	129.199	-13.7762
23.22	139.966	-14.3946
23.22	150.732	-14.9715
23.22	161.499	-15.5106
23.22	172.266	-16.0158
23.22	183.032	-16.4901
23.22	193.799	-16.9363
23.22	204.565	-17.3568
23.22	215.332	-17.7539
23.22	226.099	-18.1294
23.22	236.865	-18.485
23.22	247.632	-18.8221
23.22	258.398	-19.142
23.22	269.165	-19.4459
23.22	279.932	-19.7347
23.22	290.698	-20.0096
23.22	301.465	-20.2711
23.22	312.231	-20.5202
23.22	322.998	-20.7574
23.22	333.765	-20.9834
23.22	344.531	-21.1988
23.22	355.298	-21.4039
23.22	366.064	-21.5994
23.22	376.831	-21.7856
23.22	387.598	-21.9628
23.22	398.364	-22.1314
23.22	409.131	-22.2919
23.22	419.897	-22.4443
23.22	430.664	-22.5891
23.22	441.431	-22.7264
23.22	452.197	-22.8565
23.22	462.964	-22.9796
23.22	473.73	-23.0958
23.22	484.497	-23.2055
23.22	495.264	-23.3086
23.22	506.03	-23.4054
23.22	516.797	-23.4961
23.22	527.563	-23.5806
23.22	538.33	-23.6592
23.22	549.097	-23.732
23.22	559.863	-23.799
23.22	570.63	-23.8604
23.22	581.396	-23.9161
23.22	592.163	-23.9664
23.22	602.93	-24.0112
23.22	613.696	-24.0506
23.22	624.463	-24.0847
23.22	635.229	-24.1134
23.22	645.996	-24.1369
23.22	656.763	-24.1551
23.22	667.529	-24.1681
23.22	678.296	-24.1759
23.22	689.062	-24.1785
23.22	699.829	-24.1759
23.22	710.596	-24.1681
23.22	721.362	-24.1551
23.22	732.129	-24.1369
23.22	742.896	-24.1134
23.22	753.662	-24.0847
23.22	764.429	-24.0506
23.22	775.195	-24.0112
23.22	785.962	-23.9664
23.22	796.729	-23.9161
23.22	807.495	-23.8604
23.22	818.262	-23.799
23.22	829.028	-23.732
23.22	839.795	-23.6592
23.22	850.562	-23.5806
23.22	861.328	-23.4961
23.22	872.095	-23.4054
23.22	882.861	-23.3086
23.22	893.628	-23.2055
23.22	904.395	-23.0958
23.22	915.161	-22.9796
23.22	925.928	-22.8565
23.22	936.694	-22.7264
23.22	947.461	-22.5891
23.22	958.228	-22.4443
23.22	968.994	-22.2919
23.22	979.761	-22.1314
23.22	990.527	-21.9628
23.22	1001.29	-21.7856
23.22	1012.06	-21.5994
23.22	1022.83	-21.4039
23.22	1033.59	-21.1988
23.22	1044.36	-20.9834
23.22	1055.13	-20.7574
23.22	1065.89	-20.5202
23.22	1076.66	-20.2711
23.22	1087.43	-20.0096
23.22	1098.19	-19.7347
23.22	1108.96	-19.4459
23.22	1119.73	-19.142
23.22	1130.49	-18.8221
23.22	1141.26	-18.485
23.22	1152.03	-18.1294
23.22	1162.79	-17.7539
23.22	1173.56	-17.3568
23.22	1184.33	-16.9363
23.22	1195.09	-16.4901
23.22	1205.86	-16.0158
23.22	1216.63	-15.5106
23.22	1227.39	-14.9715
23.22	1238.16	-14.3946
23.22	1248.93	-13.7762
23.22	1259.69	-13.1119
23.22	1270.46	-12.3976
23.22	1281.23	-11.6302
23.22	1291.99	-10.8104
23.22	1302.76	-9.94969
23.22	1313.53	-9.09148
23.22	1324.29	-8.38523
23.22	1335.06	-8.44667
23.22	1345.83	-14.508
23.22	1356.59	5.06349
23.22	1367.36	24.1147
26.1224	0	36.1495
26.1224	10.7666	29.6995
26.1224	21.5332	3.21801
26.1224	32.2998	-15.9724
26.1224	43.0664	-29.319
26.1224	53.833	-35.9207
26.1224	64.5996	-36.9553
26.1224	75.3662	-37.5593
26.1224	86.1328	-38.3019
26.1224	96.8994	-39.0952
26.1224	107.666	-39.8784
26.1224	118.433	-40.6256
26.1224	129.199	-41.3282
26.1224	139.966	-41.9848
26.1224	150.732	-42.5974
26.1224	161.499	-43.1692
26.1224	172.266	-43.7036
26.1224	183.032	-44.2039
26.1224	193.799	-44.6732
26.1224	204.565	-45.1142
26.1224	215.332	-45.5295
26.1224	226.099	-45.921
26.1224	236.865	-46.291
26.1224	247.632	-46.6408
26.1224	258.398	-46.9722
26.1224	269.165	-47.2863
26.1224	279.932	-47.5844
26.1224	290.698	-47.8676
26.1224	301.465	-48.1366
26.1224	312.231	-48.3925
26.1224	322.998	-48.636
26.1224	333.765	-48.8675
26.1224	344.531	-49.0881
26.1224	355.298	-49.2979
26.1224	366.064	-49.4976
26.1224	376.831	-49.6877
26.1224	387.598	-49.8685
26.1224	398.364	-50.0404
26.1224	409.131	-50.2039
26.1224	419.897	-50.3591
26.1224	430.664	-50.5064
26.1224	441.431	-50.6461
26.1224	452.197	-50.7783
26.1224	462.964	-50.9035
26.1224	473.73	-51.0216
26.1224	484.497	-51.1328
26.1224	495.264	-51.2377
26.1224	506.03	-51.3358
26.1224	516.797	-51.4278
26.1224	527.563	-51.5136
26.1224	538.33	-51.5933
26.1224	549.097	-51.667
26.1224	559.863	-51.735
26.1224	570.63	-51.7971
26.1224	581.396	-51.8536
26.1224	592.163	-51.9046
26.1224	602.93	-51.9499
26.1224	613.696	-51.9899
26.1224	624.463	-52.0243
26.1224	635.229	-52.0535
26.1224	645.996	-52.0772
26.1224	656.763	-52.0956
26.1224	667.529	-52.1089
26.1224	678.296	-52.1167
26.1224	689.062	-52.1194
26.1224	699.829	-52.1167
26.1224	710.596	-52.1089
26.1224	721.362	-52.0956
26.1224	732.129	-52.0772
26.1224	742.896	-52.0535
26.1224	753.662	-52.0243
26.1224	764.429	-51.9899
26.1224	775.195	-51.9499
26.1224	785.962	-51.9046
26.1224	796.729	-51.8536
26.1224	807.495	-51.7971
26.1224	818.262	-51.735
26.1224	829.028	-51.667
26.1224	839.795	-51.5933
26.1224	850.562	-51.5136
26.1224	861.328	-51.4278
26.1224	872.095	-51.3358
26.1224	882.861	-51.2377
26.1224	893.628	-51.1328
26.1224	904.395	-51.0216
26.1224	915.161	-50.9035
26.1224	925.928	-50.7783
26.1224	936.694	-50.6461
26.1224	947.461	-50.5064
26.1224	958.228	-50.3591
26.1224	968.994	-50.2039
26.1224	979.761	-50.0404
26.1224	990.527	-49.8685
26.1224	1001.29	-49.6877
26.1224	1012.06	-49.4976
26.1224	1022.83	-49.2979
26.1224	1033.59	-49.0881
26.1224	1044.36	-48.8675
26.1224	1055.13	-48.636
26.1224	1065.89	-48.3925
26.1224	1076.66	-48.1366
26.1224	1087.43	-47.8676
26.1224	1098.19	-47.5844
26.1224	1108.96	-47.2863
26.1224	1119.73	-46.9722
26.1224	1130.49	-46.6408
26.1224	1141.26	-46.291
26.1224	1152.03	-45.921
26.1224	1162.79	-45.5295
26.1224	1173.56	-45.1142
26.1224	1184.33	-44.6732
26.1224	1195.09	-44.2039
26.1224	1205.86	-43.7036
26.1224	1216.63	-43.1692
26.1224	1227.39	-42.5974
26.1224	1238.16	-41.9848
26.1224	1248.93	-41.3282
26.1224	1259.69	-40.6256
26.1224	1270.46	-39.8784
26.1224	1281.23	-39.0952
26.1224	1291.99	-38.3019
26.1224	1302.76	-37.5593
26.1224	1313.53	-36.9553
26.1224	1324.29	-35.9207
26.1224	1335.06	-29.319
26.1224	1345.83	-15.9724
26.1224	1356.59	3.21801
26.1224	1367.36	29.6995
29.0249	0	25.3422
29.0249	10.7666	24.5449
29.0249	21.5332	5.00327
29.0249	32.2998	-14.5577
29.0249	43.0664	-8.62148
29.0249	53.833	-8.56119
29.0249	64.5996	-9.26747
29.0249	75.3662	-10.1257
29.0249	86.1328	-10.9863
29.0249	96.8994	-11.8061
29.0249	107.666	-12.5736
29.0249	118.433	-13.2879
29.0249	129.199	-13.9522
29.0249	139.966	-14.5706
29.0249	150.732	-15.1474
29.0249	161.499	-15.6866
29.0249	172.266	-16.1918
29.0249	183.032	-16.666
29.0249	193.799	-17.1122
29.0249	204.565	-17.5328
29.0249	215.332	-17.9299
29.0249	226.099	-18.3054
29.0249	236.865	-18.661
29.0249	247.632	-18.9981
29.0249	258.398	-19.318
29.0249	269.165	-19.6218
29.0249	279.932	-19.9107
29.0249	290.698	-20.1855
29.0249	301.465	-20.4471
29.0249	312.231	-20.6962
29.0249	322.998	-20.9334
29.0249	333.765	-21.1594
29.0249	344.531	-21.3748
29.0249	355.298	-21.5799
29.0249	366.064	-21.7754
29.0249	376.831	-21.9615
29.0249	387.598	-22.1388
29.0249	398.364	-22.3074
29.0249	409.131	-22.4679
29.0249	419.897	-22.6203
29.0249	430.664	-22.7651
29.0249	441.431	-22.9024
29.0249	452.197	-23.0325
29.0249	462.964	-23.1555
29.0249	473.73	-23.2718
29.0249	484.497	-23.3814
29.0249	495.264	-23.4846
29.0249	506.03	-23.5814
29.0249	516.797	-23.672
29.0249	527.563	-23.7566
29.0249	538.33	-23.8352
29.0249	549.097	-23.908
29.0249	559.863	-23.975
29.0249	570.63	-24.0364
29.0249	581.396	-24.0921
29.0249	592.163	-24.1424
29.0249	602.93	-24.1872
29.0249	613.696	-24.2266
29.0249	624.463	-24.2607
29.0249	635.229	-24.2894
29.0249	645.996	-24.3129
29.0249	656.763	-24.3311
29.0249	667.529	-24.3441
29.0249	678.296	-24.3519
29.0249	689.062	-24.3545
29.0249	699.829	-24.3519
29.0249	710.596	-24.3441
29.0249	721.362	-24.3311
29.0249	732.129	-24.3129
29.0249	742.896	-24.2894
29.0249	753.662	-24.2607
29.0249	764.429	-24.2266
29.0249	775.195	-24.1872
29.0249	785.962	-24.1424
29.0249	796.729	-24.0921
29.0249	807.495	-24.0364
29.0249	818.262	-23.975
29.0249	829.028	-23.908
29.0249	839.795	-23.8352
29.0249	850.562	-23.7566
29.0249	861.328	-23.672
29.0249	872.095	-23.5814
29.0249	882.861	-23.4846
29.0249	893.628	-23.3814
29.0249	904.395	-23.2718
29.0249	915.161	-23.1555
29.0249	925.928	-23.0325
29.0249	936.694	-22.9024
29.0249	947.461	-22.7651
29.0249	958.228	-22.6203
29.0249	968.994	-22.4679
29.0249	979.761	-22.3074
29.0249	990.527	-22.1388
29.0249	1001.29	-21.9615
29.0249	1012.06	-21.7754
29.0249	1022.83	-21.5799
29.0249	1033.59	-21.3748
29.0249	1044.36	-21.1594
29.0249	1055.13	-20.9334
29.0249	1065.89	-20.6962
29.0249	1076.66	-20.4471
29.0249	1087.43	-20.1855
29.0249	1098.19	-19.9107
29.0249	1108.96	-19.6218
29.0249	1119.73	-19.318
29.0249	1130.49	-18.9981
29.0249	1141.26	-18.661
29.0249	1152.03	-18.3054
29.0249	1162.79	-17.9299
29.0249	1173.56	-17.5328
29.0249	1184.33	-17.1122
29.0249	1195.09	-16.666
29.0249	1205.86	-16.1918
29.0249	1216.63	-15.6866
29.0249	1227.39	-15.1474
29.0249	1238.16	-14.5706
29.0249	1248.93	-13.9522
29.0249	1259.69	-13.2879
29.0249	1270.46	-12.5736
29.0249	1281.23	-11.8061
29.0249	1291.99	-10.9863
29.0249	1302.76	-10.1257
29.0249	1313.53	-9.26747
29.0249	1324.29	-8.56119
29.0249	1335.06	-8.62148
29.0249	1345.83	-14.5577
29.0249	1356.59	5.00327
29.0249	1367.36	24.5449
31.9274	0	34.7969
31.9274	10.7666	28.7153
31.9274	21.5332	3.81887
31.9274	32.2998	-15.5099
31.9274	43.0664	-13.8812
31.9274	53.833	-13.8904
31.9274	64.5996	-14.5981
31.9274	75.3662	-15.4552
31.9274	86.1328	-16.3154
31.9274	96.8994	-17.1351
31.9274	107.666	-17.9025
31.9274	118.433	-18.617
31.9274	129.199	-19.2815
31.9274	139.966	-19.9001
31.9274	150.732	-20.4771
31.9274	161.499	-21.0164
31.9274	172.266	-21.5216
31.9274	183.032	-21.996
31.9274	193.799	-22.4423
31.9274	204.565	-22.863
31.9274	215.332	-23.2602
31.9274	226.099	-23.6357
31.9274	236.865	-23.9914
31.9274	247.632	-24.3285
31.9274	258.398	-24.6484
31.9274	269.165	-24.9524
31.9274	279.932	-25.2413
31.9274	290.698	-25.5161
31.9274	301.465	-25.7777
31.9274	312.231	-26.0268
31.9274	322.998	-26.2641
31.9274	333.765	-26.4901
31.9274	344.531	-26.7055
31.9274	355.298	-26.9107
31.9274	366.064	-27.1062
31.9274	376.831	-27.2923
31.9274	387.598	-27.4696
31.9274	398.364	-27.6383
31.9274	409.131	-27.7987
31.9274	419.897	-27.9511
31.9274	430.664	-28.0959
31.9274	441.431	-28.2332
31.9274	452.197	-28.3633
31.9274	462.964	-28.4864
31.9274	473.73	-28.6027
31.9274	484.497	-28.7123
31.9274	495.264	-28.8155
31.9274	506.03	-28.9123
31.9274	516.797	-29.003
31.9274	527.563	-29.0875
31.9274	538.33	-29.1661
31.9274	549.097	-29.2389
31.9274	559.863	-29.3059
31.9274	570.63	-29.3673
31.9274	581.396	-29.4231
31.9274	592.163	-29.4733
31.9274	602.93	-29.5181
31.9274	613.696	-29.5575
31.9274	624.463	-29.5916
31.9274	635.229	-29.6203
31.9274	645.996	-29.6438
31.9274	656.763	-29.662
31.9274	667.529	-29.6751
31.9274	678.296	-29.6828
31.9274	689.062	-29.6855
31.9274	699.829	-29.6828
31.9274	710.596	-29.6751
31.9274	721.362	-29.662
31.9274	732.129	-29.6438
31.9274	742.896	-29.6203
31.9274	753.662	-29.5916
31.9274	764.429	-29.5575
31.9274	775.195	-29.5181
31.9274	785.962	-29.4733
31.9274	796.729	-29.4231
31.9274	807.495	-29.3673
31.9274	818.262	-29.3059
31.9274	829.028	-29.2389
31.9274	839.795	-29.1661
31.9274	850.562	-29.0875
31.9274	861.328	-29.003
31.9274	872.095	-28.9123
31.9274	882.861	-28.8155
31.9274	893.628	-28.7123
31.9274	904.395	-28.6027
31.9274	915.161	-28.4864
31.9274	925.928	-28.3633
31.9274	936.694	-28.2332
31.9274	947.461	-28.0959
31.9274	958.228	-27.9511
31.9274	968.994	-27.7987
31.9274	979.761	-27.6383
31.9274	990.527	-27.4696
31.9274	1001.29	-27.2923
31.9274	1012.06	-27.1062
31.9274	1022.83	-26.9107
31.9274	1033.59	-26.7055
31.9274	1044.36	-26.4901
31.9274	1055.13	-26.2641
31.9274	1065.89	-26.0268
31.9274	1076.66	-25.7777
31.9274	1087.43	-25.5161
31.9274	1098.19	-25.2413
31.9274	1108.96	-24.9524
31.9274	1119.73	-24.6484
31.9274	1130.49	-24.3285
31.9274	1141.26	-23.9914
31.9274	1152.03	-23.6357
31.9274	1162.79	-23.2602
31.9274	1173.56	-22.863
31.9274	1184.33	-22.4423
31.9274	1195.09	-21.996
31.9274	1205.86	-21.5216
31.9274	1216.63	-21.0164
31.9274	1227.39	-20.4771
31.9274	1238.16	-19.9001
31.9274	1248.93	-19.2815
31.9274	1259.69	-18.617
31.9274	1270.46	-17.9025
31.9274	1281.23	-17.1351
31.9274	1291.99	-16.3154
31.9274	1302.76	-15.4552
31.9274	1313.53	-14.5981
31.9274	1324.29	-13.8904
31.9274	1335.06	-13.8812
31.9274	1345.83	-15.5099
31.9274	1356.59	3.81887
31.9274	1367.36	28.7153
34.8299	0	33.2528
34.8299	10.7666	27.7009
34.8299	21.5332	4.25567
34.8299	32.2998	-15.1647
34.8299	43.0664	-11.3394
34.8299	53.833	-11.3046
34.8299	64.5996	-12.0114
34.8299	75.3662	-12.8692
34.8299	86.1328	-13.7297
34.8299	96.8994	-14.5495
34.8299	107.666	-15.3169
34.8299	118.433	-16.0313
34.8299	129.199	-16.6957
34.8299	139.966	-17.3141
34.8299	150.732	-17.891
34.8299	161.499	-18.4302
34.8299	172.266	-18.9354
34.8299	183.032	-19.4098
34.8299	193.799	-19.856
34.8299	204.565	-20.2766
34.8299	215.332	-20.6737
34.8299	226.099	-21.0493
34.8299	236.865	-21.4048
34.8299	247.632	-21.7419
34.8299	258.398	-22.0619
34.8299	269.165	-22.3658
34.8299	279.932	-22.6547
34.8299	290.698	-22.9295
34.8299	301.465	-23.1911
34.8299	312.231	-23.4401
34.8299	322.998	-23.6774
34.8299	333.765	-23.9034
34.8299	344.531	-24.1188
34.8299	355.298	-24.3239
34.8299	366.064	-24.5194
34.8299	376.831	-24.7056
34.8299	387.598	-24.8828
34.8299	398.364	-25.0515
34.8299	409.131	-25.2119
34.8299	419.897	-25.3643
34.8299	430.664	-25.5091
34.8299	441.431	-25.6464
34.8299	452.197	-25.7765
34.8299	462.964	-25.8996
34.8299	473.73	-26.0159
34.8299	484.497	-26.1255
34.8299	495.264	-26.2286
34.8299	506.03	-26.3255
34.8299	516.797	-26.4161
34.8299	527.563	-26.5007
34.8299	538.33	-26.5793
34.8299	549.097	-26.652
34.8299	559.863	-26.7191
34.8299	570.63	-26.7804
34.8299	581.396	-26.8362
34.8299	592.163	-26.8865
34.8299	602.93	-26.9313
34.8299	613.696	-26.9707
34.8299	624.463	-27.0047
34.8299	635.229	-27.0335
34.8299	645.996	-27.0569
34.8299	656.763	-27.0752
34.8299	667.529	-27.0882
34.8299	678.296	-27.096
34.8299	689.062	-27.0986
34.8299	699.829	-27.096
34.8299	710.596	-27.0882
34.8299	721.362	-27.0752
34.8299	732.129	-27.0569
34.8299	742.896	-27.0335
34.8299	753.662	-27.0047
34.8299	764.429	-26.9707
34.8299	775.195	-26.9313
34.8299	785.962	-26.8865
34.8299	796.729	-26.8362
34.8299	807.495	-26.7804
34.8299	818.262	-26.7191
34.8299	829.028	-26.652
34.8299	839.795	-26.5793
34.8299	850.562	-26.5007
34.8299	861.328	-26.4161
34.8299	872.095	-26.3255
34.8299	882.861	-26.2286
34.8299	893.628	-26.1255
34.8299	904.395	-26.0159
34.8299	915.161	-25.8996
34.8299	925.928	-25.7765
34.8299	936.694	-25.6464
34.8299	947.461	-25.5091
34.8299	958.228	-25.3643
34.8299	968.994	-25.2119
34.8299	979.761	-25.0515
34.8299	990.527	-24.8828
34.8299	1001.29	-24.7056
34.8299	1012.06	-24.5194
34.8299	1022.83	-24.3239
34.8299	1033.59	-24.1188
34.8299	1044.36	-23.9034
34.8299	1055.13	-23.6774
34.8299	1065.89	-23.4401
34.8299	1076.66	-23.1911
34.8299	1087.43	-22.9295
34.8299	1098.19	-22.6547
34.8299	1108.96	-22.3658
34.8299	1119.73	-22.0619
34.8299	1130.49	-21.7419
34.8299	1141.26	-21.4048
34.8299	1152.03	-21.0493
34.8299	1162.79	-20.6737
34.8299	1173.56	-20.2766
34.8299	1184.33	-19.856
34.8299	1195.09	-19.4098
34.8299	1205.86	-18.9354
34.8299	1216.63	-18.4302
34.8299	1227.39	-17.891
34.8299	1238.16	-17.3141
34.8299	1248.93	-16.6957
34.8299	1259.69	-16.0313
34.8299	1270.46	-15.3169
34.8299	1281.23	-14.5495
34.8299	1291.99	-13.7297
34.8299	1302.76	-12.8692
34.8299	1313.53	-12.0114
34.8299	1324.29	-11.3046
34.8299	1335.06	-11.3394
34.8299	1345.83	-15.1647
34.8299	1356.59	4.25567
34.8299	1367.36	27.7009
37.7324	0	30.0818
37.7324	10.7666	26.0306
37.7324	21.5332	4.73279
37.7324	32.2998	-14.7796
37.7324	43.0664	-9.47072
37.7324	53.833	-9.41676
37.7324	64.5996	-10.1232
37.7324	75.3662	-10.9813
37.7324	86.1328	-11.8419
37.7324	96.8994	-12.6617
37.7324	107.666	-13.4291
37.7324	118.433	-14.1434
37.7324	129.199	-14.8078
37.7324	139.966	-15.4262
37.7324	150.732	-16.003
37.7324	161.499	-16.5422
37.7324	172.266	-17.0474
37.7324	183.032	-17.5217
37.7324	193.799	-17.9679
37.7324	204.565	-18.3885
37.7324	215.332	-18.7856
37.7324	226.099	-19.1611
37.7324	236.865	-19.5166
37.7324	247.632	-19.8537
37.7324	258.398	-20.1736
37.7324	269.165	-20.4775
37.7324	279.932	-20.7664
37.7324	290.698	-21.0412
37.7324	301.465	-21.3028
37.7324	312.231	-21.5519
37.7324	322.998	-21.7891
37.7324	333.765	-22.0151
37.7324	344.531	-22.2305
37.7324	355.298	-22.4356
37.7324	366.064	-22.6311
37.7324	376.831	-22.8172
37.7324	387.598	-22.9945
37.7324	398.364	-23.1631
37.7324	409.131	-23.3236
37.7324	419.897	-23.476
37.7324	430.664	-23.6208
37.7324	441.431	-23.7581
37.7324	452.197	-23.8882
37.7324	462.964	-24.0113
37.7324	473.73	-24.1275
37.7324	484.497	-24.2372
37.7324	495.264	-24.3403
37.7324	506.03	-24.4371
37.7324	516.797	-24.5278
37.7324	527.563	-24.6123
37.7324	538.33	-24.6909
37.7324	549.097	-24.7637
37.7324	559.863	-24.8307
37.7324	570.63	-24.8921
37.7324	581.396	-24.9479
37.7324	592.163	-24.9981
37.7324	602.93	-25.0429
37.7324	613.696	-25.0823
37.7324	624.463	-25.1164
37.7324	635.229	-25.1451
37.7324	645.996	-25.1686
37.7324	656.763	-25.1868
37.7324	667.529	-25.1998
37.7324	678.296	-25.2076
37.7324	689.062	-25.2102
37.7324	699.829	-25.2076
37.7324	710.596	-25.1998
37.7324	721.362	-25.1868
37.7324	732.129	-25.1686
37.7324	742.896	-25.1451
37.7324	753.662	-25.1164
37.7324	764.429	-25.0823
37.7324	775.195	-25.0429
37.7324	785.962	-24.9981
37.7324	796.729	-24.9479
37.7324	807.495	-24.8921
37.7324	818.262	-24.8307
37.7324	829.028	-24.7637
37.7324	839.795	-24.6909
37.7324	850.562	-24.6123
37.7324	861.328	-24.5278
37.7324	872.095	-24.4371
37.7324	882.861	-24.3403
37.7324	893.628	-24.2372
37.7324	904.395	-24.1275
37.7324	915.161	-24.0113
37.7324	925.928	-23.8882
37.7324	936.694	-23.7581
37.7324	947.461	-23.6208
37.7324	958.228	-23.476
37.7324	968.994	-23.3236
37.7324	979.761	-23.1631
37.7324	990.527	-22.9945
37.7324	1001.29	-22.8172
37.7324	1012.06	-22.6311
37.7324	1022.83	-22.4356
37.7324	1033.59	-22.2305
37.7324	1044.36	-22.0151
37.7324	1055.13	-21.7891
37.7324	1065.89	-21.5519
37.7324	1076.66	-21.3028
37.7324	1087.43	-21.0412
37.7324	1098.19	-20.7664
37.7324	1108.96	-20.4775
37.7324	1119.73	-20.1736
37.7324	1130.49	-19.8537
37.7324	1141.26	-19.5166
37.7324	1152.03	-19.1611
37.7324	1162.79	-18.7856
37.7324	1173.56	-18.3885
37.7324	1184.33	-17.9679
37.7324	1195.09	-17.5217
37.7324	1205.86	-17.0474
37.7324	1216.63	-16.5422
37.7324	1227.39	-16.003
37.7324	1238.16	-15.4262
37.7324	1248.93	-14.8078
37.7324	1259.69	-14.1434
37.7324	1270.46	-13.4291
37.7324	1281.23	-12.6617
37.7324	1291.99	-11.8419
37.7324	1302.76	-10.9813
37.7324	1313.53	-10.1232
37.7324	1324.29	-9.41676
37.7324	1335.06	-9.47072
37.7324	1345.83	-14.7796
37.7324	1356.59	4.73279
37.7324	1367.36	26.0306
40.6349	0	35.8425
40.6349	10.7666	29.4689
40.6349	21.5332	3.37933
40.6349	32.2998	-15.8496
40.6349	43.0664	-19.4666
40.6349	53.833	-19.7454
40.6349	64.5996	-20.4587
40.6349	75.3662	-21.3115
40.6349	86.1328	-22.1695
40.6349	96.8994	-22.9887
40.6349	107.666	-23.7565
40.6349	118.433	-24.4716
40.6349	129.199	-25.1367
40.6349	139.966	-25.756
40.6349	150.732	-26.3336
40.6349	161.499	-26.8735
40.6349	172.266	-27.3793
40.6349	183.032	-27.8541
40.6349	193.799	-28.3008
40.6349	204.565	-28.7218
40.6349	215.332	-29.1193
40.6349	226.099	-29.4952
40.6349	236.865	-29.851
40.6349	247.632	-30.1884
40.6349	258.398	-30.5085
40.6349	269.165	-30.8126
40.6349	279.932	-31.1017
40.6349	290.698	-31.3767
40.6349	301.465	-31.6384
40.6349	312.231	-31.8876
40.6349	322.998	-32.125
40.6349	333.765	-32.3511
40.6349	344.531	-32.5665
40.6349	355.298	-32.7718
40.6349	366.064	-32.9674
40.6349	376.831	-33.1536
40.6349	387.598	-33.3309
40.6349	398.364	-33.4996
40.6349	409.131	-33.6601
40.6349	419.897	-33.8126
40.6349	430.664	-33.9574
40.6349	441.431	-34.0948
40.6349	452.197	-34.2249
40.6349	462.964	-34.348
40.6349	473.73	-34.4643
40.6349	484.497	-34.574
40.6349	495.264	-34.6772
40.6349	506.03	-34.774
40.6349	516.797	-34.8647
40.6349	527.563	-34.9493
40.6349	538.33	-35.0279
40.6349	549.097	-35.1007
40.6349	559.863	-35.1677
40.6349	570.63	-35.2291
40.6349	581.396	-35.2849
40.6349	592.163	-35.3352
40.6349	602.93	-35.38
40.6349	613.696	-35.4194
40.6349	624.463	-35.4535
40.6349	635.229	-35.4822
40.6349	645.996	-35.5057
40.6349	656.763	-35.5239
40.6349	667.529	-35.5369
40.6349	678.296	-35.5447
40.6349	689.062	-35.5473
40.6349	699.829	-35.5447
40.6349	710.596	-35.5369
40.6349	721.362	-35.5239
40.6349	732.129	-35.5057
40.6349	742.896	-35.4822
40.6349	753.662	-35.4535
40.6349	764.429	-35.4194
40.6349	775.195	-35.38
40.6349	785.962	-35.3352
40.6349	796.729	-35.2849
40.6349	807.495	-35.2291
40.6349	818.262	-35.1677
40.6349	829.028	-35.1007
40.6349	839.795	-35.0279
40.6349	850.562	-34.9493
40.6349	861.328	-34.8647
40.6349	872.095	-34.774
40.6349	882.861	-34.6772
40.6349	893.628	-34.574
40.6349	904.395	-34.4643
40.6349	915.161	-34.348
40.6349	925.928	-34.2249
40.6349	936.694	-34.0948
40.6349	947.461	-33.9574
40.6349	958.228	-33.8126
40.6349	968.994	-33.6601
40.6349	979.761	-33.4996
40.6349	990.527	-33.3309
40.6349	1001.29	-33.1536
40.6349	1012.06	-32.9674
40.6349	1022.83	-32.7718
40.6349	1033.59	-32.5665
40.6349	1044.36	-32.3511
40.6349	1055.13	-32.125
40.6349	1065.89	-31.8876
40.6349	1076.66	-31.6384
40.6349	1087.43	-31.3767
40.6349	1098.19	-31.1017
40.6349	1108.96	-30.8126
40.6349	1119.73	-30.5085
40.6349	1130.49	-30.1884
40.6349	1141.26	-29.851
40.6349	1152.03	-29.4952
40.6349	1162.79	-29.1193
40.6349	1173.56	-28.7218
40.6349	1184.33	-28.3008
40.6349	1195.09	-27.8541
40.6349	1205.86	-27.3793
40.6349	1216.63	-26.8735
40.6349	1227.39	-26.3336
40.6349	1238.16	-25.756
40.6349	1248.93	-25.1367
40.6349	1259.69	-24.4716
40.6349	1270.46	-23.7565
40.6349	1281.23	-22.9887
40.6349	1291.99	-22.1695
40.6349	1302.76	-21.3115
40.6349	1313.53	-20.4587
40.6349	1324.29	-19.7454
40.6349	1335.06	-19.4666
40.6349	1345.83	-15.8496
40.6349	1356.59	3.37933
40.6349	1367.36	29.4689
43.5374	0	-0.7693
43.5374	10.7666	23.5449
43.5374	21.5332	5.13353
43.5374	32.2998	-14.45
43.5374	43.0664	-8.24894
43.5374	53.833	-8.18625
43.5374	64.5996	-8.89248
43.5374	75.3662	-9.75071
43.5374	86.1328	-10.6114
43.5374	96.8994	-11.4312
43.5374	107.666	-12.1986
43.5374	118.433	-12.913
43.5374	129.199	-13.5773
43.5374	139.966	-14.1957
43.5374	150.732	-14.7725
43.5374	161.499	-15.3117
43.5374	172.266	-15.8168
43.5374	183.032	-16.2911
43.5374	193.799	-16.7373
43.5374	204.565	-17.1579
43.5374	215.332	-17.5549
43.5374	226.099	-17.9304
43.5374	236.865	-18.286
43.5374	247.632	-18.6231
43.5374	258.398	-18.943
43.5374	269.165	-19.2469
43.5374	279.932	-19.5357
43.5374	290.698	-19.8106
43.5374	301.465	-20.0721
43.5374	312.231	-20.3212
43.5374	322.998	-20.5584
43.5374	333.765	-20.7844
43.5374	344.531	-20.9998
43.5374	355.298	-21.2049
43.5374	366.064	-21.4004
43.5374	376.831	-21.5865
43.5374	387.598	-21.7638
43.5374	398.364	-21.9324
43.5374	409.131	-22.0929
43.5374	419.897	-22.2453
43.5374	430.664	-22.3901
43.5374	441.431	-22.5274
43.5374	452.197	-22.6575
43.5374	462.964	-22.7806
43.5374	473.73	-22.8968
43.5374	484.497	-23.0064
43.5374	495.264	-23.1096
43.5374	506.03	-23.2064
43.5374	516.797	-23.297
43.5374	527.563	-23.3816
43.5374	538.33	-23.4602
43.5374	549.097	-23.533
43.5374	559.863	-23.6
43.5374	570.63	-23.6614
43.5374	581.396	-23.7171
43.5374	592.163	-23.7674
43.5374	602.93	-23.8122
43.5374	613.696	-23.8516
43.5374	624.463	-23.8857
43.5374	635.229	-23.9144
43.5374	645.996	-23.9379
43.5374	656.763	-23.9561
43.5374	667.529	-23.9691
43.5374	678.296	-23.9769
43.5374	689.062	-23.9795
43.5374	699.829	-23.9769
43.5374	710.596	-23.9691
43.5374	721.362	-23.9561
43.5374	732.129	-23.9379
43.5374	742.896	-23.9144
43.5374	753.662	-23.8857
43.5374	764.429	-23.8516
43.5374	775.195	-23.8122
43.5374	785.962	-23.7674
43.5374	796.729	-23.7171
43.5374	807.495	-23.6614
43.5374	818.262	-23.6
43.5374	829.028	-23.533
43.5374	839.795	-23.4602
43.5374	850.562	-23.3816
43.5374	861.328	-23.297
43.5374	872.095	-23.2064
43.5374	882.861	-23.1096
43.5374	893.628	-23.0064
43.5374	904.395	-22.8968
43.5374	915.161	-22.7806
43.5374	925.928	-22.6575
43.5374	936.694	-22.5274
43.5374	947.461	-22.3901
43.5374	958.228	-22.2453
43.5374	968.994	-22.0929
43.5374	979.761	-21.9324
43.5374	990.527	-21.7638
43.5374	1001.29	-21.5865
43.5374	1012.06	-21.4004
43.5374	1022.83	-21.2049
43.5374	1033.59	-20.9998
43.5374	1044.36	-20.7844
43.5374	1055.13	-20.5584
43.5374	1065.89	-20.3212
43.5374	1076.66	-20.0721
43.5374	1087.43	-19.8106
43.5374	1098.19	-19.5357
43.5374	1108.96	-19.2469
43.5374	1119.73	-18.943
43.5374	1130.49	-18.6231
43.5374	1141.26	-18.286
43.5374	1152.03	-17.9304
43.5374	1162.79	-17.5549
43.5374	1173.56	-17.1579
43.5374	1184.33	-16.7373
43.5374	1195.09	-16.2911
43.5374	1205.86	-15.8168
43.5374	1216.63	-15.3117
43.5374	1227.39	-14.7725
43.5374	1238.16	-14.1957
43.5374	1248.93	-13.5773
43.5374	1259.69	-12.913
43.5374	1270.46	-12.1986
43.5374	1281.23	-11.4312
43.5374	1291.99	-10.6114
43.5374	1302.76	-9.75071
43.5374	1313.53	-8.89248
43.5374	1324.29	-8.18625
43.5374	1335.06	-8.24894
43.5374	1345.83	-14.45
43.5374	1356.59	5.13353
43.5374	1367.36	23.5449
46.4399	0	35.9064
46.4399	10.7666	29.5166
46.4399	21.5332	3.34714
46.4399	32.2998	-15.8742
46.4399	43.0664	-20.3369
46.4399	53.833	-20.7018
46.4399	64.5996	-21.4171
46.4399	75.3662	-22.2684
46.4399	86.1328	-23.1257
46.4399	96.8994	-23.9448
46.4399	107.666	-24.7126
46.4399	118.433	-25.4279
46.4399	129.199	-26.0933
46.4399	139.966	-26.7128
46.4399	150.732	-27.2906
46.4399	161.499	-27.8307
46.4399	172.266	-28.3366
46.4399	183.032	-28.8116
46.4399	193.799	-29.2585
46.4399	204.565	-29.6796
46.4399	215.332	-30.0772
46.4399	226.099	-30.4531
46.4399	236.865	-30.809
46.4399	247.632	-31.1465
46.4399	258.398	-31.4667
46.4399	269.165	-31.7708
46.4399	279.932	-32.0599
46.4399	290.698	-32.335
46.4399	301.465	-32.5967
46.4399	312.231	-32.846
46.4399	322.998	-33.0834
46.4399	333.765	-33.3096
46.4399	344.531	-33.525
46.4399	355.298	-33.7303
46.4399	366.064	-33.9259
46.4399	376.831	-34.1121
46.4399	387.598	-34.2895
46.4399	398.364	-34.4582
46.4399	409.131	-34.6187
46.4399	419.897	-34.7712
46.4399	430.664	-34.916
46.4399	441.431	-35.0534
46.4399	452.197	-35.1836
46.4399	462.964	-35.3067
46.4399	473.73	-35.423
46.4399	484.497	-35.5327
46.4399	495.264	-35.6359
46.4399	506.03	-35.7327
46.4399	516.797	-35.8234
46.4399	527.563	-35.908
46.4399	538.33	-35.9867
46.4399	549.097	-36.0594
46.4399	559.863	-36.1265
46.4399	570.63	-36.1879
46.4399	581.396	-36.2436
46.4399	592.163	-36.2939
46.4399	602.93	-36.3387
46.4399	613.696	-36.3782
46.4399	624.463	-36.4122
46.4399	635.229	-36.441
46.4399	645.996	-36.4645
46.4399	656.763	-36.4827
46.4399	667.529	-36.4957
46.4399	678.296	-36.5035
46.4399	689.062	-36.5061
46.4399	699.829	-36.5035
46.4399	710.596	-36.4957
46.4399	721.362	-36.4827
46.4399	732.129	-36.4645
46.4399	742.896	-36.441
46.4399	753.662	-36.4122
46.4399	764.429	-36.3782
46.4399	775.195	-36.3387
46.4399	785.962	-36.2939
46.4399	796.729	-36.2436
46.4399	807.495	-36.1879
46.4399	818.262	-36.1265
46.4399	829.028	-36.0594
46.4399	839.795	-35.9867
46.4399	850.562	-35.908
46.4399	861.328	-35.8234
46.4399	872.095	-35.7327
46.4399	882.861	-35.6359
46.4399	893.628	-35.5327
46.4399	904.395	-35.423
46.4399	915.161	-35.3067
46.4399	925.928	-35.1836
46.4399	936.694	-35.0534
46.4399	947.461	-34.916
46.4399	958.228	-34.7712
46.4399	968.994	-34.6187
46.4399	979.761	-34.4582
46.4399	990.527	-34.2895
46.4399	1001.29	-34.1121
46.4399	1012.06	-33.9259
46.4399	1022.83	-33.7303
46.4399	1033.59	-33.525
46.4399	1044.36	-33.3096
46.4399	1055.13	-33.0834
46.4399	1065.89	-32.846
46.4399	1076.66	-32.5967
46.4399	1087.43	-32.335
46.4399	1098.19	-32.0599
46.4399	1108.96	-31.7708
46.4399	1119.73	-31.4667
46.4399	1130.49	-31.1465
46.4399	1141.26	-30.809
46.4399	1152.03	-30.4531
46.4399	1162.79	-30.0772
46.4399	1173.56	-29.6796
46.4399	1184.33	-29.2585
46.4399	1195.09	-28.8116
46.4399	1205.86	-28.3366
46.4399	1216.63	-27.8307
46.4399	1227.39	-27.2906
46.4399	1238.16	-26.7128
46.4399	1248.93	-26.0933
46.4399	1259.69	-25.4279
46.4399	1270.46	-24.7126
46.4399	1281.23	-23.9448
46.4399	1291.99	-23.1257
46.4399	1302.76	-22.2684
46.4399	1313.53	-21.4171
46.4399	1324.29	-20.7018
46.4399	1335.06	-20.3369
46.4399	1345.83	-15.8742
46.4399	1356.59	3.34714
46.4399	1367.36	29.5166
49.3424	0	29.6347
49.3424	10.7666	25.8412
49.3424	21.5332	4.77369
49.3424	32.2998	-14.7462
49.3424	43.0664	-9.33475
49.3424	53.833	-9.27969
49.3424	64.5996	-9.98608
49.3424	75.3662	-10.8442
49.3424	86.1328	-11.7048
49.3424	96.8994	-12.5246
49.3424	107.666	-13.292
49.3424	118.433	-14.0064
49.3424	129.199	-14.6707
49.3424	139.966	-15.2891
49.3424	150.732	-15.866
49.3424	161.499	-16.4052
49.3424	172.266	-16.9103
49.3424	183.032	-17.3846
49.3424	193.799	-17.8308
49.3424	204.565	-18.2514
49.3424	215.332	-18.6485
49.3424	226.099	-19.024
49.3424	236.865	-19.3796
49.3424	247.632	-19.7166
49.3424	258.398	-20.0366
49.3424	269.165	-20.3404
49.3424	279.932	-20.6293
49.3424	290.698	-20.9041
49.3424	301.465	-21.1657
49.3424	312.231	-21.4148
49.3424	322.998	-21.652
49.3424	333.765	-21.878
49.3424	344.531	-22.0934
49.3424	355.298	-22.2985
49.3424	366.064	-22.494
49.3424	376.831	-22.6802
49.3424	387.598	-22.8574
49.3424	398.364	-23.0261
49.3424	409.131	-23.1865
49.3424	419.897	-23.3389
49.3424	430.664	-23.4837
49.3424	441.431	-23.621
49.3424	452.197	-23.7511
49.3424	462.964	-23.8742
49.3424	473.73	-23.9904
49.3424	484.497	-24.1001
49.3424	495.264	-24.2032
49.3424	506.03	-24.3
49.3424	516.797	-24.3907
49.3424	527.563	-24.4752
49.3424	538.33	-24.5539
49.3424	549.097	-24.6266
49.3424	559.863	-24.6936
49.3424	570.63	-24.755
49.3424	581.396	-24.8108
49.3424	592.163	-24.861
49.3424	602.93	-24.9058
49.3424	613.696	-24.9452
49.3424	624.463	-24.9793
49.3424	635.229	-25.008
49.3424	645.996	-25.0315
49.3424	656.763	-25.0497
49.3424	667.529	-25.0627
49.3424	678.296	-25.0705
49.3424	689.062	-25.0731
49.3424	699.829	-25.0705
49.3424	710.596	-25.0627
49.3424	721.362	-25.0497
49.3424	732.129	-25.0315
49.3424	742.896	-25.008
49.3424	753.662	-24.9793
49.3424	764.429	-24.9452
49.3424	775.195	-24.9058
49.3424	785.962	-24.861
49.3424	796.729	-24.8108
49.3424	807.495	-24.755
49.3424	818.262	-24.6936
49.3424	829.028	-24.6266
49.3424	839.795	-24.5539
49.3424	850.562	-24.4752
49.3424	861.328	-24.3907
49.3424	872.095	-24.3
49.3424	882.861	-24.2032
49.3424	893.628	-24.1001
49.3424	904.395	-23.9904
49.3424	915.161	-23.8742
49.3424	925.928	-23.7511
49.3424	936.694	-23.621
49.3424	947.461	-23.4837
49.3424	958.228	-23.3389
49.3424	968.994	-23.1865
49.3424	979.761	-23.0261
49.3424	990.527	-22.8574
49.3424	1001.29	-22.6802
49.3424	1012.06	-22.494
49.3424	1022.83	-22.2985
49.3424	1033.59	-22.0934
49.3424	1044.36	-21.878
49.3424	1055.13	-21.652
49.3424	1065.89	-21.4148
49.3424	1076.66	-21.1657
49.3424	1087.43	-20.9041
49.3424	1098.19	-20.6293
49.3424	1108.96	-20.3404
49.3424	1119.73	-20.0366
49.3424	1130.49	-19.7166
49.3424	1141.26	-19.3796
49.3424	1152.03	-19.024
49.3424	1162.79	-18.6485
49.3424	1173.56	-18.2514
49.3424	1184.33	-17.8308
49.3424	1195.09	-17.3846
49.3424	1205.86	-16.9103
49.3424	1216.63	-16.4052
49.3424	1227.39	-15.866
49.3424	1238.16	-15.2891
49.3424	1248.93	-14.6707
49.3424	1259.69	-14.0064
49.3424	1270.46	-13.292
49.3424	1281.23	-12.5246
49.3424	1291.99	-11.7048
49.3424	1302.76	-10.8442
49.3424	1313.53	-9.98608
49.3424	1324.29	-9.27969
49.3424	1335.06	-9.33475
49.3424	1345.83	-14.7462
49.3424	1356.59	4.77369
49.3424	1367.36	25.8412
52.2449	0	33.4875
52.2449	10.7666	27.847
52.2449	21.5332	4.2013
52.2449	32.2998	-15.2081
52.2449	43.0664	-11.5971
52.2449	53.833	-11.5657
52.2449	64.5996	-12.2725
52.2449	75.3662	-13.1303
52.2449	86.1328	-13.9907
52.2449	96.8994	-14.8105
52.2449	107.666	-15.5779
52.2449	118.433	-16.2923
52.2449	129.199	-16.9567
52.2449	139.966	-17.5752
52.2449	150.732	-18.1521
52.2449	161.499	-18.6913
52.2449	172.266	-19.1965
52.2449	183.032	-19.6708
52.2449	193.799	-20.1171
52.2449	204.565	-20.5377
52.2449	215.332	-20.9348
52.2449	226.099	-21.3104
52.2449	236.865	-21.6659
52.2449	247.632	-22.003
52.2449	258.398	-22.323
52.2449	269.165	-22.6269
52.2449	279.932	-22.9158
52.2449	290.698	-23.1906
52.2449	301.465	-23.4522
52.2449	312.231	-23.7013
52.2449	322.998	-23.9385
52.2449	333.765	-24.1645
52.2449	344.531	-24.3799
52.2449	355.298	-24.5851
52.2449	366.064	-24.7805
52.2449	376.831	-24.9667
52.2449	387.598	-25.1439
52.2449	398.364	-25.3126
52.2449	409.131	-25.473
52.2449	419.897	-25.6255
52.2449	430.664	-25.7702
52.2449	441.431	-25.9075
52.2449	452.197	-26.0376
52.2449	462.964	-26.1607
52.2449	473.73	-26.277
52.2449	484.497	-26.3866
52.2449	495.264	-26.4898
52.2449	506.03	-26.5866
52.2449	516.797	-26.6772
52.2449	527.563	-26.7618
52.2449	538.33	-26.8404
52.2449	549.097	-26.9132
52.2449	559.863	-26.9802
52.2449	570.63	-27.0416
52.2449	581.396	-27.0973
52.2449	592.163	-27.1476
52.2449	602.93	-27.1924
52.2449	613.696	-27.2318
52.2449	624.463	-27.2659
52.2449	635.229	-27.2946
52.2449	645.996	-27.3181
52.2449	656.763	-27.3363
52.2449	667.529	-27.3493
52.2449	678.296	-27.3571
52.2449	689.062	-27.3597
52.2449	699.829	-27.3571
52.2449	710.596	-27.3493
52.2449	721.362	-27.3363
52.2449	732.129	-27.3181
52.2449	742.896	-27.2946
52.2449	753.662	-27.2659
52.2449	764.429	-27.2318
52.2449	775.195	-27.1924
52.2449	785.962	-27.1476
52.2449	796.729	-27.0973
52.2449	807.495	-27.0416
52.2449	818.262	-26.9802
52.2449	829.028	-26.9132
52.2449	839.795	-26.8404
52.2449	850.562	-26.7618
52.2449	861.328	-26.6772
52.2449	872.095	-26.5866
52.2449	882.861	-26.4898
52.2449	893.628	-26.3866
52.2449	904.395	-26.277
52.2449	915.161	-26.1607
52.2449	925.928	-26.0376
52.2449	936.694	-25.9075
52.2449	947.461	-25.7702
52.2449	958.228	-25.6255
52.2449	968.994	-25.473
52.2449	979.761	-25.3126
52.2449	990.527	-25.1439
52.2449	1001.29	-24.9667
52.2449	1012.06	-24.7805
52.2449	1022.83	-24.5851
52.2449	1033.59	-24.3799
52.2449	1044.36	-24.1645
52.2449	1055.13	-23.9385
52.2449	1065.89	-23.7013
52.2449	1076.66	-23.4522
52.2449	1087.43	-23.1906
52.2449	1098.19	-22.9158
52.2449	1108.96	-22.6269
52.2449	1119.73	-22.323
52.2449	1130.49	-22.003
52.2449	1141.26	-21.6659
52.2449	1152.03	-21.3104
52.2449	1162.79	-20.9348
52.2449	1173.56	-20.5377
52.2449	1184.33	-20.1171
52.2449	1195.09	-19.6708
52.2449	1205.86	-19.1965
52.2449	1216.63	-18.6913
52.2449	1227.39	-18.1521
52.2449	1238.16	-17.5752
52.2449	1248.93	-16.9567
52.2449	1259.69	-16.2923
52.2449	1270.46	-15.5779
52.2449	1281.23	-14.8105
52.2449	1291.99	-13.9907
52.2449	1302.76	-13.1303
52.2449	1313.53	-12.2725
52.2449	1324.29	-11.5657
52.2449	1335.06	-11.5971
52.2449	1345.83	-15.2081
52.2449	1356.59	4.2013
52.2449	1367.36	27.847
55.1474	0	34.642
55.1474	10.7666	28.608
55.1474	21.5332	3.87236
55.1474	32.2998	-15.468
55.1474	43.0664	-13.4943
55.1474	53.833	-13.4951
55.1474	64.5996	-14.2026
55.1474	75.3662	-15.0598
55.1474	86.1328	-15.92
55.1474	96.8994	-16.7397
55.1474	107.666	-17.5072
55.1474	118.433	-18.2217
55.1474	129.199	-18.8861
55.1474	139.966	-19.5047
55.1474	150.732	-20.0817
55.1474	161.499	-20.621
55.1474	172.266	-21.1262
55.1474	183.032	-21.6006
55.1474	193.799	-22.0469
55.1474	204.565	-22.4675
55.1474	215.332	-22.8647
55.1474	226.099	-23.2403
55.1474	236.865	-23.5959
55.1474	247.632	-23.933
55.1474	258.398	-24.2529
55.1474	269.165	-24.5569
55.1474	279.932	-24.8458
55.1474	290.698	-25.1206
55.1474	301.465	-25.3822
55.1474	312.231	-25.6313
55.1474	322.998	-25.8686
55.1474	333.765	-26.0946
55.1474	344.531	-26.31
55.1474	355.298	-26.5152
55.1474	366.064	-26.7106
55.1474	376.831	-26.8968
55.1474	387.598	-27.074
55.1474	398.364	-27.2427
55.1474	409.131	-27.4031
55.1474	419.897	-27.5556
55.1474	430.664	-27.7004
55.1474	441.431	-27.8377
55.1474	452.197	-27.9678
55.1474	462.964	-28.0909
55.1474	473.73	-28.2071
55.1474	484.497	-28.3168
55.1474	495.264	-28.4199
55.1474	506.03	-28.5168
55.1474	516.797	-28.6074
55.1474	527.563	-28.692
55.1474	538.33	-28.7706
55.1474	549.097	-28.8434
55.1474	559.863	-28.9104
55.1474	570.63	-28.9717
55.1474	581.396	-29.0275
55.1474	592.163	-29.0778
55.1474	602.93	-29.1226
55.1474	613.696	-29.162
55.1474	624.463	-29.196
55.1474	635.229	-29.2248
55.1474	645.996	-29.2483
55.1474	656.763	-29.2665
55.1474	667.529	-29.2795
55.1474	678.296	-29.2873
55.1474	689.062	-29.2899
55.1474	699.829	-29.2873
55.1474	710.596	-29.2795
55.1474	721.362	-29.2665
55.1474	732.129	-29.2483
55.1474	742.896	-29.2248
55.1474	753.662	-29.196
55.1474	764.429	-29.162
55.1474	775.195	-29.1226
55.1474	785.962	-29.0778
55.1474	796.729	-29.0275
55.1474	807.495	-28.9717
55.1474	818.262	-28.9104
55.1474	829.028	-28.8434
55.1474	839.795	-28.7706
55.1474	850.562	-28.692
55.1474	861.328	-28.6074
55.1474	872.095	-28.5168
55.1474	882.861	-28.4199
55.1474	893.628	-28.3168
55.1474	904.395	-28.2071
55.1474	915.161	-28.0909
55.1474	925.928	-27.9678
55.1474	936.694	-27.8377
55.1474	947.461	-27.7004
55.1474	958.228	-27.5556
55.1474	968.994	-27.4031
55.1474	979.761	-27.2427
55.1474	990.527	-27.074
55.1474	1001.29	-26.8968
55.1474	1012.06	-26.7106
55.1474	1022.83	-26.5152
55.1474	1033.59	-26.31
55.1474	1044.36	-26.0946
55.1474	1055.13	-25.8686
55.1474	1065.89	-25.6313
55.1474	1076.66	-25.3822
55.1474	1087.43	-25.1206
55.1474	1098.19	-24.8458
55.1474	1108.96	-24.5569
55.1474	1119.73	-24.2529
55.1474	1130.49	-23.933
55.1474	1141.26	-23.5959
55.1474	1152.03	-23.2403
55.1474	1162.79	-22.8647
55.1474	1173.56	-22.4675
55.1474	1184.33	-22.0469
55.1474	1195.09	-21.6006
55.1474	1205.86	-21.1262
55.1474	1216.63	-20.621
55.1474	1227.39	-20.0817
55.1474	1238.16	-19.5047
55.1474	1248.93	-18.8861
55.1474	1259.69	-18.2217
55.1474	1270.46	-17.5072
55.1474	1281.23	-16.7397
55.1474	1291.99	-15.92
55.1474	1302.76	-15.0598
55.1474	1313.53	-14.2026
55.1474	1324.29	-13.4951
55.1474	1335.06	-13.4943
55.1474	1345.83	-15.468
55.1474	1356.59	3.87236
55.1474	1367.36	28.608
58.0499	0	26.1254
58.0499	10.7666	24.7184
58.0499	21.5332	4.977
58.0499	32.2998	-14.5794
58.0499	43.0664	-8.69922
58.0499	53.833	-8.63946
58.0499	64.5996	-9.34576
58.0499	75.3662	-10.2039
58.0499	86.1328	-11.0646
58.0499	96.8994	-11.8844
58.0499	107.666	-12.6518
58.0499	118.433	-13.3662
58.0499	129.199	-14.0305
58.0499	139.966	-14.6489
58.0499	150.732	-15.2257
58.0499	161.499	-15.7649
58.0499	172.266	-16.27
58.0499	183.032	-16.7443
58.0499	193.799	-17.1905
58.0499	204.565	-17.6111
58.0499	215.332	-18.0082
58.0499	226.099	-18.3837
58.0499	236.865	-18.7393
58.0499	247.632	-19.0763
58.0499	258.398	-19.3962
58.0499	269.165	-19.7001
58.0499	279.932	-19.989
58.0499	290.698	-20.2638
58.0499	301.465	-20.5254
58.0499	312.231	-20.7745
58.0499	322.998	-21.0117
58.0499	333.765	-21.2377
58.0499	344.531	-21.4531
58.0499	355.298	-21.6582
58.0499	366.064	-21.8537
58.0499	376.831	-22.0398
58.0499	387.598	-22.2171
58.0499	398.364	-22.3857
58.0499	409.131	-22.5461
58.0499	419.897	-22.6986
58.0499	430.664	-22.8433
58.0499	441.431	-22.9807
58.0499	452.197	-23.1108
58.0499	462.964	-23.2338
58.0499	473.73	-23.3501
58.0499	484.497	-23.4597
58.0499	495.264	-23.5629
58.0499	506.03	-23.6597
58.0499	516.797	-23.7503
58.0499	527.563	-23.8349
58.0499	538.33	-23.9135
58.0499	549.097	-23.9863
58.0499	559.863	-24.0533
58.0499	570.63	-24.1146
58.0499	581.396	-24.1704
58.0499	592.163	-24.2207
58.0499	602.93	-24.2655
58.0499	613.696	-24.3049
58.0499	624.463	-24.3389
58.0499	635.229	-24.3677
58.0499	645.996	-24.3912
58.0499	656.763	-24.4094
58.0499	667.529	-24.4224
58.0499	678.296	-24.4302
58.0499	689.062	-24.4328
58.0499	699.829	-24.4302
58.0499	710.596	-24.4224
58.0499	721.362	-24.4094
58.0499	732.129	-24.3912
58.0499	742.896	-24.3677
58.0499	753.662	-24.3389
58.0499	764.429	-24.3049
58.0499	775.195	-24.2655
58.0499	785.962	-24.2207
58.0499	796.729	-24.1704
58.0499	807.495	-24.1146
58.0499	818.262	-24.0533
58.0499	829.028	-23.9863
58.0499	839.795	-23.9135
58.0499	850.562	-23.8349
58.0499	861.328	-23.7503
58.0499	872.095	-23.6597
58.0499	882.861	-23.5629
58.0499	893.628	-23.4597
58.0499	904.395	-23.3501
58.0499	915.161	-23.2338
58.0499	925.928	-23.1108
58.0499	936.694	-22.9807
58.0499	947.461	-22.8433
58.0499	958.228	-22.6986
58.0499	968.994	-22.5461
58.0499	979.761	-22.3857
58.0499	990.527	-22.2171
58.0499	1001.29	-22.0398
58.0499	1012.06	-21.8537
58.0499	1022.83	-21.6582
58.0499	1033.59	-21.4531
58.0499	1044.36	-21.2377
58.0499	1055.13	-21.0117
58.0499	1065.89	-20.7745
58.0499	1076.66	-20.5254
58.0499	1087.43	-20.2638
58.0499	1098.19	-19.989
58.0499	1108.96	-19.7001
58.0499	1119.73	-19.3962
58.0499	1130.49	-19.0763
58.0499	1141.26	-18.7393
58.0499	1152.03	-18.3837
58.0499	1162.79	-18.0082
58.0499	1173.56	-17.6111
58.0499	1184.33	-17.1905
58.0499	1195.09	-16.7443
58.0499	1205.86	-16.27
58.0499	1216.63	-15.7649
58.0499	1227.39	-15.2257
58.0499	1238.16	-14.6489
58.0499	1248.93	-14.0305
58.0499	1259.69	-13.3662
58.0499	1270.46	-12.6518
58.0499	1281.23	-11.8844
58.0499	1291.99	-11.0646
58.0499	1302.76	-10.2039
58.0499	1313.53	-9.34576
58.0499	1324.29	-8.63946
58.0499	1335.06	-8.69922
58.0499	1345.83	-14.5794
58.0499	1356.59	4.977
58.0499	1367.36	24.7184
60.9524	0	36.1363
60.9524	10.7666	29.6895
60.9524	21.5332	3.22533
60.9524	32.2998	-15.9668
60.9524	43.0664	-27.9001
60.9524	53.833	-31.4434
60.9524	64.5996	-32.2636
60.9524	75.3662	-33.0341
60.9524	86.1328	-33.8529
60.9524	96.8994	-34.6632
60.9524	107.666	-35.4363
60.9524	118.433	-36.1624
60.9524	129.199	-36.8403
60.9524	139.966	-37.4722
60.9524	150.732	-38.0616
60.9524	161.499	-38.6122
60.9524	172.266	-39.1275
60.9524	183.032	-39.6108
60.9524	193.799	-40.065
60.9524	204.565	-40.4927
60.9524	215.332	-40.896
60.9524	226.099	-41.277
60.9524	236.865	-41.6375
60.9524	247.632	-41.9789
60.9524	258.398	-42.3027
60.9524	269.165	-42.6101
60.9524	279.932	-42.9021
60.9524	290.698	-43.1797
60.9524	301.465	-43.4438
60.9524	312.231	-43.6952
60.9524	322.998	-43.9345
60.9524	333.765	-44.1625
60.9524	344.531	-44.3795
60.9524	355.298	-44.5863
60.9524	366.064	-44.7831
60.9524	376.831	-44.9706
60.9524	387.598	-45.149
60.9524	398.364	-45.3188
60.9524	409.131	-45.4802
60.9524	419.897	-45.6336
60.9524	430.664	-45.7793
60.9524	441.431	-45.9174
60.9524	452.197	-46.0482
60.9524	462.964	-46.1719
60.9524	473.73	-46.2888
60.9524	484.497	-46.3991
60.9524	495.264	-46.5026
60.9524	506.03	-46.6
60.9524	516.797	-46.691
60.9524	527.563	-46.7761
60.9524	538.33	-46.855
60.9524	549.097	-46.9281
60.9524	559.863	-46.9954
60.9524	570.63	-47.057
60.9524	581.396	-47.1131
60.9524	592.163	-47.1636
60.9524	602.93	-47.2085
60.9524	613.696	-47.2481
60.9524	624.463	-47.2823
60.9524	635.229	-47.3112
60.9524	645.996	-47.3347
60.9524	656.763	-47.353
60.9524	667.529	-47.3661
60.9524	678.296	-47.374
60.9524	689.062	-47.3766
60.9524	699.829	-47.374
60.9524	710.596	-47.3661
60.9524	721.362	-47.353
60.9524	732.129	-47.3347
60.9524	742.896	-47.3112
60.9524	753.662	-47.2823
60.9524	764.429	-47.2481
60.9524	775.195	-47.2085
60.9524	785.962	-47.1636
60.9524	796.729	-47.1131
60.9524	807.495	-47.057
60.9524	818.262	-46.9954
60.9524	829.028	-46.9281
60.9524	839.795	-46.855
60.9524	850.562	-46.7761
60.9524	861.328	-46.691
60.9524	872.095	-46.6
60.9524	882.861	-46.5026
60.9524	893.628	-46.3991
60.9524	904.395	-46.2888
60.9524	915.161	-46.1719
60.9524	925.928	-46.0482
60.9524	936.694	-45.9174
60.9524	947.461	-45.7793
60.9524	958.228	-45.6336
60.9524	968.994	-45.4802
60.9524	979.761	-45.3188
60.9524	990.527	-45.149
60.9524	1001.29	-44.9706
60.9524	1012.06	-44.7831
60.9524	1022.83	-44.5863
60.9524	1033.59	-44.3795
60.9524	1044.36	-44.1625
60.9524	1055.13	-43.9345
60.9524	1065.89	-43.6952
60.9524	1076.66	-43.4438
60.9524	1087.43	-43.1797
60.9524	1098.19	-42.9021
60.9524	1108.96	-42.6101
60.9524	1119.73	-42.3027
60.9524	1130.49	-41.9789
60.9524	1141.26	-41.6375
60.9524	1152.03	-41.277
60.9524	1162.79	-40.896
60.9524	1173.56	-40.4927
60.9524	1184.33	-40.065
60.9524	1195.09	-39.6108
60.9524	1205.86	-39.1275
60.9524	1216.63	-38.6122
60.9524	1227.39	-38.0616
60.9524	1238.16	-37.4722
60.9524	1248.93	-36.8403
60.9524	1259.69	-36.1624
60.9524	1270.46	-35.4363
60.9524	1281.23	-34.6632
60.9524	1291.99	-33.8529
60.9524	1302.76	-33.0341
60.9524	1313.53	-32.2636
60.9524	1324.29	-31.4434
60.9524	1335.06	-27.9001
60.9524	1345.83	-15.9668
60.9524	1356.59	3.22533
60.9524	1367.36	29.6895
63.8549	0	21.4601
63.8549	10.7666	23.9807
63.8549	21.5332	5.08091
63.8549	32.2998	-14.4936
63.8549	43.0664	-8.39696
63.8549	53.833	-8.3352
63.8549	64.5996	-9.04145
63.8549	75.3662	-9.89966
63.8549	86.1328	-10.7603
63.8549	96.8994	-11.5802
63.8549	107.666	-12.3476
63.8549	118.433	-13.0619
63.8549	129.199	-13.7262
63.8549	139.966	-14.3446
63.8549	150.732	-14.9214
63.8549	161.499	-15.4606
63.8549	172.266	-15.9657
63.8549	183.032	-16.44
63.8549	193.799	-16.8862
63.8549	204.565	-17.3068
63.8549	215.332	-17.7039
63.8549	226.099	-18.0794
63.8549	236.865	-18.435
63.8549	247.632	-18.772
63.8549	258.398	-19.0919
63.8549	269.165	-19.3958
63.8549	279.932	-19.6847
63.8549	290.698	-19.9595
63.8549	301.465	-20.2211
63.8549	312.231	-20.4701
63.8549	322.998	-20.7074
63.8549	333.765	-20.9334
63.8549	344.531	-21.1487
63.8549	355.298	-21.3539
63.8549	366.064	-21.5494
63.8549	376.831	-21.7355
63.8549	387.598	-21.9127
63.8549	398.364	-22.0814
63.8549	409.131	-22.2418
63.8549	419.897	-22.3943
63.8549	430.664	-22.539
63.8549	441.431	-22.6763
63.8549	452.197	-22.8064
63.8549	462.964	-22.9295
63.8549	473.73	-23.0458
63.8549	484.497	-23.1554
63.8549	495.264	-23.2586
63.8549	506.03	-23.3554
63.8549	516.797	-23.446
63.8549	527.563	-23.5306
63.8549	538.33	-23.6092
63.8549	549.097	-23.682
63.8549	559.863	-23.749
63.8549	570.63	-23.8103
63.8549	581.396	-23.8661
63.8549	592.163	-23.9164
63.8549	602.93	-23.9612
63.8549	613.696	-24.0006
63.8549	624.463	-24.0346
63.8549	635.229	-24.0634
63.8549	645.996	-24.0868
63.8549	656.763	-24.1051
63.8549	667.529	-24.1181
63.8549	678.296	-24.1259
63.8549	689.062	-24.1285
63.8549	699.829	-24.1259
63.8549	710.596	-24.1181
63.8549	721.362	-24.1051
63.8549	732.129	-24.0868
63.8549	742.896	-24.0634
63.8549	753.662	-24.0346
63.8549	764.429	-24.0006
63.8549	775.195	-23.9612
63.8549	785.962	-23.9164
63.8549	796.729	-23.8661
63.8549	807.495	-23.8103
63.8549	818.262	-23.749
63.8549	829.028	-23.682
63.8549	839.795	-23.6092
63.8549	850.562	-23.5306
63.8549	861.328	-23.446
63.8549	872.095	-23.3554
63.8549	882.861	-23.2586
63.8549	893.628	-23.1554
63.8549	904.395	-23.0458
63.8549	915.161	-22.9295
63.8549	925.928	-22.8064
63.8549	936.694	-22.6763
63.8549	947.461	-22.539
63.8549	958.228	-22.3943
63.8549	968.994	-22.2418
63.8549	979.761	-22.0814
63.8549	990.527	-21.9127
63.8549	1001.29	-21.7355
63.8549	1012.06	-21.5494
63.8549	1022.83	-21.3539
63.8549	1033.59	-21.1487
63.8549	1044.36	-20.9334
63.8549	1055.13	-20.7074
63.8549	1065.89	-20.4701
63.8549	1076.66	-20.2211
63.8549	1087.43	-19.9595
63.8549	1098.19	-19.6847
63.8549	1108.96	-19.3958
63.8549	1119.73	-19.0919
63.8549	1130.49	-18.772
63.8549	1141.26	-18.435
63.8549	1152.03	-18.0794
63.8549	1162.79	-17.7039
63.8549	1173.56	-17.3068
63.8549	1184.33	-16.8862
63.8549	1195.09	-16.44
63.8549	1205.86	-15.9657
63.8549	1216.63	-15.4606
63.8549	1227.39	-14.9214
63.8549	1238.16	-14.3446
63.8549	1248.93	-13.7262
63.8549	1259.69	-13.0619
63.8549	1270.46	-12.3476
63.8549	1281.23	-11.5802
63.8549	1291.99	-10.7603
63.8549	1302.76	-9.89966
63.8549	1313.53	-9.04145
63.8549	1324.29	-8.3352
63.8549	1335.06	-8.39696
63.8549	1345.83	-14.4936
63.8549	1356.59	5.08091
63.8549	1367.36	23.9807
66.7574	0	35.2945
66.7574	10.7666	29.0676
66.7574	21.5332	3.62835
66.7574	32.2998	-15.6581
66.7574	43.0664	-15.5733
66.7574	53.833	-15.6303
66.7574	64.5996	-16.339
66.7574	75.3662	-17.1954
66.7574	86.1328	-18.0552
66.7574	96.8994	-18.8747
66.7574	107.666	-19.6423
66.7574	118.433	-20.3569
66.7574	129.199	-21.0215
66.7574	139.966	-21.6402
66.7574	150.732	-22.2172
66.7574	161.499	-22.7567
66.7574	172.266	-23.262
66.7574	183.032	-23.7365
66.7574	193.799	-24.1829
66.7574	204.565	-24.6036
66.7574	215.332	-25.0008
66.7574	226.099	-25.3764
66.7574	236.865	-25.7321
66.7574	247.632	-26.0693
66.7574	258.398	-26.3892
66.7574	269.165	-26.6932
66.7574	279.932	-26.9822
66.7574	290.698	-27.257
66.7574	301.465	-27.5186
66.7574	312.231	-27.7678
66.7574	322.998	-28.005
66.7574	333.765	-28.2311
66.7574	344.531	-28.4465
66.7574	355.298	-28.6517
66.7574	366.064	-28.8472
66.7574	376.831	-29.0333
66.7574	387.598	-29.2106
66.7574	398.364	-29.3793
66.7574	409.131	-29.5397
66.7574	419.897	-29.6922
66.7574	430.664	-29.837
66.7574	441.431	-29.9743
66.7574	452.197	-30.1044
66.7574	462.964	-30.2275
66.7574	473.73	-30.3438
66.7574	484.497	-30.4534
66.7574	495.264	-30.5566
66.7574	506.03	-30.6534
66.7574	516.797	-30.744
66.7574	527.563	-30.8286
66.7574	538.33	-30.9072
66.7574	549.097	-30.98
66.7574	559.863	-31.047
66.7574	570.63	-31.1084
66.7574	581.396	-31.1642
66.7574	592.163	-31.2144
66.7574	602.93	-31.2592
66.7574	613.696	-31.2986
66.7574	624.463	-31.3327
66.7574	635.229	-31.3615
66.7574	645.996	-31.3849
66.7574	656.763	-31.4032
66.7574	667.529	-31.4162
66.7574	678.296	-31.424
66.7574	689.062	-31.4266
66.7574	699.829	-31.424
66.7574	710.596	-31.4162
66.7574	721.362	-31.4032
66.7574	732.129	-31.3849
66.7574	742.896	-31.3615
66.7574	753.662	-31.3327
66.7574	764.429	-31.2986
66.7574	775.195	-31.2592
66.7574	785.962	-31.2144
66.7574	796.729	-31.1642
66.7574	807.495	-31.1084
66.7574	818.262	-31.047
66.7574	829.028	-30.98
66.7574	839.795	-30.9072
66.7574	850.562	-30.8286
66.7574	861.328	-30.744
66.7574	872.095	-30.6534
66.7574	882.861	-30.5566
66.7574	893.628	-30.4534
66.7574	904.395	-30.3438
66.7574	915.161	-30.2275
66.7574	925.928	-30.1044
66.7574	936.694	-29.9743
66.7574	947.461	-29.837
66.7574	958.228	-29.6922
66.7574	968.994	-29.5397
66.7574	979.761	-29.3793
66.7574	990.527	-29.2106
66.7574	1001.29	-29.0333
66.7574	1012.06	-28.8472
66.7574	1022.83	-28.6517
66.7574	1033.59	-28.4465
66.7574	1044.36	-28.2311
66.7574	1055.13	-28.005
66.7574	1065.89	-27.7678
66.7574	1076.66	-27.5186
66.7574	1087.43	-27.257
66.7574	1098.19	-26.9822
66.7574	1108.96	-26.6932
66.7574	1119.73	-26.3892
66.7574	1130.49	-26.0693
66.7574	1141.26	-25.7321
66.7574	1152.03	-25.3764
66.7574	1162.79	-25.0008
66.7574	1173.56	-24.6036
66.7574	1184.33	-24.1829
66.7574	1195.09	-23.7365
66.7574	1205.86	-23.262
66.7574	1216.63	-22.7567
66.7574	1227.39	-22.2172
66.7574	1238.16	-21.6402
66.7574	1248.93	-21.0215
66.7574	1259.69	-20.3569
66.7574	1270.46	-19.6423
66.7574	1281.23	-18.8747
66.7574	1291.99	-18.0552
66.7574	1302.76	-17.1954
66.7574	1313.53	-16.339
66.7574	1324.29	-15.6303
66.7574	1335.06	-15.5733
66.7574	1345.83	-15.6581
66.7574	1356.59	3.62835
66.7574	1367.36	29.0676
69.6599	0	32.2432
69.6599	10.7666	27.1071
69.6599	21.5332	4.45299
69.6599	32.2998	-15.0064
69.6599	43.0664	-10.4928
69.6599	53.833	-10.4483
69.6599	64.5996	-11.1549
69.6599	75.3662	-12.0128
69.6599	86.1328	-12.8734
69.6599	96.8994	-13.6932
69.6599	107.666	-14.4606
69.6599	118.433	-15.175
69.6599	129.199	-15.8393
69.6599	139.966	-16.4578
69.6599	150.732	-17.0346
69.6599	161.499	-17.5738
69.6599	172.266	-18.079
69.6599	183.032	-18.5533
69.6599	193.799	-18.9995
69.6599	204.565	-19.4201
69.6599	215.332	-19.8173
69.6599	226.099	-20.1928
69.6599	236.865	-20.5483
69.6599	247.632	-20.8854
69.6599	258.398	-21.2054
69.6599	269.165	-21.5092
69.6599	279.932	-21.7981
69.6599	290.698	-22.073
69.6599	301.465	-22.3345
69.6599	312.231	-22.5836
69.6599	322.998	-22.8208
69.6599	333.765	-23.0469
69.6599	344.531	-23.2622
69.6599	355.298	-23.4674
69.6599	366.064	-23.6628
69.6599	376.831	-23.849
69.6599	387.598	-24.0262
69.6599	398.364	-24.1949
69.6599	409.131	-24.3553
69.6599	419.897	-24.5078
69.6599	430.664	-24.6525
69.6599	441.431	-24.7898
69.6599	452.197	-24.9199
69.6599	462.964	-25.043
69.6599	473.73	-25.1593
69.6599	484.497	-25.2689
69.6599	495.264	-25.3721
69.6599	506.03	-25.4689
69.6599	516.797	-25.5595
69.6599	527.563	-25.6441
69.6599	538.33	-25.7227
69.6599	549.097	-25.7955
69.6599	559.863	-25.8625
69.6599	570.63	-25.9239
69.6599	581.396	-25.9796
69.6599	592.163	-26.0299
69.6599	602.93	-26.0747
69.6599	613.696	-26.1141
69.6599	624.463	-26.1481
69.6599	635.229	-26.1769
69.6599	645.996	-26.2004
69.6599	656.763	-26.2186
69.6599	667.529	-26.2316
69.6599	678.296	-26.2394
69.6599	689.062	-26.242
69.6599	699.829	-26.2394
69.6599	710.596	-26.2316
69.6599	721.362	-26.2186
69.6599	732.129	-26.2004
69.6599	742.896	-26.1769
69.6599	753.662	-26.1481
69.6599	764.429	-26.1141
69.6599	775.195	-26.0747
69.6599	785.962	-26.0299
69.6599	796.729	-25.9796
69.6599	807.495	-25.9239
69.6599	818.262	-25.8625
69.6599	829.028	-25.7955
69.6599	839.795	-25.7227
69.6599	850.562	-25.6441
69.6599	861.328	-25.5595
69.6599	872.095	-25.4689
69.6599	882.861	-25.3721
69.6599	893.628	-25.2689
69.6599	904.395	-25.1593
69.6599	915.161	-25.043
69.6599	925.928	-24.9199
69.6599	936.694	-24.7898
69.6599	947.461	-24.6525
69.6599	958.228	-24.5078
69.6599	968.994	-24.3553
69.6599	979.761	-24.1949
69.6599	990.527	-24.0262
69.6599	1001.29	-23.849
69.6599	1012.06	-23.6628
69.6599	1022.83	-23.4674
69.6599	1033.59	-23.2622
69.6599	1044.36	-23.0469
69.6599	1055.13	-22.8208
69.6599	1065.89	-22.5836
69.6599	1076.66	-22.3345
69.6599	1087.43	-22.073
69.6599	1098.19	-21.7981
69.6599	1108.96	-21.5092
69.6599	1119.73	-21.2054
69.6599	1130.49	-20.8854
69.6599	1141.26	-20.5483
69.6599	1152.03	-20.1928
69.6599	1162.79	-19.8173
69.6599	1173.56	-19.4201
69.6599	1184.33	-18.9995
69.6599	1195.09	-18.5533
69.6599	1205.86	-18.079
69.6599	1216.63	-17.5738
69.6599	1227.39	-17.0346
69.6599	1238.16	-16.4578
69.6599	1248.93	-15.8393
69.6599	1259.69	-15.175
69.6599	1270.46	-14.4606
69.6599	1281.23	-13.6932
69.6599	1291.99	-12.8734
69.6599	1302.76	-12.0128
69.6599	1313.53	-11.1549
69.6599	1324.29	-10.4483
69.6599	1335.06	-10.4928
69.6599	1345.83	-15.0064
69.6599	1356.59	4.45299
69.6599	1367.36	27.1071
72.5624	0	31.5235
72.5624	10.7666	26.7188
72.5624	21.5332	4.56414
72.5624	32.2998	-14.9166
72.5624	43.0664	-10.0656
72.5624	53.833	-10.0169
72.5624	64.5996	-10.7234
72.5624	75.3662	-11.5814
72.5624	86.1328	-12.442
72.5624	96.8994	-13.2618
72.5624	107.666	-14.0292
72.5624	118.433	-14.7436
72.5624	129.199	-15.4079
72.5624	139.966	-16.0264
72.5624	150.732	-16.6032
72.5624	161.499	-17.1424
72.5624	172.266	-17.6476
72.5624	183.032	-18.1219
72.5624	193.799	-18.5681
72.5624	204.565	-18.9887
72.5624	215.332	-19.3858
72.5624	226.099	-19.7613
72.5624	236.865	-20.1169
72.5624	247.632	-20.454
72.5624	258.398	-20.7739
72.5624	269.165	-21.0778
72.5624	279.932	-21.3667
72.5624	290.698	-21.6415
72.5624	301.465	-21.903
72.5624	312.231	-22.1521
72.5624	322.998	-22.3894
72.5624	333.765	-22.6154
72.5624	344.531	-22.8307
72.5624	355.298	-23.0359
72.5624	366.064	-23.2314
72.5624	376.831	-23.4175
72.5624	387.598	-23.5947
72.5624	398.364	-23.7634
72.5624	409.131	-23.9238
72.5624	419.897	-24.0763
72.5624	430.664	-24.221
72.5624	441.431	-24.3583
72.5624	452.197	-24.4884
72.5624	462.964	-24.6115
72.5624	473.73	-24.7278
72.5624	484.497	-24.8374
72.5624	495.264	-24.9406
72.5624	506.03	-25.0374
72.5624	516.797	-25.128
72.5624	527.563	-25.2126
72.5624	538.33	-25.2912
72.5624	549.097	-25.364
72.5624	559.863	-25.431
72.5624	570.63	-25.4923
72.5624	581.396	-25.5481
72.5624	592.163	-25.5984
72.5624	602.93	-25.6432
72.5624	613.696	-25.6826
72.5624	624.463	-25.7166
72.5624	635.229	-25.7454
72.5624	645.996	-25.7689
72.5624	656.763	-25.7871
72.5624	667.529	-25.8001
72.5624	678.296	-25.8079
72.5624	689.062	-25.8105
72.5624	699.829	-25.8079
72.5624	710.596	-25.8001
72.5624	721.362	-25.7871
72.5624	732.129	-25.7689
72.5624	742.896	-25.7454
72.5624	753.662	-25.7166
72.5624	764.429	-25.6826
72.5624	775.195	-25.6432
72.5624	785.962	-25.5984
72.5624	796.729	-25.5481
72.5624	807.495	-25.4923
72.5624	818.262	-25.431
72.5624	829.028	-25.364
72.5624	839.795	-25.2912
72.5624	850.562	-25.2126
72.5624	861.328	-25.128
72.5624	872.095	-25.0374
72.5624	882.861	-24.9406
72.5624	893.628	-24.8374
72.5624	904.395	-24.7278
72.5624	915.161	-24.6115
72.5624	925.928	-24.4884
72.5624	936.694	-24.3583
72.5624	947.461	-24.221
72.5624	958.228	-24.0763
72.5624	968.994	-23.9238
72.5624	979.761	-23.7634
72.5624	990.527	-23.5947
72.5624	1001.29	-23.4175
72.5624	1012.06	-23.2314
72.5624	1022.83	-23.0359
72.5624	1033.59	-22.8307
72.5624	1044.36	-22.6154
72.5624	1055.13	-22.3894
72.5624	1065.89	-22.1521
72.5624	1076.66	-21.903
72.5624	1087.43	-21.6415
72.5624	1098.19	-21.3667
72.5624	1108.96	-21.0778
72.5624	1119.73	-20.7739
72.5624	1130.49	-20.454
72.5624	1141.26	-20.1169
72.5624	1152.03	-19.7613
72.5624	1162.79	-19.3858
72.5624	1173.56	-18.9887
72.5624	1184.33	-18.5681
72.5624	1195.09	-18.1219
72.5624	1205.86	-17.6476
72.5624	1216.63	-17.1424
72.5624	1227.39	-16.6032
72.5624	1238.16	-16.0264
72.5624	1248.93	-15.4079
72.5624	1259.69	-14.7436
72.5624	1270.46	-14.0292
72.5624	1281.23	-13.2618
72.5624	1291.99	-12.442
72.5624	1302.76	-11.5814
72.5624	1313.53	-10.7234
72.5624	1324.29	-10.0169
72.5624	1335.06	-10.0656
72.5624	1345.83	-14.9166
72.5624	1356.59	4.56414
72.5624	1367.36	26.7188
75.4649	0	35.534
75.4649	10.7666	29.2413
75.4649	21.5332	3.5251
75.4649	32.2998	-15.7378
75.4649	43.0664	-16.8203
75.4649	53.833	-16.9272
75.4649	64.5996	-17.6369
75.4649	75.3662	-18.4924
75.4649	86.1328	-19.3518
75.4649	96.8994	-20.1713
75.4649	107.666	-20.9389
75.4649	118.433	-21.6536
75.4649	129.199	-22.3183
75.4649	139.966	-22.9372
75.4649	150.732	-23.5144
75.4649	161.499	-24.0539
75.4649	172.266	-24.5593
75.4649	183.032	-25.0339
75.4649	193.799	-25.4803
75.4649	204.565	-25.9011
75.4649	215.332	-26.2984
75.4649	226.099	-26.6741
75.4649	236.865	-27.0298
75.4649	247.632	-27.367
75.4649	258.398	-27.687
75.4649	269.165	-27.991
75.4649	279.932	-28.28
75.4649	290.698	-28.5549
75.4649	301.465	-28.8165
75.4649	312.231	-29.0656
75.4649	322.998	-29.3029
75.4649	333.765	-29.529
75.4649	344.531	-29.7444
75.4649	355.298	-29.9496
75.4649	366.064	-30.1451
75.4649	376.831	-30.3313
75.4649	387.598	-30.5086
75.4649	398.364	-30.6773
75.4649	409.131	-30.8377
75.4649	419.897	-30.9902
75.4649	430.664	-31.135
75.4649	441.431	-31.2723
75.4649	452.197	-31.4024
75.4649	462.964	-31.5255
75.4649	473.73	-31.6418
75.4649	484.497	-31.7515
75.4649	495.264	-31.8546
75.4649	506.03	-31.9515
75.4649	516.797	-32.0421
75.4649	527.563	-32.1267
75.4649	538.33	-32.2053
75.4649	549.097	-32.2781
75.4649	559.863	-32.3451
75.4649	570.63	-32.4065
75.4649	581.396	-32.4623
75.4649	592.163	-32.5125
75.4649	602.93	-32.5573
75.4649	613.696	-32.5967
75.4649	624.463	-32.6308
75.4649	635.229	-32.6596
75.4649	645.996	-32.683
75.4649	656.763	-32.7013
75.4649	667.529	-32.7143
75.4649	678.296	-32.7221
75.4649	689.062	-32.7247
75.4649	699.829	-32.7221
75.4649	710.596	-32.7143
75.4649	721.362	-32.7013
75.4649	732.129	-32.683
75.4649	742.896	-32.6596
75.4649	753.662	-32.6308
75.4649	764.429	-32.5967
75.4649	775.195	-32.5573
75.4649	785.962	-32.5125
75.4649	796.729	-32.4623
75.4649	807.495	-32.4065
75.4649	818.262	-32.3451
75.4649	829.028	-32.2781
75.4649	839.795	-32.2053
75.4649	850.562	-32.1267
75.4649	861.328	-32.0421
75.4649	872.095	-31.9515
75.4649	882.861	-31.8546
75.4649	893.628	-31.7515
75.4649	904.395	-31.6418
75.4649	915.161	-31.5255
75.4649	925.928	-31.4024
75.4649	936.694	-31.2723
75.4649	947.461	-31.135
75.4649	958.228	-30.9902
75.4649	968.994	-30.8377
75.4649	979.761	-30.6773
75.4649	990.527	-30.5086
75.4649	1001.29	-30.3313
75.4649	1012.06	-30.1451
75.4649	1022.83	-29.9496
75.4649	1033.59	-29.7444
75.4649	1044.36	-29.529
75.4649	1055.13	-29.3029
75.4649	1065.89	-29.0656
75.4649	1076.66	-28.8165
75.4649	1087.43	-28.5549
75.4649	1098.19	-28.28
75.4649	1108.96	-27.991
75.4649	1119.73	-27.687
75.4649	1130.49	-27.367
75.4649	1141.26	-27.0298
75.4649	1152.03	-26.6741
75.4649	1162.79	-26.2984
75.4649	1173.56	-25.9011
75.4649	1184.33	-25.4803
75.4649	1195.09	-25.0339
75.4649	1205.86	-24.5593
75.4649	1216.63	-24.0539
75.4649	1227.39	-23.5144
75.4649	1238.16	-22.9372
75.4649	1248.93	-22.3183
75.4649	1259.69	-21.6536
75.4649	1270.46	-20.9389
75.4649	1281.23	-20.1713
75.4649	1291.99	-19.3518
75.4649	1302.76	-18.4924
75.4649	1313.53	-17.6369
75.4649	1324.29	-16.9272
75.4649	1335.06	-16.8203
75.4649	1345.83	-15.7378
75.4649	1356.59	3.5251
75.4649	1367.36	29.2413
78.3673	0	17.7981
78.3673	10.7666	23.7363
78.3673	21.5332	5.11115
78.3673	32.2998	-14.4686
78.3673	43.0664	-8.31151
78.3673	53.833	-8.24921
78.3673	64.5996	-8.95545
78.3673	75.3662	-9.81367
78.3673	86.1328	-10.6744
78.3673	96.8994	-11.4942
78.3673	107.666	-12.2616
78.3673	118.433	-12.9759
78.3673	129.199	-13.6402
78.3673	139.966	-14.2586
78.3673	150.732	-14.8354
78.3673	161.499	-15.3746
78.3673	172.266	-15.8798
78.3673	183.032	-16.354
78.3673	193.799	-16.8002
78.3673	204.565	-17.2208
78.3673	215.332	-17.6179
78.3673	226.099	-17.9934
78.3673	236.865	-18.349
78.3673	247.632	-18.686
78.3673	258.398	-19.0059
78.3673	269.165	-19.3098
78.3673	279.932	-19.5987
78.3673	290.698	-19.8735
78.3673	301.465	-20.1351
78.3673	312.231	-20.3842
78.3673	322.998	-20.6214
78.3673	333.765	-20.8474
78.3673	344.531	-21.0627
78.3673	355.298	-21.2679
78.3673	366.064	-21.4634
78.3673	376.831	-21.6495
78.3673	387.598	-21.8268
78.3673	398.364	-21.9954
78.3673	409.131	-22.1558
78.3673	419.897	-22.3083
78.3673	430.664	-22.453
78.3673	441.431	-22.5903
78.3673	452.197	-22.7204
78.3673	462.964	-22.8435
78.3673	473.73	-22.9598
78.3673	484.497	-23.0694
78.3673	495.264	-23.1726
78.3673	506.03	-23.2694
78.3673	516.797	-23.36
78.3673	527.563	-23.4446
78.3673	538.33	-23.5232
78.3673	549.097	-23.596
78.3673	559.863	-23.663
78.3673	570.63	-23.7243
78.3673	581.396	-23.7801
78.3673	592.163	-23.8304
78.3673	602.93	-23.8752
78.3673	613.696	-23.9146
78.3673	624.463	-23.9486
78.3673	635.229	-23.9774
78.3673	645.996	-24.0009
78.3673	656.763	-24.0191
78.3673	667.529	-24.0321
78.3673	678.296	-24.0399
78.3673	689.062	-24.0425
78.3673	699.829	-24.0399
78.3673	710.596	-24.0321
78.3673	721.362	-24.0191
78.3673	732.129	-24.0009
78.3673	742.896	-23.9774
78.3673	753.662	-23.9486
78.3673	764.429	-23.9146
78.3673	775.195	-23.8752
78.3673	785.962	-23.8304
78.3673	796.729	-23.7801
78.3673	807.495	-23.7243
78.3673	818.262	-23.663
78.3673	829.028	-23.596
78.3673	839.795	-23.5232
78.3673	850.562	-23.4446
78.3673	861.328	-23.36
78.3673	872.095	-23.2694
78.3673	882.861	-23.1726
78.3673	893.628	-23.0694
78.3673	904.395	-22.9598
78.3673	915.161	-22.8435
78.3673	925.928	-22.7204
78.3673	936.694	-22.5903
78.3673	947.461	-22.453
78.3673	958.228	-22.3083
78.3673	968.994	-22.1558
78.3673	979.761	-21.9954
78.3673	990.527	-21.8268
78.3673	1001.29	-21.6495
78.3673	1012.06	-21.4634
78.3673	1022.83	-21.2679
78.3673	1033.59	-21.0627
78.3673	1044.36	-20.8474
78.3673	1055.13	-20.6214
78.3673	1065.89	-20.3842
78.3673	1076.66	-20.1351
78.3673	1087.43	-19.8735
78.3673	1098.19	-19.5987
78.3673	1108.96	-19.3098
78.3673	1119.73	-19.0059
78.3673	1130.49	-18.686
78.3673	1141.26	-18.349
78.3673	1152.03	-17.9934
78.3673	1162.79	-17.6179
78.3673	1173.56	-17.2208
78.3673	1184.33	-16.8002
78.3673	1195.09	-16.354
78.3673	1205.86	-15.8798
78.3673	1216.63	-15.3746
78.3673	1227.39	-14.8354
78.3673	1238.16	-14.2586
78.3673	1248.93	-13.6402
78.3673	1259.69	-12.9759
78.3673	1270.46	-12.2616
78.3673	1281.23	-11.4942
78.3673	1291.99	-10.6744
78.3673	1302.76	-9.81367
78.3673	1313.53	-8.95545
78.3673	1324.29	-8.24921
78.3673	1335.06	-8.31151
78.3673	1345.83	-14.4686
78.3673	1356.59	5.11115
78.3673	1367.36	23.7363
81.2698	0	36.0805
81.2698	10.7666	29.6473
81.2698	21.5332	3.25579
81.2698	32.2998	-15.9437
81.2698	43.0664	-24.5467
81.2698	53.833	-25.7759
81.2698	64.5996	-26.5123
81.2698	75.3662	-27.3473
81.2698	86.1328	-28.1968
81.2698	96.8994	-29.0141
81.2698	107.666	-29.783
81.2698	118.433	-30.5005
81.2698	129.199	-31.1684
81.2698	139.966	-31.7905
81.2698	150.732	-32.3706
81.2698	161.499	-32.9128
81.2698	172.266	-33.4207
81.2698	183.032	-33.8974
81.2698	193.799	-34.3457
81.2698	204.565	-34.7681
81.2698	215.332	-35.1668
81.2698	226.099	-35.5438
81.2698	236.865	-35.9006
81.2698	247.632	-36.2389
81.2698	258.398	-36.5598
81.2698	269.165	-36.8646
81.2698	279.932	-37.1543
81.2698	290.698	-37.4299
81.2698	301.465	-37.6921
81.2698	312.231	-37.9417
81.2698	322.998	-38.1796
81.2698	333.765	-38.4061
81.2698	344.531	-38.6218
81.2698	355.298	-38.8274
81.2698	366.064	-39.0233
81.2698	376.831	-39.2097
81.2698	387.598	-39.3873
81.2698	398.364	-39.5563
81.2698	409.131	-39.717
81.2698	419.897	-39.8696
81.2698	430.664	-40.0146
81.2698	441.431	-40.1521
81.2698	452.197	-40.2824
81.2698	462.964	-40.4057
81.2698	473.73	-40.5221
81.2698	484.497	-40.6319
81.2698	495.264	-40.7352
81.2698	506.03	-40.8321
81.2698	516.797	-40.9229
81.2698	527.563	-41.0076
81.2698	538.33	-41.0862
81.2698	549.097	-41.1591
81.2698	559.863	-41.2262
81.2698	570.63	-41.2876
81.2698	581.396	-41.3435
81.2698	592.163	-41.3938
81.2698	602.93	-41.4386
81.2698	613.696	-41.4781
81.2698	624.463	-41.5122
81.2698	635.229	-41.541
81.2698	645.996	-41.5644
81.2698	656.763	-41.5827
81.2698	667.529	-41.5957
81.2698	678.296	-41.6035
81.2698	689.062	-41.6061
81.2698	699.829	-41.6035
81.2698	710.596	-41.5957
81.2698	721.362	-41.5827
81.2698	732.129	-41.5644
81.2698	742.896	-41.541
81.2698	753.662	-41.5122
81.2698	764.429	-41.4781
81.2698	775.195	-41.4386
81.2698	785.962	-41.3938
81.2698	796.729	-41.3435
81.2698	807.495	-41.2876
81.2698	818.262	-41.2262
81.2698	829.028	-41.1591
81.2698	839.795	-41.0862
81.2698	850.562	-41.0076
81.2698	861.328	-40.9229
81.2698	872.095	-40.8321
81.2698	882.861	-40.7352
81.2698	893.628	-40.6319
81.2698	904.395	-40.5221
81.2698	915.161	-40.4057
81.2698	925.928	-40.2824
81.2698	936.694	-40.1521
81.2698	947.461	-40.0146
81.2698	958.228	-39.8696
81.2698	968.994	-39.717
81.2698	979.761	-39.5563
81.2698	990.527	-39.3873
81.2698	1001.29	-39.2097
81.2698	1012.06	-39.0233
81.2698	1022.83	-38.8274
81.2698	1033.59	-38.6218
81.2698	1044.36	-38.4061
81.2698	1055.13	-38.1796
81.2698	1065.89	-37.9417
81.2698	1076.66	-37.6921
81.2698	1087.43	-37.4299
81.2698	1098.19	-37.1543
81.2698	1108.96	-36.8646
81.2698	1119.73	-36.5598
81.2698	1130.49	-36.2389
81.2698	1141.26	-35.9006
81.2698	1152.03	-35.5438
81.2698	1162.79	-35.1668
81.2698	1173.56	-34.7681
81.2698	1184.33	-34.3457
81.2698	1195.09	-33.8974
81.2698	1205.86	-33.4207
81.2698	1216.63	-32.9128
81.2698	1227.39	-32.3706
81.2698	1238.16	-31.7905
81.2698	1248.93	-31.1684
81.2698	1259.69	-30.5005
81.2698	1270.46	-29.783
81.2698	1281.23	-29.0141
81.2698	1291.99	-28.1968
81.2698	1302.76	-27.3473
81.2698	1313.53	-26.5123
81.2698	1324.29	-25.7759
81.2698	1335.06	-24.5467
81.2698	1345.83	-15.9437
81.2698	1356.59	3.25579
81.2698	1367.36	29.6473
84.1723	0	27.643
84.1723	10.7666	25.1293
84.1723	21.5332	4.90967
84.1723	32.2998	-14.6348
84.1723	43.0664	-8.90278
84.1723	53.833	-8.84445
84.1723	64.5996	-9.55077
84.1723	75.3662	-10.4089
84.1723	86.1328	-11.2696
84.1723	96.8994	-12.0894
84.1723	107.666	-12.8568
84.1723	118.433	-13.5711
84.1723	129.199	-14.2355
84.1723	139.966	-14.8539
84.1723	150.732	-15.4307
84.1723	161.499	-15.9699
84.1723	172.266	-16.475
84.1723	183.032	-16.9493
84.1723	193.799	-17.3955
84.1723	204.565	-17.8161
84.1723	215.332	-18.2132
84.1723	226.099	-18.5887
84.1723	236.865	-18.9443
84.1723	247.632	-19.2813
84.1723	258.398	-19.6012
84.1723	269.165	-19.9051
84.1723	279.932	-20.194
84.1723	290.698	-20.4688
84.1723	301.465	-20.7304
84.1723	312.231	-20.9795
84.1723	322.998	-21.2167
84.1723	333.765	-21.4427
84.1723	344.531	-21.6581
84.1723	355.298	-21.8632
84.1723	366.064	-22.0587
84.1723	376.831	-22.2448
84.1723	387.598	-22.4221
84.1723	398.364	-22.5907
84.1723	409.131	-22.7512
84.1723	419.897	-22.9036
84.1723	430.664	-23.0484
84.1723	441.431	-23.1857
84.1723	452.197	-23.3158
84.1723	462.964	-23.4389
84.1723	473.73	-23.5551
84.1723	484.497	-23.6648
84.1723	495.264	-23.7679
84.1723	506.03	-23.8647
84.1723	516.797	-23.9554
84.1723	527.563	-24.0399
84.1723	538.33	-24.1185
84.1723	549.097	-24.1913
84.1723	559.863	-24.2583
84.1723	570.63	-24.3197
84.1723	581.396	-24.3754
84.1723	592.163	-24.4257
84.1723	602.93	-24.4705
84.1723	613.696	-24.5099
84.1723	624.463	-24.544
84.1723	635.229	-24.5727
84.1723	645.996	-24.5962
84.1723	656.763	-24.6144
84.1723	667.529	-24.6274
84.1723	678.296	-24.6352
84.1723	689.062	-24.6378
84.1723	699.829	-24.6352
84.1723	710.596	-24.6274
84.1723	721.362	-24.6144
84.1723	732.129	-24.5962
84.1723	742.896	-24.5727
84.1723	753.662	-24.544
84.1723	764.429	-24.5099
84.1723	775.195	-24.4705
84.1723	785.962	-24.4257
84.1723	796.729	-24.3754
84.1723	807.495	-24.3197
84.1723	818.262	-24.2583
84.1723	829.028	-24.1913
84.1723	839.795	-24.1185
84.1723	850.562	-24.0399
84.1723	861.328	-23.9554
84.1723	872.095	-23.8647
84.1723	882.861	-23.7679
84.1723	893.628	-23.6648
84.1723	904.395	-23.5551
84.1723	915.161	-23.4389
84.1723	925.928	-23.3158
84.1723	936.694	-23.1857
84.1723	947.461	-23.0484
84.1723	958.228	-22.9036
84.1723	968.994	-22.7512
84.1723	979.761	-22.5907
84.1723	990.527	-22.4221
84.1723	1001.29	-22.2448
84.1723	1012.06	-22.0587
84.1723	1022.83	-21.8632
84.1723	1033.59	-21.6581
84.1723	1044.36	-21.4427
84.1723	1055.13	-21.2167
84.1723	1065.89	-20.9795
84.1723	1076.66	-20.7304
84.1723	1087.43	-20.4688
84.1723	1098.19	-20.194
84.1723	1108.96	-19.9051
84.1723	1119.73	-19.6012
84.1723	1130.49	-19.2813
84.1723	1141.26	-18.9443
84.1723	1152.03	-18.5887
84.1723	1162.79	-18.2132
84.1723	1173.56	-17.8161
84.1723	1184.33	-17.3955
84.1723	1195.09	-16.9493
84.1723	1205.86	-16.475
84.1723	1216.63	-15.9699
84.1723	1227.39	-15.4307
84.1723	1238.16	-14.8539
84.1723	1248.93	-14.2355
84.1723	1259.69	-13.5711
84.1723	1270.46	-12.8568
84.1723	1281.23	-12.0894
84.1723	1291.99	-11.2696
84.1723	1302.76	-10.4089
84.1723	1313.53	-9.55077
84.1723	1324.29	-8.84445
84.1723	1335.06	-8.90278
84.1723	1345.83	-14.6348
84.1723	1356.59	4.90967
84.1723	1367.36	25.1293
87.0748	0	34.2563
87.0748	10.7666	28.3462
87.0748	21.5332	3.99501
87.0748	32.2998	-15.3716
87.0748	43.0664	-12.7046
87.0748	53.833	-12.6902
87.0748	64.5996	-13.3974
87.0748	75.3662	-14.2548
87.0748	86.1328	-15.1152
87.0748	96.8994	-15.9349
87.0748	107.666	-16.7024
87.0748	118.433	-17.4168
87.0748	129.199	-18.0812
87.0748	139.966	-18.6997
87.0748	150.732	-19.2767
87.0748	161.499	-19.8159
87.0748	172.266	-20.3212
87.0748	183.032	-20.7955
87.0748	193.799	-21.2418
87.0748	204.565	-21.6624
87.0748	215.332	-22.0596
87.0748	226.099	-22.4351
87.0748	236.865	-22.7907
87.0748	247.632	-23.1278
87.0748	258.398	-23.4478
87.0748	269.165	-23.7517
87.0748	279.932	-24.0406
87.0748	290.698	-24.3154
87.0748	301.465	-24.577
87.0748	312.231	-24.8261
87.0748	322.998	-25.0633
87.0748	333.765	-25.2894
87.0748	344.531	-25.5047
87.0748	355.298	-25.7099
87.0748	366.064	-25.9054
87.0748	376.831	-26.0915
87.0748	387.598	-26.2688
87.0748	398.364	-26.4375
87.0748	409.131	-26.5979
87.0748	419.897	-26.7503
87.0748	430.664	-26.8951
87.0748	441.431	-27.0324
87.0748	452.197	-27.1625
87.0748	462.964	-27.2856
87.0748	473.73	-27.4019
87.0748	484.497	-27.5115
87.0748	495.264	-27.6147
87.0748	506.03	-27.7115
87.0748	516.797	-27.8021
87.0748	527.563	-27.8867
87.0748	538.33	-27.9653
87.0748	549.097	-28.0381
87.0748	559.863	-28.1051
87.0748	570.63	-28.1665
87.0748	581.396	-28.2222
87.0748	592.163	-28.2725
87.0748	602.93	-28.3173
87.0748	613.696	-28.3567
87.0748	624.463	-28.3908
87.0748	635.229	-28.4195
87.0748	645.996	-28.443
87.0748	656.763	-28.4612
87.0748	667.529	-28.4742
87.0748	678.296	-28.482
87.0748	689.062	-28.4846
87.0748	699.829	-28.482
87.0748	710.596	-28.4742
87.0748	721.362	-28.4612
87.0748	732.129	-28.443
87.0748	742.896	-28.4195
87.0748	753.662	-28.3908
87.0748	764.429	-28.3567
87.0748	775.195	-28.3173
87.0748	785.962	-28.2725
87.0748	796.729	-28.2222
87.0748	807.495	-28.1665
87.0748	818.262	-28.1051
87.0748	829.028	-28.0381
87.0748	839.795	-27.9653
87.0748	850.562	-27.8867
87.0748	861.328	-27.8021
87.0748	872.095	-27.7115
87.0748	882.861	-27.6147
87.0748	893.628	-27.5115
87.0748	904.395	-27.4019
87.0748	915.161	-27.2856
87.0748	925.928	-27.1625
87.0748	936.694	-27.0324
87.0748	947.461	-26.8951
87.0748	958.228	-26.7503
87.0748	968.994	-26.5979
87.0748	979.761	-26.4375
87.0748	990.527	-26.2688
87.0748	1001.29	-26.0915
87.0748	1012.06	-25.9054
87.0748	1022.83	-25.7099
87.0748	1033.59	-25.5047
87.0748	1044.36	-25.2894
87.0748	1055.13	-25.0633
87.0748	1065.89	-24.8261
87.0748	1076.66	-24.577
87.0748	1087.43	-24.3154
87.0748	1098.19	-24.0406
87.0748	1108.96	-23.7517
87.0748	1119.73	-23.4478
87.0748	1130.49	-23.1278
87.0748	1141.26	-22.7907
87.0748	1152.03	-22.4351
87.0748	1162.79	-22.0596
87.0748	1173.56	-21.6624
87.0748	1184.33	-21.2418
87.0748	1195.09	-20.7955
87.0748	1205.86	-20.3212
87.0748	1216.63	-19.8159
87.0748	1227.39	-19.2767
87.0748	1238.16	-18.6997
87.0748	1248.93	-18.0812
87.0748	1259.69	-17.4168
87.0748	1270.46	-16.7024
87.0748	1281.23	-15.9349
87.0748	1291.99	-15.1152
87.0748	1302.76	-14.2548
87.0748	1313.53	-13.3974
87.0748	1324.29	-12.6902
87.0748	1335.06	-12.7046
87.0748	1345.83	-15.3716
87.0748	1356.59	3.99501
87.0748	1367.36	28.3462
89.9773	0	33.9687
89.9773	10.7666	28.1558
89.9773	21.5332	4.07765
89.9773	32.2998	-15.3062
89.9773	43.0664	-12.2329
89.9773	53.833	-12.2108
89.9773	64.5996	-12.9178
89.9773	75.3662	-13.7754
89.9773	86.1328	-14.6358
89.9773	96.8994	-15.4555
89.9773	107.666	-16.223
89.9773	118.433	-16.9374
89.9773	129.199	-17.6018
89.9773	139.966	-18.2203
89.9773	150.732	-18.7972
89.9773	161.499	-19.3365
89.9773	172.266	-19.8417
89.9773	183.032	-20.316
89.9773	193.799	-20.7623
89.9773	204.565	-21.1829
89.9773	215.332	-21.5801
89.9773	226.099	-21.9556
89.9773	236.865	-22.3112
89.9773	247.632	-22.6483
89.9773	258.398	-22.9682
89.9773	269.165	-23.2721
89.9773	279.932	-23.561
89.9773	290.698	-23.8359
89.9773	301.465	-24.0974
89.9773	312.231	-24.3465
89.9773	322.998	-24.5838
89.9773	333.765	-24.8098
89.9773	344.531	-25.0252
89.9773	355.298	-25.2303
89.9773	366.064	-25.4258
89.9773	376.831	-25.612
89.9773	387.598	-25.7892
89.9773	398.364	-25.9579
89.9773	409.131	-26.1183
89.9773	419.897	-26.2708
89.9773	430.664	-26.4155
89.9773	441.431	-26.5528
89.9773	452.197	-26.6829
89.9773	462.964	-26.806
89.9773	473.73	-26.9223
89.9773	484.497	-27.0319
89.9773	495.264	-27.1351
89.9773	506.03	-27.2319
89.9773	516.797	-27.3225
89.9773	527.563	-27.4071
89.9773	538.33	-27.4857
89.9773	549.097	-27.5585
89.9773	559.863	-27.6255
89.9773	570.63	-27.6869
89.9773	581.396	-27.7426
89.9773	592.163	-27.7929
89.9773	602.93	-27.8377
89.9773	613.696	-27.8771
89.9773	624.463	-27.9112
89.9773	635.229	-27.9399
89.9773	645.996	-27.9634
89.9773	656.763	-27.9816
89.9773	667.529	-27.9946
89.9773	678.296	-28.0024
89.9773	689.062	-28.005
89.9773	699.829	-28.0024
89.9773	710.596	-27.9946
89.9773	721.362	-27.9816
89.9773	732.129	-27.9634
89.9773	742.896	-27.9399
89.9773	753.662	-27.9112
89.9773	764.429	-27.8771
89.9773	775.195	-27.8377
89.9773	785.962	-27.7929
89.9773	796.729	-27.7426
89.9773	807.495	-27.6869
89.9773	818.262	-27.6255
89.9773	829.028	-27.5585
89.9773	839.795	-27.4857
89.9773	850.562	-27.4071
89.9773	861.328	-27.3225
89.9773	872.095	-27.2319
89.9773	882.861	-27.1351
89.9773	893.628	-27.0319
89.9773	904.395	-26.9223
89.9773	915.161	-26.806
89.9773	925.928	-26.6829
89.9773	936.694	-26.5528
89.9773	947.461	-26.4155
89.9773	958.228	-26.2708
89.9773	968.994	-26.1183
89.9773	979.761	-25.9579
89.9773	990.527	-25.7892
89.9773	1001.29	-25.612
89.9773	1012.06	-25.4258
89.9773	1022.83	-25.2303
89.9773	1033.59	-25.0252
89.9773	1044.36	-24.8098
89.9773	1055.13	-24.5838
89.9773	1065.89	-24.3465
89.9773	1076.66	-24.0974
89.9773	1087.43	-23.8359
89.9773	1098.19	-23.561
89.9773	1108.96	-23.2721
89.9773	1119.73	-22.9682
89.9773	1130.49	-22.6483
89.9773	1141.26	-22.3112
89.9773	1152.03	-21.9556
89.9773	1162.79	-21.5801
89.9773	1173.56	-21.1829
89.9773	1184.33	-20.7623
89.9773	1195.09	-20.316
89.9773	1205.86	-19.8417
89.9773	1216.63	-19.3365
89.9773	1227.39	-18.7972
89.9773	1238.16	-18.2203
89.9773	1248.93	-17.6018
89.9773	1259.69	-16.9374
89.9773	1270.46	-16.223
89.9773	1281.23	-15.4555
89.9773	1291.99	-14.6358
89.9773	1302.76	-13.7754
89.9773	1313.53	-12.9178
89.9773	1324.29	-12.2108
89.9773	1335.06	-12.2329
89.9773	1345.83	-15.3062
89.9773	1356.59	4.07765
89.9773	1367.36	28.1558

