0	0	-15.1438
0	10.7666	-15.2174
0	21.5332	-15.9272
0	32.2998	-20.1687
0	43.0664	-0.66135
0	53.833	26.0913
0	64.5996	30.4546
0	75.3662	19.8728
0	86.1328	-14.625
0	96.8994	-16.6995
0	107.666	-15.3418
0	118.433	-15.8511
0	129.199	-16.6765
0	139.966	-17.5321
0	150.732	-18.346
0	161.499	-19.1008
0	172.266	-19.7958
0	183.032	-20.4352
0	193.799	-21.0247
0	204.565	-21.5697
0	215.332	-22.075
0	226.099	-22.5451
0	236.865	-22.9837
0	247.632	-23.3938
0	258.398	-23.7783
0	269.165	-24.1395
0	279.932	-24.4795
0	290.698	-24.8
0	301.465	-25.1025
0	312.231	-25.3884
0	322.998	-25.6589
0	333.765	-25.915
0	344.531	-26.1576
0	355.298	-26.3876
0	366.064	-26.6056
0	376.831	-26.8124
0	387.598	-27.0084
0	398.364	-27.1943
0	409.131	-27.3705
0	419.897	-27.5374
0	430.664	-27.6955
0	441.431	-27.845
0	452.197	-27.9863
0	462.964	-28.1197
0	473.73	-28.2454
0	484.497	-28.3638
0	495.264	-28.475
0	506.03	-28.5791
0	516.797	-28.6765
0	527.563	-28.7672
0	538.33	-28.8514
0	549.097	-28.9293
0	559.863	-29.001
0	570.63	-29.0665
0	581.396	-29.126
0	592.163	-29.1796
0	602.93	-29.2273
0	613.696	-29.2693
0	624.463	-29.3056
0	635.229	-29.3362
0	645.996	-29.3611
0	656.763	-29.3805
0	667.529	-29.3943
0	678.296	-29.4026
0	689.062	-29.4054
0	699.829	-29.4026
0	710.596	-29.3943
0	721.362	-29.3805
0	732.129	-29.3611
0	742.896	-29.3362
0	753.662	-29.3056
0	764.429	-29.2693
0	775.195	-29.2273
0	785.962	-29.1796
0	796.729	-29.126
0	807.495	-29.0665
0	818.262	-29.001
0	829.028	-28.9293
0	839.795	-28.8514
0	850.562	-28.7672
0	861.328	-28.6765
0	872.095	-28.5791
0	882.861	-28.475
0	893.628	-28.3638
0	904.395	-28.2454
0	915.161	-28.1197
0	925.928	-27.9863
0	936.694	-27.845
0	947.461	-27.6955
0	958.228	-27.5374
0	968.994	-27.3705
0	979.761	-27.1943
0	990.527	-27.0084
0	1001.29	-26.8124
0	1012.06	-26.6056
0	1022.83	-26.3876
0	1033.59	-26.1576
0	1044.36	-25.915
0	1055.13	-25.6589
0	1065.89	-25.3884
0	1076.66	-25.1025
0	1087.43	-24.8
0	1098.19	-24.4795
0	1108.96	-24.1395
0	1119.73	-23.7783
0	1130.49	-23.3938
0	1141.26	-22.9837
0	1152.03	-22.5451
0	1162.79	-22.075
0	1173.56	-21.5697
0	1184.33	-21.0247
0	1195.09	-20.4352
0	1205.86	-19.7958
0	1216.63	-19.1008
0	1227.39	-18.346
0	1238.16	-17.5321
0	1248.93	-16.6765
0	1259.69	-15.8511
0	1270.46	-15.3418
0	1281.23	-16.6995
0	1291.99	-14.625
0	1302.76	19.8728
0	1313.53	30.4546
0	1324.29	26.0913
0	1335.06	-0.66135
0	1345.83	-20.1687
0	1356.59	-15.9272
0	1367.36	-15.2174
2.90249	0	-12.6124
2.90249	10.7666	-12.709
2.90249	21.5332	-13.4257
2.90249	32.2998	-18.9142
2.90249	43.0664	-1.32145
2.90249	53.833	26.1175
2.90249	64.5996	30.4399
2.90249	75.3662	19.919
2.90249	86.1328	-12.8437
2.90249	96.8994	-20.233
2.90249	107.666	-18.0941
2.90249	118.433	-18.6171
2.90249	129.199	-19.5885
2.90249	139.966	-20.6207
2.90249	150.732	-21.6129
2.90249	161.499	-22.5379
2.90249	172.266	-23.3911
2.90249	183.032	-24.1759
2.90249	193.799	-24.898
2.90249	204.565	-25.5636
2.90249	215.332	-26.1786
2.90249	226.099	-26.7481
2.90249	236.865	-27.2769
2.90249	247.632	-27.7691
2.90249	258.398	-28.2283
2.90249	269.165	-28.6574
2.90249	279.932	-29.0594
2.90249	290.698	-29.4364
2.90249	301.465	-29.7906
2.90249	312.231	-30.1239
2.90249	322.998	-30.4378
2.90249	333.765	-30.7337
2.90249	344.531	-31.0129
2.90249	355.298	-31.2765
2.90249	366.064	-31.5255
2.90249	376.831	-31.7609
2.90249	387.598	-31.9833
2.90249	398.364	-32.1935
2.90249	409.131	-32.3921
2.90249	419.897	-32.5798
2.90249	430.664	-32.7571
2.90249	441.431	-32.9243
2.90249	452.197	-33.0821
2.90249	462.964	-33.2306
2.90249	473.73	-33.3704
2.90249	484.497	-33.5017
2.90249	495.264	-33.6247
2.90249	506.03	-33.7399
2.90249	516.797	-33.8474
2.90249	527.563	-33.9473
2.90249	538.33	-34.0401
2.90249	549.097	-34.1257
2.90249	559.863	-34.2044
2.90249	570.63	-34.2763
2.90249	581.396	-34.3415
2.90249	592.163	-34.4002
2.90249	602.93	-34.4524
2.90249	613.696	-34.4983
2.90249	624.463	-34.5379
2.90249	635.229	-34.5714
2.90249	645.996	-34.5986
2.90249	656.763	-34.6198
2.90249	667.529	-34.6349
2.90249	678.296	-34.6439
2.90249	689.062	-34.6469
2.90249	699.829	-34.6439
2.90249	710.596	-34.6349
2.90249	721.362	-34.6198
2.90249	732.129	-34.5986
2.90249	742.896	-34.5714
2.90249	753.662	-34.5379
2.90249	764.429	-34.4983
2.90249	775.195	-34.4524
2.90249	785.962	-34.4002
2.90249	796.729	-34.3415
2.90249	807.495	-34.2763
2.90249	818.262	-34.2044
2.90249	829.028	-34.1257
2.90249	839.795	-34.0401
2.90249	850.562	-33.9473
2.90249	861.328	-33.8474
2.90249	872.095	-33.7399
2.90249	882.861	-33.6247
2.90249	893.628	-33.5017
2.90249	904.395	-33.3704
2.90249	915.161	-33.2306
2.90249	925.928	-33.0821
2.90249	936.694	-32.9243
2.90249	947.461	-32.7571
2.90249	958.228	-32.5798
2.90249	968.994	-32.3921
2.90249	979.761	-32.1935
2.90249	990.527	-31.9833
2.90249	1001.29	-31.7609
2.90249	1012.06	-31.5255
2.90249	1022.83	-31.2765
2.90249	1033.59	-31.0129
2.90249	1044.36	-30.7337
2.90249	1055.13	-30.4378
2.90249	1065.89	-30.1239
2.90249	1076.66	-29.7906
2.90249	1087.43	-29.4364
2.90249	1098.19	-29.0594
2.90249	1108.96	-28.6574
2.90249	1119.73	-28.2283
2.90249	1130.49	-27.7691
2.90249	1141.26	-27.2769
2.90249	1152.03	-26.7481
2.90249	1162.79	-26.1786
2.90249	1173.56	-25.5636
2.90249	1184.33	-24.898
2.90249	1195.09	-24.1759
2.90249	1205.86	-23.3911
2.90249	1216.63	-22.5379
2.90249	1227.39	-21.6129
2.90249	1238.16	-20.6207
2.90249	1248.93	-19.5885
2.90249	1259.69	-18.6171
2.90249	1270.46	-18.0941
2.90249	1281.23	-20.233
2.90249	1291.99	-12.8437
2.90249	1302.76	19.919
2.90249	1313.53	30.4399
2.90249	1324.29	26.1175
2.90249	1335.06	-1.32145
2.90249	1345.83	-18.9142
2.90249	1356.59	-13.4257
2.90249	1367.36	-12.709
5.80499	0	-35.7293
5.80499	10.7666	-32.0839
5.80499	21.5332	-32.0958
5.80499	32.2998	-22.5312
5.80499	43.0664	0.0451835
5.80499	53.833	26.0583
5.80499	64.5996	30.473
5.80499	75.3662	19.8144
5.80499	86.1328	-19.0054
5.80499	96.8994	-14.4012
5.80499	107.666	-13.333
5.80499	118.433	-13.8365
5.80499	129.199	-14.6025
5.80499	139.966	-15.3899
5.80499	150.732	-16.1386
5.80499	161.499	-16.8346
5.80499	172.266	-17.4775
5.80499	183.032	-18.0713
5.80499	193.799	-18.6208
5.80499	204.565	-19.1308
5.80499	215.332	-19.6055
5.80499	226.099	-20.0485
5.80499	236.865	-20.4632
5.80499	247.632	-20.8522
5.80499	258.398	-21.2179
5.80499	269.165	-21.5623
5.80499	279.932	-21.8873
5.80499	290.698	-22.1943
5.80499	301.465	-22.4847
5.80499	312.231	-22.7596
5.80499	322.998	-23.0202
5.80499	333.765	-23.2673
5.80499	344.531	-23.5017
5.80499	355.298	-23.7242
5.80499	366.064	-23.9355
5.80499	376.831	-24.136
5.80499	387.598	-24.3264
5.80499	398.364	-24.5071
5.80499	409.131	-24.6785
5.80499	419.897	-24.841
5.80499	430.664	-24.995
5.80499	441.431	-25.1408
5.80499	452.197	-25.2787
5.80499	462.964	-25.409
5.80499	473.73	-25.5318
5.80499	484.497	-25.6475
5.80499	495.264	-25.7562
5.80499	506.03	-25.8582
5.80499	516.797	-25.9534
5.80499	527.563	-26.0423
5.80499	538.33	-26.1248
5.80499	549.097	-26.2011
5.80499	559.863	-26.2713
5.80499	570.63	-26.3356
5.80499	581.396	-26.394
5.80499	592.163	-26.4465
5.80499	602.93	-26.4934
5.80499	613.696	-26.5345
5.80499	624.463	-26.5701
5.80499	635.229	-26.6002
5.80499	645.996	-26.6247
5.80499	656.763	-26.6437
5.80499	667.529	-26.6573
5.80499	678.296	-26.6654
5.80499	689.062	-26.6681
5.80499	699.829	-26.6654
5.80499	710.596	-26.6573
5.80499	721.362	-26.6437
5.80499	732.129	-26.6247
5.80499	742.896	-26.6002
5.80499	753.662	-26.5701
5.80499	764.429	-26.5345
5.80499	775.195	-26.4934
5.80499	785.962	-26.4465
5.80499	796.729	-26.394
5.80499	807.495	-26.3356
5.80499	818.262	-26.2713
5.80499	829.028	-26.2011
5.80499	839.795	-26.1248
5.80499	850.562	-26.0423
5.80499	861.328	-25.9534
5.80499	872.095	-25.8582
5.80499	882.861	-25.7562
5.80499	893.628	-25.6475
5.80499	904.395	-25.5318
5.80499	915.161	-25.409
5.80499	925.928	-25.2787
5.80499	936.694	-25.1408
5.80499	947.461	-24.995
5.80499	958.228	-24.841
5.80499	968.994	-24.6785
5.80499	979.761	-24.5071
5.80499	990.527	-24.3264
5.80499	1001.29	-24.136
5.80499	1012.06	-23.9355
5.80499	1022.83	-23.7242
5.80499	1033.59	-23.5017
5.80499	1044.36	-23.2673
5.80499	1055.13	-23.0202
5.80499	1065.89	-22.7596
5.80499	1076.66	-22.4847
5.80499	1087.43	-22.1943
5.80499	1098.19	-21.8873
5.80499	1108.96	-21.5623
5.80499	1119.73	-21.2179
5.80499	1130.49	-20.8522
5.80499	1141.26	-20.4632
5.80499	1152.03	-20.0485
5.80499	1162.79	-19.6055
5.80499	1173.56	-19.1308
5.80499	1184.33	-18.6208
5.80499	1195.09	-18.0713
5.80499	1205.86	-17.4775
5.80499	1216.63	-16.8346
5.80499	1227.39	-16.1386
5.80499	1238.16	-15.3899
5.80499	1248.93	-14.6025
5.80499	1259.69	-13.8365
5.80499	1270.46	-13.333
5.80499	1281.23	-14.4012
5.80499	1291.99	-19.0054
5.80499	1302.76	19.8144
5.80499	1313.53	30.473
5.80499	1324.29	26.0583
5.80499	1335.06	0.0451835
5.80499	1345.83	-22.5312
5.80499	1356.59	-32.0958
5.80499	1367.36	-32.0839
8.70748	0	-12.2109
8.70748	10.7666	-12.31
8.70748	21.5332	-13.0276
8.70748	32.2998	-18.6816
8.70748	43.0664	-1.48066
8.70748	53.833	26.1232
8.70748	64.5996	30.4366
8.70748	75.3662	19.929
8.70748	86.1328	-12.5345
8.70748	96.8994	-21.6323
8.70748	107.666	-19.0307
8.70748	118.433	-19.5607
8.70748	129.199	-20.6093
8.70748	139.966	-21.7404
8.70748	150.732	-22.8392
8.70748	161.499	-23.8725
8.70748	172.266	-24.833
8.70748	183.032	-25.7225
8.70748	193.799	-26.5456
8.70748	204.565	-27.3079
8.70748	215.332	-28.015
8.70748	226.099	-28.6721
8.70748	236.865	-29.2837
8.70748	247.632	-29.8541
8.70748	258.398	-30.3869
8.70748	269.165	-30.8854
8.70748	279.932	-31.3525
8.70748	290.698	-31.7907
8.70748	301.465	-32.2024
8.70748	312.231	-32.5895
8.70748	322.998	-32.9538
8.70748	333.765	-33.2971
8.70748	344.531	-33.6206
8.70748	355.298	-33.9257
8.70748	366.064	-34.2136
8.70748	376.831	-34.4853
8.70748	387.598	-34.7418
8.70748	398.364	-34.9839
8.70748	409.131	-35.2123
8.70748	419.897	-35.4279
8.70748	430.664	-35.6312
8.70748	441.431	-35.8228
8.70748	452.197	-36.0032
8.70748	462.964	-36.1729
8.70748	473.73	-36.3323
8.70748	484.497	-36.4819
8.70748	495.264	-36.622
8.70748	506.03	-36.7529
8.70748	516.797	-36.875
8.70748	527.563	-36.9884
8.70748	538.33	-37.0935
8.70748	549.097	-37.1905
8.70748	559.863	-37.2795
8.70748	570.63	-37.3608
8.70748	581.396	-37.4345
8.70748	592.163	-37.5008
8.70748	602.93	-37.5598
8.70748	613.696	-37.6115
8.70748	624.463	-37.6562
8.70748	635.229	-37.6939
8.70748	645.996	-37.7246
8.70748	656.763	-37.7484
8.70748	667.529	-37.7654
8.70748	678.296	-37.7756
8.70748	689.062	-37.779
8.70748	699.829	-37.7756
8.70748	710.596	-37.7654
8.70748	721.362	-37.7484
8.70748	732.129	-37.7246
8.70748	742.896	-37.6939
8.70748	753.662	-37.6562
8.70748	764.429	-37.6115
8.70748	775.195	-37.5598
8.70748	785.962	-37.5008
8.70748	796.729	-37.4345
8.70748	807.495	-37.3608
8.70748	818.262	-37.2795
8.70748	829.028	-37.1905
8.70748	839.795	-37.0935
8.70748	850.562	-36.9884
8.70748	861.328	-36.875
8.70748	872.095	-36.7529
8.70748	882.861	-36.622
8.70748	893.628	-36.4819
8.70748	904.395	-36.3323
8.70748	915.161	-36.1729
8.70748	925.928	-36.0032
8.70748	936.694	-35.8228
8.70748	947.461	-35.6312
8.70748	958.228	-35.4279
8.70748	968.994	-35.2123
8.70748	979.761	-34.9839
8.70748	990.527	-34.7418
8.70748	1001.29	-34.4853
8.70748	1012.06	-34.2136
8.70748	1022.83	-33.9257
8.70748	1033.59	-33.6206
8.70748	1044.36	-33.2971
8.70748	1055.13	-32.9538
8.70748	1065.89	-32.5895
8.70748	1076.66	-32.2024
8.70748	1087.43	-31.7907
8.70748	1098.19	-31.3525
8.70748	1108.96	-30.8854
8.70748	1119.73	-30.3869
8.70748	1130.49	-29.8541
8.70748	1141.26	-29.2837
8.70748	1152.03	-28.6721
8.70748	1162.79	-28.015
8.70748	1173.56	-27.3079
8.70748	1184.33	-26.5456
8.70748	1195.09	-25.7225
8.70748	1205.86	-24.833
8.70748	1216.63	-23.8725
8.70748	1227.39	-22.8392
8.70748	1238.16	-21.7404
8.70748	1248.93	-20.6093
8.70748	1259.69	-19.5607
8.70748	1270.46	-19.0307
8.70748	1281.23	-21.6323
8.70748	1291.99	-12.5345
8.70748	1302.76	19.929
8.70748	1313.53	30.4366
8.70748	1324.29	26.1232
8.70748	1335.06	-1.48066
8.70748	1345.83	-18.6816
8.70748	1356.59	-13.0276
8.70748	1367.36	-12.31
11.61	0	-16.4951
11.61	10.7666	-16.5498
11.61	21.5332	-17.2539
11.61	32.2998	-20.6903
11.61	43.0664	-0.459164
11.61	53.833	26.0824
11.61	64.5996	30.4596
11.61	75.3662	19.8571
11.61	86.1328	-15.4413
11.61	96.8994	-15.9507
11.61	107.666	-14.7023
11.61	118.433	-15.2095
11.61	129.199	-16.0128
11.61	139.966	-16.8428
11.61	150.732	-17.632
11.61	161.499	-18.3643
11.61	172.266	-19.0393
11.61	183.032	-19.661
11.61	193.799	-20.2349
11.61	204.565	-20.7662
11.61	215.332	-21.2594
11.61	226.099	-21.7188
11.61	236.865	-22.1479
11.61	247.632	-22.5496
11.61	258.398	-22.9266
11.61	269.165	-23.2811
11.61	279.932	-23.6151
11.61	290.698	-23.9301
11.61	301.465	-24.2278
11.61	312.231	-24.5093
11.61	322.998	-24.7757
11.61	333.765	-25.0282
11.61	344.531	-25.2675
11.61	355.298	-25.4944
11.61	366.064	-25.7097
11.61	376.831	-25.9139
11.61	387.598	-26.1077
11.61	398.364	-26.2915
11.61	409.131	-26.4657
11.61	419.897	-26.6308
11.61	430.664	-26.7872
11.61	441.431	-26.9352
11.61	452.197	-27.0752
11.61	462.964	-27.2073
11.61	473.73	-27.3319
11.61	484.497	-27.4491
11.61	495.264	-27.5593
11.61	506.03	-27.6625
11.61	516.797	-27.759
11.61	527.563	-27.849
11.61	538.33	-27.9325
11.61	549.097	-28.0098
11.61	559.863	-28.0808
11.61	570.63	-28.1458
11.61	581.396	-28.2049
11.61	592.163	-28.2581
11.61	602.93	-28.3054
11.61	613.696	-28.3471
11.61	624.463	-28.3831
11.61	635.229	-28.4134
11.61	645.996	-28.4382
11.61	656.763	-28.4574
11.61	667.529	-28.4712
11.61	678.296	-28.4794
11.61	689.062	-28.4821
11.61	699.829	-28.4794
11.61	710.596	-28.4712
11.61	721.362	-28.4574
11.61	732.129	-28.4382
11.61	742.896	-28.4134
11.61	753.662	-28.3831
11.61	764.429	-28.3471
11.61	775.195	-28.3054
11.61	785.962	-28.2581
11.61	796.729	-28.2049
11.61	807.495	-28.1458
11.61	818.262	-28.0808
11.61	829.028	-28.0098
11.61	839.795	-27.9325
11.61	850.562	-27.849
11.61	861.328	-27.759
11.61	872.095	-27.6625
11.61	882.861	-27.5593
11.61	893.628	-27.4491
11.61	904.395	-27.3319
11.61	915.161	-27.2073
11.61	925.928	-27.0752
11.61	936.694	-26.9352
11.61	947.461	-26.7872
11.61	958.228	-26.6308
11.61	968.994	-26.4657
11.61	979.761	-26.2915
11.61	990.527	-26.1077
11.61	1001.29	-25.9139
11.61	1012.06	-25.7097
11.61	1022.83	-25.4944
11.61	1033.59	-25.2675
11.61	1044.36	-25.0282
11.61	1055.13	-24.7757
11.61	1065.89	-24.5093
11.61	1076.66	-24.2278
11.61	1087.43	-23.9301
11.61	1098.19	-23.6151
11.61	1108.96	-23.2811
11.61	1119.73	-22.9266
11.61	1130.49	-22.5496
11.61	1141.26	-22.1479
11.61	1152.03	-21.7188
11.61	1162.79	-21.2594
11.61	1173.56	-20.7662
11.61	1184.33	-20.2349
11.61	1195.09	-19.661
11.61	1205.86	-19.0393
11.61	1216.63	-18.3643
11.61	1227.39	-17.632
11.61	1238.16	-16.8428
11.61	1248.93	-16.0128
11.61	1259.69	-15.2095
11.61	1270.46	-14.7023
11.61	1281.23	-15.9507
11.61	1291.99	-15.4413
11.61	1302.76	19.8571
11.61	1313.53	30.4596
11.61	1324.29	26.0824
11.61	1335.06	-0.459164
11.61	1345.83	-20.6903
11.61	1356.59	-17.2539
11.61	1367.36	-16.5498
14.5125	0	-16.8473
14.5125	10.7666	-16.896
14.5125	21.5332	-17.5983
14.5125	32.2998	-20.8103
14.5125	43.0664	-0.417205
14.5125	53.833	26.0805
14.5125	64.5996	30.4606
14.5125	75.3662	19.8538
14.5125	86.1328	-15.6374
14.5125	96.8994	-15.8063
14.5125	107.666	-14.5772
14.5125	118.433	-15.084
14.5125	129.199	-15.8834
14.5125	139.966	-16.7089
14.5125	150.732	-17.4937
14.5125	161.499	-18.2221
14.5125	172.266	-18.8936
14.5125	183.032	-19.5123
14.5125	193.799	-20.0835
14.5125	204.565	-20.6124
14.5125	215.332	-21.1036
14.5125	226.099	-21.5611
14.5125	236.865	-21.9886
14.5125	247.632	-22.3889
14.5125	258.398	-22.7646
14.5125	269.165	-23.118
14.5125	279.932	-23.4509
14.5125	290.698	-23.7651
14.5125	301.465	-24.0619
14.5125	312.231	-24.3426
14.5125	322.998	-24.6085
14.5125	333.765	-24.8603
14.5125	344.531	-25.099
14.5125	355.298	-25.3255
14.5125	366.064	-25.5403
14.5125	376.831	-25.7441
14.5125	387.598	-25.9375
14.5125	398.364	-26.1209
14.5125	409.131	-26.2948
14.5125	419.897	-26.4596
14.5125	430.664	-26.6158
14.5125	441.431	-26.7635
14.5125	452.197	-26.9032
14.5125	462.964	-27.0351
14.5125	473.73	-27.1595
14.5125	484.497	-27.2766
14.5125	495.264	-27.3866
14.5125	506.03	-27.4896
14.5125	516.797	-27.586
14.5125	527.563	-27.6758
14.5125	538.33	-27.7593
14.5125	549.097	-27.8364
14.5125	559.863	-27.9074
14.5125	570.63	-27.9723
14.5125	581.396	-28.0313
14.5125	592.163	-28.0844
14.5125	602.93	-28.1317
14.5125	613.696	-28.1733
14.5125	624.463	-28.2092
14.5125	635.229	-28.2395
14.5125	645.996	-28.2643
14.5125	656.763	-28.2835
14.5125	667.529	-28.2972
14.5125	678.296	-28.3054
14.5125	689.062	-28.3081
14.5125	699.829	-28.3054
14.5125	710.596	-28.2972
14.5125	721.362	-28.2835
14.5125	732.129	-28.2643
14.5125	742.896	-28.2395
14.5125	753.662	-28.2092
14.5125	764.429	-28.1733
14.5125	775.195	-28.1317
14.5125	785.962	-28.0844
14.5125	796.729	-28.0313
14.5125	807.495	-27.9723
14.5125	818.262	-27.9074
14.5125	829.028	-27.8364
14.5125	839.795	-27.7593
14.5125	850.562	-27.6758
14.5125	861.328	-27.586
14.5125	872.095	-27.4896
14.5125	882.861	-27.3866
14.5125	893.628	-27.2766
14.5125	904.395	-27.1595
14.5125	915.161	-27.0351
14.5125	925.928	-26.9032
14.5125	936.694	-26.7635
14.5125	947.461	-26.6158
14.5125	958.228	-26.4596
14.5125	968.994	-26.2948
14.5125	979.761	-26.1209
14.5125	990.527	-25.9375
14.5125	1001.29	-25.7441
14.5125	1012.06	-25.5403
14.5125	1022.83	-25.3255
14.5125	1033.59	-25.099
14.5125	1044.36	-24.8603
14.5125	1055.13	-24.6085
14.5125	1065.89	-24.3426
14.5125	1076.66	-24.0619
14.5125	1087.43	-23.7651
14.5125	1098.19	-23.4509
14.5125	1108.96	-23.118
14.5125	1119.73	-22.7646
14.5125	1130.49	-22.3889
14.5125	1141.26	-21.9886
14.5125	1152.03	-21.5611
14.5125	1162.79	-21.1036
14.5125	1173.56	-20.6124
14.5125	1184.33	-20.0835
14.5125	1195.09	-19.5123
14.5125	1205.86	-18.8936
14.5125	1216.63	-18.2221
14.5125	1227.39	-17.4937
14.5125	1238.16	-16.7089
14.5125	1248.93	-15.8834
14.5125	1259.69	-15.084
14.5125	1270.46	-14.5772
14.5125	1281.23	-15.8063
14.5125	1291.99	-15.6374
14.5125	1302.76	19.8538
14.5125	1313.53	30.4606
14.5125	1324.29	26.0805
14.5125	1335.06	-0.417205
14.5125	1345.83	-20.8103
14.5125	1356.59	-17.5983
14.5125	1367.36	-16.896
17.415	0	-12.1432
17.415	10.7666	-12.2427
17.415	21.5332	-12.9604
17.415	32.2998	-18.6415
17.415	43.0664	-1.50963
17.415	53.833	26.1242
17.415	64.5996	30.436
17.415	75.3662	19.9308
17.415	86.1328	-12.4817
17.415	96.8994	-21.9366
17.415	107.666	-19.2209
17.415	118.433	-19.7525
17.415	129.199	-20.8192
17.415	139.966	-21.9739
17.415	150.732	-23.099
17.415	161.499	-24.16
17.415	172.266	-25.1487
17.415	183.032	-26.0665
17.415	193.799	-26.9178
17.415	204.565	-27.7079
17.415	215.332	-28.4423
17.415	226.099	-29.1259
17.415	236.865	-29.7633
17.415	247.632	-30.3587
17.415	258.398	-30.9156
17.415	269.165	-31.4372
17.415	279.932	-31.9265
17.415	290.698	-32.3861
17.415	301.465	-32.8181
17.415	312.231	-33.2246
17.415	322.998	-33.6075
17.415	333.765	-33.9683
17.415	344.531	-34.3086
17.415	355.298	-34.6296
17.415	366.064	-34.9326
17.415	376.831	-35.2186
17.415	387.598	-35.4885
17.415	398.364	-35.7434
17.415	409.131	-35.9839
17.415	419.897	-36.2109
17.415	430.664	-36.4249
17.415	441.431	-36.6266
17.415	452.197	-36.8165
17.415	462.964	-36.9951
17.415	473.73	-37.1629
17.415	484.497	-37.3204
17.415	495.264	-37.4678
17.415	506.03	-37.6055
17.415	516.797	-37.7339
17.415	527.563	-37.8532
17.415	538.33	-37.9638
17.415	549.097	-38.0657
17.415	559.863	-38.1593
17.415	570.63	-38.2448
17.415	581.396	-38.3223
17.415	592.163	-38.3919
17.415	602.93	-38.4539
17.415	613.696	-38.5083
17.415	624.463	-38.5553
17.415	635.229	-38.5948
17.415	645.996	-38.6271
17.415	656.763	-38.6521
17.415	667.529	-38.67
17.415	678.296	-38.6807
17.415	689.062	-38.6842
17.415	699.829	-38.6807
17.415	710.596	-38.67
17.415	721.362	-38.6521
17.415	732.129	-38.6271
17.415	742.896	-38.5948
17.415	753.662	-38.5553
17.415	764.429	-38.5083
17.415	775.195	-38.4539
17.415	785.962	-38.3919
17.415	796.729	-38.3223
17.415	807.495	-38.2448
17.415	818.262	-38.1593
17.415	829.028	-38.0657
17.415	839.795	-37.9638
17.415	850.562	-37.8532
17.415	861.328	-37.7339
17.415	872.095	-37.6055
17.415	882.861	-37.4678
17.415	893.628	-37.3204
17.415	904.395	-37.1629
17.415	915.161	-36.9951
17.415	925.928	-36.8165
17.415	936.694	-36.6266
17.415	947.461	-36.4249
17.415	958.228	-36.2109
17.415	968.994	-35.9839
17.415	979.761	-35.7434
17.415	990.527	-35.4885
17.415	1001.29	-35.2186
17.415	1012.06	-34.9326
17.415	1022.83	-34.6296
17.415	1033.59	-34.3086
17.415	1044.36	-33.9683
17.415	1055.13	-33.6075
17.415	1065.89	-33.2246
17.415	1076.66	-32.8181
17.415	1087.43	-32.3861
17.415	1098.19	-31.9265
17.415	1108.96	-31.4372
17.415	1119.73	-30.9156
17.415	1130.49	-30.3587
17.415	1141.26	-29.7633
17.415	1152.03	-29.1259
17.415	1162.79	-28.4423
17.415	1173.56	-27.7079
17.415	1184.33	-26.9178
17.415	1195.09	-26.0665
17.415	1205.86	-25.1487
17.415	1216.63	-24.16
17.415	1227.39	-23.099
17.415	1238.16	-21.9739
17.415	1248.93	-20.8192
17.415	1259.69	-19.7525
17.415	1270.46	-19.2209
17.415	1281.23	-21.9366
17.415	1291.99	-12.4817
17.415	1302.76	19.9308
17.415	1313.53	30.436
17.415	1324.29	26.1242
17.415	1335.06	-1.50963
17.415	1345.83	-18.6415
17.415	1356.59	-12.9604
17.415	1367.36	-12.2427
20.3175	0	-32.5417
20.3175	10.7666	-30.4564
20.3175	21.5332	-30.6791
20.3175	32.2998	-22.5014
20.3175	43.0664	0.0389516
20.3175	53.833	26.0586
20.3175	64.5996	30.4728
20.3175	75.3662	19.8149
20.3175	86.1328	-18.9338
20.3175	96.8994	-14.4183
20.3175	107.666	-13.3484
20.3175	118.433	-13.852
20.3175	129.199	-14.6183
20.3175	139.966	-15.4061
20.3175	150.732	-16.1552
20.3175	161.499	-16.8515
20.3175	172.266	-17.4947
20.3175	183.032	-18.0888
20.3175	193.799	-18.6385
20.3175	204.565	-19.1487
20.3175	215.332	-19.6235
20.3175	226.099	-20.0667
20.3175	236.865	-20.4815
20.3175	247.632	-20.8706
20.3175	258.398	-21.2364
20.3175	269.165	-21.5809
20.3175	279.932	-21.9059
20.3175	290.698	-22.213
20.3175	301.465	-22.5035
20.3175	312.231	-22.7785
20.3175	322.998	-23.0391
20.3175	333.765	-23.2863
20.3175	344.531	-23.5207
20.3175	355.298	-23.7433
20.3175	366.064	-23.9546
20.3175	376.831	-24.1551
20.3175	387.598	-24.3455
20.3175	398.364	-24.5262
20.3175	409.131	-24.6977
20.3175	419.897	-24.8602
20.3175	430.664	-25.0143
20.3175	441.431	-25.1601
20.3175	452.197	-25.298
20.3175	462.964	-25.4283
20.3175	473.73	-25.5511
20.3175	484.497	-25.6668
20.3175	495.264	-25.7756
20.3175	506.03	-25.8775
20.3175	516.797	-25.9728
20.3175	527.563	-26.0617
20.3175	538.33	-26.1442
20.3175	549.097	-26.2205
20.3175	559.863	-26.2907
20.3175	570.63	-26.355
20.3175	581.396	-26.4134
20.3175	592.163	-26.4659
20.3175	602.93	-26.5128
20.3175	613.696	-26.554
20.3175	624.463	-26.5896
20.3175	635.229	-26.6196
20.3175	645.996	-26.6441
20.3175	656.763	-26.6631
20.3175	667.529	-26.6767
20.3175	678.296	-26.6848
20.3175	689.062	-26.6876
20.3175	699.829	-26.6848
20.3175	710.596	-26.6767
20.3175	721.362	-26.6631
20.3175	732.129	-26.6441
20.3175	742.896	-26.6196
20.3175	753.662	-26.5896
20.3175	764.429	-26.554
20.3175	775.195	-26.5128
20.3175	785.962	-26.4659
20.3175	796.729	-26.4134
20.3175	807.495	-26.355
20.3175	818.262	-26.2907
20.3175	829.028	-26.2205
20.3175	839.795	-26.1442
20.3175	850.562	-26.0617
20.3175	861.328	-25.9728
20.3175	872.095	-25.8775
20.3175	882.861	-25.7756
20.3175	893.628	-25.6668
20.3175	904.395	-25.5511
20.3175	915.161	-25.4283
20.3175	925.928	-25.298
20.3175	936.694	-25.1601
20.3175	947.461	-25.0143
20.3175	958.228	-24.8602
20.3175	968.994	-24.6977
20.3175	979.761	-24.5262
20.3175	990.527	-24.3455
20.3175	1001.29	-24.1551
20.3175	1012.06	-23.9546
20.3175	1022.83	-23.7433
20.3175	1033.59	-23.5207
20.3175	1044.36	-23.2863
20.3175	1055.13	-23.0391
20.3175	1065.89	-22.7785
20.3175	1076.66	-22.5035
20.3175	1087.43	-22.213
20.3175	1098.19	-21.9059
20.3175	1108.96	-21.5809
20.3175	1119.73	-21.2364
20.3175	1130.49	-20.8706
20.3175	1141.26	-20.4815
20.3175	1152.03	-20.0667
20.3175	1162.79	-19.6235
20.3175	1173.56	-19.1487
20.3175	1184.33	-18.6385
20.3175	1195.09	-18.0888
20.3175	1205.86	-17.4947
20.3175	1216.63	-16.8515
20.3175	1227.39	-16.1552
20.3175	1238.16	-15.4061
20.3175	1248.93	-14.6183
20.3175	1259.69	-13.852
20.3175	1270.46	-13.3484
20.3175	1281.23	-14.4183
20.3175	1291.99	-18.9338
20.3175	1302.76	19.8149
20.3175	1313.53	30.4728
20.3175	1324.29	26.0586
20.3175	1335.06	0.0389516
20.3175	1345.83	-22.5014
20.3175	1356.59	-30.6791
20.3175	1367.36	-30.4564
23.22	0	-12.7241
23.22	10.7666	-12.8199
23.22	21.5332	-13.5364
23.22	32.2998	-18.9773
23.22	43.0664	-1.28066
23.22	53.833	26.116
23.22	64.5996	30.4407
23.22	75.3662	19.9163
23.22	86.1328	-12.9285
23.22	96.8994	-19.9302
23.22	107.666	-17.8787
23.22	118.433	-18.4002
23.22	129.199	-19.3563
23.22	139.966	-20.3694
23.22	150.732	-21.3416
23.22	161.499	-22.2467
23.22	172.266	-23.0808
23.22	183.032	-23.8476
23.22	193.799	-24.5527
23.22	204.565	-25.2025
23.22	215.332	-25.8028
23.22	226.099	-26.3587
23.22	236.865	-26.8749
23.22	247.632	-27.3555
23.22	258.398	-27.8038
23.22	269.165	-28.2231
23.22	279.932	-28.6158
23.22	290.698	-28.9844
23.22	301.465	-29.3308
23.22	312.231	-29.6568
23.22	322.998	-29.964
23.22	333.765	-30.2537
23.22	344.531	-30.5272
23.22	355.298	-30.7855
23.22	366.064	-31.0296
23.22	376.831	-31.2604
23.22	387.598	-31.4785
23.22	398.364	-31.6848
23.22	409.131	-31.8799
23.22	419.897	-32.0642
23.22	430.664	-32.2383
23.22	441.431	-32.4026
23.22	452.197	-32.5577
23.22	462.964	-32.7037
23.22	473.73	-32.8412
23.22	484.497	-32.9703
23.22	495.264	-33.0914
23.22	506.03	-33.2047
23.22	516.797	-33.3105
23.22	527.563	-33.4089
23.22	538.33	-33.5002
23.22	549.097	-33.5845
23.22	559.863	-33.662
23.22	570.63	-33.7329
23.22	581.396	-33.7971
23.22	592.163	-33.855
23.22	602.93	-33.9065
23.22	613.696	-33.9517
23.22	624.463	-33.9908
23.22	635.229	-34.0237
23.22	645.996	-34.0506
23.22	656.763	-34.0714
23.22	667.529	-34.0863
23.22	678.296	-34.0952
23.22	689.062	-34.0982
23.22	699.829	-34.0952
23.22	710.596	-34.0863
23.22	721.362	-34.0714
23.22	732.129	-34.0506
23.22	742.896	-34.0237
23.22	753.662	-33.9908
23.22	764.429	-33.9517
23.22	775.195	-33.9065
23.22	785.962	-33.855
23.22	796.729	-33.7971
23.22	807.495	-33.7329
23.22	818.262	-33.662
23.22	829.028	-33.5845
23.22	839.795	-33.5002
23.22	850.562	-33.4089
23.22	861.328	-33.3105
23.22	872.095	-33.2047
23.22	882.861	-33.0914
23.22	893.628	-32.9703
23.22	904.395	-32.8412
23.22	915.161	-32.7037
23.22	925.928	-32.5577
23.22	936.694	-32.4026
23.22	947.461	-32.2383
23.22	958.228	-32.0642
23.22	968.994	-31.8799
23.22	979.761	-31.6848
23.22	990.527	-31.4785
23.22	1001.29	-31.2604
23.22	1012.06	-31.0296
23.22	1022.83	-30.7855
23.22	1033.59	-30.5272
23.22	1044.36	-30.2537
23.22	1055.13	-29.964
23.22	1065.89	-29.6568
23.22	1076.66	-29.3308
23.22	1087.43	-28.9844
23.22	1098.19	-28.6158
23.22	1108.96	-28.2231
23.22	1119.73	-27.8038
23.22	1130.49	-27.3555
23.22	1141.26	-26.8749
23.22	1152.03	-26.3587
23.22	1162.79	-25.8028
23.22	1173.56	-25.2025
23.22	1184.33	-24.5527
23.22	1195.09	-23.8476
23.22	1205.86	-23.0808
23.22	1216.63	-22.2467
23.22	1227.39	-21.3416
23.22	1238.16	-20.3694
23.22	1248.93	-19.3563
23.22	1259.69	-18.4002
23.22	1270.46	-17.8787
23.22	1281.23	-19.9302
23.22	1291.99	-12.9285
23.22	1302.76	19.9163
23.22	1313.53	30.4407
23.22	1324.29	26.116
23.22	1335.06	-1.28066
23.22	1345.83	-18.9773
23.22	1356.59	-13.5364
23.22	1367.36	-12.8199
26.1224	0	-14.8882
26.1224	10.7666	-14.9647
26.1224	21.5332	-15.6754
26.1224	32.2998	-20.0586
26.1224	43.0664	-0.708527
26.1224	53.833	26.0933
26.1224	64.5996	30.4535
26.1224	75.3662	19.8764
26.1224	86.1328	-14.4594
26.1224	96.8994	-16.8888
26.1224	107.666	-15.5009
26.1224	118.433	-16.0107
26.1224	129.199	-16.8422
26.1224	139.966	-17.7048
26.1224	150.732	-18.5256
26.1224	161.499	-19.2867
26.1224	172.266	-19.9873
26.1224	183.032	-20.6317
26.1224	193.799	-21.2257
26.1224	204.565	-21.7745
26.1224	215.332	-22.2834
26.1224	226.099	-22.7565
26.1224	236.865	-23.1978
26.1224	247.632	-23.6104
26.1224	258.398	-23.9971
26.1224	269.165	-24.3602
26.1224	279.932	-24.702
26.1224	290.698	-25.024
26.1224	301.465	-25.328
26.1224	312.231	-25.6152
26.1224	322.998	-25.8868
26.1224	333.765	-26.144
26.1224	344.531	-26.3876
26.1224	355.298	-26.6184
26.1224	366.064	-26.8373
26.1224	376.831	-27.0447
26.1224	387.598	-27.2415
26.1224	398.364	-27.428
26.1224	409.131	-27.6048
26.1224	419.897	-27.7722
26.1224	430.664	-27.9307
26.1224	441.431	-28.0807
26.1224	452.197	-28.2224
26.1224	462.964	-28.3562
26.1224	473.73	-28.4823
26.1224	484.497	-28.601
26.1224	495.264	-28.7124
26.1224	506.03	-28.8169
26.1224	516.797	-28.9145
26.1224	527.563	-29.0054
26.1224	538.33	-29.0899
26.1224	549.097	-29.1679
26.1224	559.863	-29.2398
26.1224	570.63	-29.3054
26.1224	581.396	-29.3651
26.1224	592.163	-29.4188
26.1224	602.93	-29.4667
26.1224	613.696	-29.5087
26.1224	624.463	-29.5451
26.1224	635.229	-29.5757
26.1224	645.996	-29.6008
26.1224	656.763	-29.6202
26.1224	667.529	-29.634
26.1224	678.296	-29.6423
26.1224	689.062	-29.6451
26.1224	699.829	-29.6423
26.1224	710.596	-29.634
26.1224	721.362	-29.6202
26.1224	732.129	-29.6008
26.1224	742.896	-29.5757
26.1224	753.662	-29.5451
26.1224	764.429	-29.5087
26.1224	775.195	-29.4667
26.1224	785.962	-29.4188
26.1224	796.729	-29.3651
26.1224	807.495	-29.3054
26.1224	818.262	-29.2398
26.1224	829.028	-29.1679
26.1224	839.795	-29.0899
26.1224	850.562	-29.0054
26.1224	861.328	-28.9145
26.1224	872.095	-28.8169
26.1224	882.861	-28.7124
26.1224	893.628	-28.601
26.1224	904.395	-28.4823
26.1224	915.161	-28.3562
26.1224	925.928	-28.2224
26.1224	936.694	-28.0807
26.1224	947.461	-27.9307
26.1224	958.228	-27.7722
26.1224	968.994	-27.6048
26.1224	979.761	-27.428
26.1224	990.527	-27.2415
26.1224	1001.29	-27.0447
26.1224	1012.06	-26.8373
26.1224	1022.83	-26.6184
26.1224	1033.59	-26.3876
26.1224	1044.36	-26.144
26.1224	1055.13	-25.8868
26.1224	1065.89	-25.6152
26.1224	1076.66	-25.328
26.1224	1087.43	-25.024
26.1224	1098.19	-24.702
26.1224	1108.96	-24.3602
26.1224	1119.73	-23.9971
26.1224	1130.49	-23.6104
26.1224	1141.26	-23.1978
26.1224	1152.03	-22.7565
26.1224	1162.79	-22.2834
26.1224	1173.56	-21.7745
26.1224	1184.33	-21.2257
26.1224	1195.09	-20.6317
26.1224	1205.86	-19.9873
26.1224	1216.63	-19.2867
26.1224	1227.39	-18.5256
26.1224	1238.16	-17.7048
26.1224	1248.93	-16.8422
26.1224	1259.69	-16.0107
26.1224	1270.46	-15.5009
26.1224	1281.23	-16.8888
26.1224	1291.99	-14.4594
26.1224	1302.76	19.8764
26.1224	1313.53	30.4535
26.1224	1324.29	26.0933
26.1224	1335.06	-0.708527
26.1224	1345.83	-20.0586
26.1224	1356.59	-15.6754
26.1224	1367.36	-14.9647
29.0249	0	-19.2446
29.0249	10.7666	-19.2375
29.0249	21.5332	-19.9231
29.0249	32.2998	-21.4683
29.0249	43.0664	-0.212428
29.0249	53.833	26.071
29.0249	64.5996	30.4659
29.0249	75.3662	19.8369
29.0249	86.1328	-16.7831
29.0249	96.8994	-15.1462
29.0249	107.666	-13.9984
29.0249	118.433	-14.5035
29.0249	129.199	-15.2861
29.0249	139.966	-16.0924
29.0249	150.732	-16.859
29.0249	161.499	-17.5709
29.0249	172.266	-18.2278
29.0249	183.032	-18.8338
29.0249	193.799	-19.3939
29.0249	204.565	-19.913
29.0249	215.332	-20.3957
29.0249	226.099	-20.8458
29.0249	236.865	-21.2666
29.0249	247.632	-21.6611
29.0249	258.398	-22.0316
29.0249	269.165	-22.3803
29.0249	279.932	-22.7091
29.0249	290.698	-23.0196
29.0249	301.465	-23.313
29.0249	312.231	-23.5908
29.0249	322.998	-23.8539
29.0249	333.765	-24.1032
29.0249	344.531	-24.3397
29.0249	355.298	-24.5641
29.0249	366.064	-24.7771
29.0249	376.831	-24.9792
29.0249	387.598	-25.171
29.0249	398.364	-25.353
29.0249	409.131	-25.5256
29.0249	419.897	-25.6892
29.0249	430.664	-25.8442
29.0249	441.431	-25.991
29.0249	452.197	-26.1297
29.0249	462.964	-26.2608
29.0249	473.73	-26.3844
29.0249	484.497	-26.5007
29.0249	495.264	-26.61
29.0249	506.03	-26.7125
29.0249	516.797	-26.8083
29.0249	527.563	-26.8976
29.0249	538.33	-26.9806
29.0249	549.097	-27.0573
29.0249	559.863	-27.1278
29.0249	570.63	-27.1924
29.0249	581.396	-27.2511
29.0249	592.163	-27.3039
29.0249	602.93	-27.351
29.0249	613.696	-27.3923
29.0249	624.463	-27.4281
29.0249	635.229	-27.4582
29.0249	645.996	-27.4829
29.0249	656.763	-27.502
29.0249	667.529	-27.5156
29.0249	678.296	-27.5238
29.0249	689.062	-27.5265
29.0249	699.829	-27.5238
29.0249	710.596	-27.5156
29.0249	721.362	-27.502
29.0249	732.129	-27.4829
29.0249	742.896	-27.4582
29.0249	753.662	-27.4281
29.0249	764.429	-27.3923
29.0249	775.195	-27.351
29.0249	785.962	-27.3039
29.0249	796.729	-27.2511
29.0249	807.495	-27.1924
29.0249	818.262	-27.1278
29.0249	829.028	-27.0573
29.0249	839.795	-26.9806
29.0249	850.562	-26.8976
29.0249	861.328	-26.8083
29.0249	872.095	-26.7125
29.0249	882.861	-26.61
29.0249	893.628	-26.5007
29.0249	904.395	-26.3844
29.0249	915.161	-26.2608
29.0249	925.928	-26.1297
29.0249	936.694	-25.991
29.0249	947.461	-25.8442
29.0249	958.228	-25.6892
29.0249	968.994	-25.5256
29.0249	979.761	-25.353
29.0249	990.527	-25.171
29.0249	1001.29	-24.9792
29.0249	1012.06	-24.7771
29.0249	1022.83	-24.5641
29.0249	1033.59	-24.3397
29.0249	1044.36	-24.1032
29.0249	1055.13	-23.8539
29.0249	1065.89	-23.5908
29.0249	1076.66	-23.313
29.0249	1087.43	-23.0196
29.0249	1098.19	-22.7091
29.0249	1108.96	-22.3803
29.0249	1119.73	-22.0316
29.0249	1130.49	-21.6611
29.0249	1141.26	-21.2666
29.0249	1152.03	-20.8458
29.0249	1162.79	-20.3957
29.0249	1173.56	-19.913
29.0249	1184.33	-19.3939
29.0249	1195.09	-18.8338
29.0249	1205.86	-18.2278
29.0249	1216.63	-17.5709
29.0249	1227.39	-16.859
29.0249	1238.16	-16.0924
29.0249	1248.93	-15.2861
29.0249	1259.69	-14.5035
29.0249	1270.46	-13.9984
29.0249	1281.23	-15.1462
29.0249	1291.99	-16.7831
29.0249	1302.76	19.8369
29.0249	1313.53	30.4659
29.0249	1324.29	26.071
29.0249	1335.06	-0.212428
29.0249	1345.83	-21.4683
29.0249	1356.59	-19.9231
29.0249	1367.36	-19.2375
31.9274	0	-11.9026
31.9274	10.7666	-12.0036
31.9274	21.5332	-12.7217
31.9274	32.2998	-18.497
31.9274	43.0664	-1.6179
31.9274	53.833	26.1279
31.9274	64.5996	30.4339
31.9274	75.3662	19.9374
31.9274	86.1328	-12.2928
31.9274	96.8994	-23.2861
31.9274	107.666	-20.0025
31.9274	118.433	-20.5417
31.9274	129.199	-21.6925
31.9274	139.966	-22.9609
31.9274	150.732	-24.2165
31.9274	161.499	-25.4197
31.9274	172.266	-26.5597
31.9274	183.032	-27.6361
31.9274	193.799	-28.6521
31.9274	204.565	-29.6123
31.9274	215.332	-30.5211
31.9274	226.099	-31.383
31.9274	236.865	-32.202
31.9274	247.632	-32.9816
31.9274	258.398	-33.725
31.9274	269.165	-34.435
31.9274	279.932	-35.114
31.9274	290.698	-35.7643
31.9274	301.465	-36.3878
31.9274	312.231	-36.9862
31.9274	322.998	-37.561
31.9274	333.765	-38.1135
31.9274	344.531	-38.645
31.9274	355.298	-39.1564
31.9274	366.064	-39.6487
31.9274	376.831	-40.1226
31.9274	387.598	-40.5789
31.9274	398.364	-41.0182
31.9274	409.131	-41.4411
31.9274	419.897	-41.8478
31.9274	430.664	-42.2389
31.9274	441.431	-42.6145
31.9274	452.197	-42.975
31.9274	462.964	-43.3206
31.9274	473.73	-43.6513
31.9274	484.497	-43.9671
31.9274	495.264	-44.2683
31.9274	506.03	-44.5546
31.9274	516.797	-44.826
31.9274	527.563	-45.0825
31.9274	538.33	-45.3238
31.9274	549.097	-45.5499
31.9274	559.863	-45.7605
31.9274	570.63	-45.9555
31.9274	581.396	-46.1345
31.9274	592.163	-46.2974
31.9274	602.93	-46.4439
31.9274	613.696	-46.5738
31.9274	624.463	-46.687
31.9274	635.229	-46.783
31.9274	645.996	-46.8619
31.9274	656.763	-46.9234
31.9274	667.529	-46.9674
31.9274	678.296	-46.9939
31.9274	689.062	-47.0027
31.9274	699.829	-46.9939
31.9274	710.596	-46.9674
31.9274	721.362	-46.9234
31.9274	732.129	-46.8619
31.9274	742.896	-46.783
31.9274	753.662	-46.687
31.9274	764.429	-46.5738
31.9274	775.195	-46.4439
31.9274	785.962	-46.2974
31.9274	796.729	-46.1345
31.9274	807.495	-45.9555
31.9274	818.262	-45.7605
31.9274	829.028	-45.5499
31.9274	839.795	-45.3238
31.9274	850.562	-45.0825
31.9274	861.328	-44.826
31.9274	872.095	-44.5546
31.9274	882.861	-44.2683
31.9274	893.628	-43.9671
31.9274	904.395	-43.6513
31.9274	915.161	-43.3206
31.9274	925.928	-42.975
31.9274	936.694	-42.6145
31.9274	947.461	-42.2389
31.9274	958.228	-41.8478
31.9274	968.994	-41.4411
31.9274	979.761	-41.0182
31.9274	990.527	-40.5789
31.9274	1001.29	-40.1226
31.9274	1012.06	-39.6487
31.9274	1022.83	-39.1564
31.9274	1033.59	-38.645
31.9274	1044.36	-38.1135
31.9274	1055.13	-37.561
31.9274	1065.89	-36.9862
31.9274	1076.66	-36.3878
31.9274	1087.43	-35.7643
31.9274	1098.19	-35.114
31.9274	1108.96	-34.435
31.9274	1119.73	-33.725
31.9274	1130.49	-32.9816
31.9274	1141.26	-32.202
31.9274	1152.03	-31.383
31.9274	1162.79	-30.5211
31.9274	1173.56	-29.6123
31.9274	1184.33	-28.6521
31.9274	1195.09	-27.6361
31.9274	1205.86	-26.5597
31.9274	1216.63	-25.4197
31.9274	1227.39	-24.2165
31.9274	1238.16	-22.9609
31.9274	1248.93	-21.6925
31.9274	1259.69	-20.5417
31.9274	1270.46	-20.0025
31.9274	1281.23	-23.2861
31.9274	1291.99	-12.2928
31.9274	1302.76	19.9374
31.9274	1313.53	30.4339
31.9274	1324.29	26.1279
31.9274	1335.06	-1.6179
31.9274	1345.83	-18.497
31.9274	1356.59	-12.7217
31.9274	1367.36	-12.0036
34.8299	0	-24.017
34.8299	10.7666	-23.7556
34.8299	21.5332	-24.3688
34.8299	32.2998	-22.1643
34.8299	43.0664	-0.0350714
34.8299	53.833	26.0624
34.8299	64.5996	30.4707
34.8299	75.3662	19.8215
34.8299	86.1328	-18.1689
34.8299	96.8994	-14.6245
34.8299	107.666	-13.5337
34.8299	118.433	-14.0377
34.8299	129.199	-14.8084
34.8299	139.966	-15.6012
34.8299	150.732	-16.3549
34.8299	161.499	-17.0554
34.8299	172.266	-17.7023
34.8299	183.032	-18.2995
34.8299	193.799	-18.852
34.8299	204.565	-19.3646
34.8299	215.332	-19.8415
34.8299	226.099	-20.2865
34.8299	236.865	-20.7029
34.8299	247.632	-21.0934
34.8299	258.398	-21.4604
34.8299	269.165	-21.8061
34.8299	279.932	-22.1321
34.8299	290.698	-22.44
34.8299	301.465	-22.7313
34.8299	312.231	-23.007
34.8299	322.998	-23.2683
34.8299	333.765	-23.516
34.8299	344.531	-23.751
34.8299	355.298	-23.9741
34.8299	366.064	-24.1858
34.8299	376.831	-24.3868
34.8299	387.598	-24.5775
34.8299	398.364	-24.7586
34.8299	409.131	-24.9303
34.8299	419.897	-25.0931
34.8299	430.664	-25.2474
34.8299	441.431	-25.3935
34.8299	452.197	-25.5316
34.8299	462.964	-25.6621
34.8299	473.73	-25.7852
34.8299	484.497	-25.901
34.8299	495.264	-26.0099
34.8299	506.03	-26.112
34.8299	516.797	-26.2074
34.8299	527.563	-26.2964
34.8299	538.33	-26.379
34.8299	549.097	-26.4555
34.8299	559.863	-26.5258
34.8299	570.63	-26.5901
34.8299	581.396	-26.6486
34.8299	592.163	-26.7012
34.8299	602.93	-26.7481
34.8299	613.696	-26.7893
34.8299	624.463	-26.825
34.8299	635.229	-26.855
34.8299	645.996	-26.8796
34.8299	656.763	-26.8986
34.8299	667.529	-26.9122
34.8299	678.296	-26.9204
34.8299	689.062	-26.9231
34.8299	699.829	-26.9204
34.8299	710.596	-26.9122
34.8299	721.362	-26.8986
34.8299	732.129	-26.8796
34.8299	742.896	-26.855
34.8299	753.662	-26.825
34.8299	764.429	-26.7893
34.8299	775.195	-26.7481
34.8299	785.962	-26.7012
34.8299	796.729	-26.6486
34.8299	807.495	-26.5901
34.8299	818.262	-26.5258
34.8299	829.028	-26.4555
34.8299	839.795	-26.379
34.8299	850.562	-26.2964
34.8299	861.328	-26.2074
34.8299	872.095	-26.112
34.8299	882.861	-26.0099
34.8299	893.628	-25.901
34.8299	904.395	-25.7852
34.8299	915.161	-25.6621
34.8299	925.928	-25.5316
34.8299	936.694	-25.3935
34.8299	947.461	-25.2474
34.8299	958.228	-25.0931
34.8299	968.994	-24.9303
34.8299	979.761	-24.7586
34.8299	990.527	-24.5775
34.8299	1001.29	-24.3868
34.8299	1012.06	-24.1858
34.8299	1022.83	-23.9741
34.8299	1033.59	-23.751
34.8299	1044.36	-23.516
34.8299	1055.13	-23.2683
34.8299	1065.89	-23.007
34.8299	1076.66	-22.7313
34.8299	1087.43	-22.44
34.8299	1098.19	-22.1321
34.8299	1108.96	-21.8061
34.8299	1119.73	-21.4604
34.8299	1130.49	-21.0934
34.8299	1141.26	-20.7029
34.8299	1152.03	-20.2865
34.8299	1162.79	-19.8415
34.8299	1173.56	-19.3646
34.8299	1184.33	-18.852
34.8299	1195.09	-18.2995
34.8299	1205.86	-17.7023
34.8299	1216.63	-17.0554
34.8299	1227.39	-16.3549
34.8299	1238.16	-15.6012
34.8299	1248.93	-14.8084
34.8299	1259.69	-14.0377
34.8299	1270.46	-13.5337
34.8299	1281.23	-14.6245
34.8299	1291.99	-18.1689
34.8299	1302.76	19.8215
34.8299	1313.53	30.4707
34.8299	1324.29	26.0624
34.8299	1335.06	-0.0350714
34.8299	1345.83	-22.1643
34.8299	1356.59	-24.3688
34.8299	1367.36	-23.7556
37.7324	0	-13.4993
37.7324	10.7666	-13.5892
37.7324	21.5332	-14.304
37.7324	32.2998	-19.3955
37.7324	43.0664	-1.03312
37.7324	53.833	26.1065
37.7324	64.5996	30.446
37.7324	75.3662	19.8997
37.7324	86.1328	-13.5022
37.7324	96.8994	-18.3996
37.7324	107.666	-16.7271
37.7324	118.433	-17.2422
37.7324	129.199	-18.1289
37.7324	139.966	-19.0571
37.7324	150.732	-19.9425
37.7324	161.499	-20.7639
37.7324	172.266	-21.5194
37.7324	183.032	-22.2132
37.7324	193.799	-22.8514
37.7324	204.565	-23.4398
37.7324	215.332	-23.9839
37.7324	226.099	-24.4887
37.7324	236.865	-24.9582
37.7324	247.632	-25.3961
37.7324	258.398	-25.8056
37.7324	269.165	-26.1894
37.7324	279.932	-26.5497
37.7324	290.698	-26.8885
37.7324	301.465	-27.2077
37.7324	312.231	-27.5088
37.7324	322.998	-27.7931
37.7324	333.765	-28.0617
37.7324	344.531	-28.3158
37.7324	355.298	-28.5563
37.7324	366.064	-28.7839
37.7324	376.831	-28.9995
37.7324	387.598	-29.2036
37.7324	398.364	-29.397
37.7324	409.131	-29.58
37.7324	419.897	-29.7532
37.7324	430.664	-29.9171
37.7324	441.431	-30.072
37.7324	452.197	-30.2183
37.7324	462.964	-30.3562
37.7324	473.73	-30.4862
37.7324	484.497	-30.6084
37.7324	495.264	-30.7231
37.7324	506.03	-30.8305
37.7324	516.797	-30.9309
37.7324	527.563	-31.0244
37.7324	538.33	-31.1111
37.7324	549.097	-31.1913
37.7324	559.863	-31.265
37.7324	570.63	-31.3324
37.7324	581.396	-31.3936
37.7324	592.163	-31.4487
37.7324	602.93	-31.4978
37.7324	613.696	-31.5409
37.7324	624.463	-31.5782
37.7324	635.229	-31.6096
37.7324	645.996	-31.6353
37.7324	656.763	-31.6552
37.7324	667.529	-31.6694
37.7324	678.296	-31.6779
37.7324	689.062	-31.6807
37.7324	699.829	-31.6779
37.7324	710.596	-31.6694
37.7324	721.362	-31.6552
37.7324	732.129	-31.6353
37.7324	742.896	-31.6096
37.7324	753.662	-31.5782
37.7324	764.429	-31.5409
37.7324	775.195	-31.4978
37.7324	785.962	-31.4487
37.7324	796.729	-31.3936
37.7324	807.495	-31.3324
37.7324	818.262	-31.265
37.7324	829.028	-31.1913
37.7324	839.795	-31.1111
37.7324	850.562	-31.0244
37.7324	861.328	-30.9309
37.7324	872.095	-30.8305
37.7324	882.861	-30.7231
37.7324	893.628	-30.6084
37.7324	904.395	-30.4862
37.7324	915.161	-30.3562
37.7324	925.928	-30.2183
37.7324	936.694	-30.072
37.7324	947.461	-29.9171
37.7324	958.228	-29.7532
37.7324	968.994	-29.58
37.7324	979.761	-29.397
37.7324	990.527	-29.2036
37.7324	1001.29	-28.9995
37.7324	1012.06	-28.7839
37.7324	1022.83	-28.5563
37.7324	1033.59	-28.3158
37.7324	1044.36	-28.0617
37.7324	1055.13	-27.7931
37.7324	1065.89	-27.5088
37.7324	1076.66	-27.2077
37.7324	1087.43	-26.8885
37.7324	1098.19	-26.5497
37.7324	1108.96	-26.1894
37.7324	1119.73	-25.8056
37.7324	1130.49	-25.3961
37.7324	1141.26	-24.9582
37.7324	1152.03	-24.4887
37.7324	1162.79	-23.9839
37.7324	1173.56	-23.4398
37.7324	1184.33	-22.8514
37.7324	1195.09	-22.2132
37.7324	1205.86	-21.5194
37.7324	1216.63	-20.7639
37.7324	1227.39	-19.9425
37.7324	1238.16	-19.0571
37.7324	1248.93	-18.1289
37.7324	1259.69	-17.2422
37.7324	1270.46	-16.7271
37.7324	1281.23	-18.3996
37.7324	1291.99	-13.5022
37.7324	1302.76	19.8997
37.7324	1313.53	30.446
37.7324	1324.29	26.1065
37.7324	1335.06	-1.03312
37.7324	1345.83	-19.3955
37.7324	1356.59	-14.304
37.7324	1367.36	-13.5892
40.6349	0	-13.7168
40.6349	10.7666	-13.8049
40.6349	21.5332	-14.5191
40.6349	32.2998	-19.5067
40.6349	43.0664	-0.973392
40.6349	53.833	26.1042
40.6349	64.5996	30.4474
40.6349	75.3662	19.8956
40.6349	86.1328	-13.6583
40.6349	96.8994	-18.0886
40.6349	107.666	-16.4814
40.6349	118.433	-16.9953
40.6349	129.199	-17.8695
40.6349	139.966	-18.7828
40.6349	150.732	-19.6533
40.6349	161.499	-20.4607
40.6349	172.266	-21.2033
40.6349	183.032	-21.8855
40.6349	193.799	-22.513
40.6349	204.565	-23.0919
40.6349	215.332	-23.6275
40.6349	226.099	-24.1245
40.6349	236.865	-24.5871
40.6349	247.632	-25.0188
40.6349	258.398	-25.4227
40.6349	269.165	-25.8013
40.6349	279.932	-26.157
40.6349	290.698	-26.4917
40.6349	301.465	-26.807
40.6349	312.231	-27.1046
40.6349	322.998	-27.3857
40.6349	333.765	-27.6515
40.6349	344.531	-27.9029
40.6349	355.298	-28.1409
40.6349	366.064	-28.3663
40.6349	376.831	-28.5799
40.6349	387.598	-28.7821
40.6349	398.364	-28.9737
40.6349	409.131	-29.1552
40.6349	419.897	-29.3269
40.6349	430.664	-29.4894
40.6349	441.431	-29.6431
40.6349	452.197	-29.7882
40.6349	462.964	-29.925
40.6349	473.73	-30.054
40.6349	484.497	-30.1753
40.6349	495.264	-30.2892
40.6349	506.03	-30.3959
40.6349	516.797	-30.4955
40.6349	527.563	-30.5883
40.6349	538.33	-30.6745
40.6349	549.097	-30.7541
40.6349	559.863	-30.8274
40.6349	570.63	-30.8943
40.6349	581.396	-30.9551
40.6349	592.163	-31.0099
40.6349	602.93	-31.0587
40.6349	613.696	-31.1015
40.6349	624.463	-31.1385
40.6349	635.229	-31.1697
40.6349	645.996	-31.1952
40.6349	656.763	-31.215
40.6349	667.529	-31.2291
40.6349	678.296	-31.2376
40.6349	689.062	-31.2404
40.6349	699.829	-31.2376
40.6349	710.596	-31.2291
40.6349	721.362	-31.215
40.6349	732.129	-31.1952
40.6349	742.896	-31.1697
40.6349	753.662	-31.1385
40.6349	764.429	-31.1015
40.6349	775.195	-31.0587
40.6349	785.962	-31.0099
40.6349	796.729	-30.9551
40.6349	807.495	-30.8943
40.6349	818.262	-30.8274
40.6349	829.028	-30.7541
40.6349	839.795	-30.6745
40.6349	850.562	-30.5883
40.6349	861.328	-30.4955
40.6349	872.095	-30.3959
40.6349	882.861	-30.2892
40.6349	893.628	-30.1753
40.6349	904.395	-30.054
40.6349	915.161	-29.925
40.6349	925.928	-29.7882
40.6349	936.694	-29.6431
40.6349	947.461	-29.4894
40.6349	958.228	-29.3269
40.6349	968.994	-29.1552
40.6349	979.761	-28.9737
40.6349	990.527	-28.7821
40.6349	1001.29	-28.5799
40.6349	1012.06	-28.3663
40.6349	1022.83	-28.1409
40.6349	1033.59	-27.9029
40.6349	1044.36	-27.6515
40.6349	1055.13	-27.3857
40.6349	1065.89	-27.1046
40.6349	1076.66	-26.807
40.6349	1087.43	-26.4917
40.6349	1098.19	-26.157
40.6349	1108.96	-25.8013
40.6349	1119.73	-25.4227
40.6349	1130.49	-25.0188
40.6349	1141.26	-24.5871
40.6349	1152.03	-24.1245
40.6349	1162.79	-23.6275
40.6349	1173.56	-23.0919
40.6349	1184.33	-22.513
40.6349	1195.09	-21.8855
40.6349	1205.86	-21.2033
40.6349	1216.63	-20.4607
40.6349	1227.39	-19.6533
40.6349	1238.16	-18.7828
40.6349	1248.93	-17.8695
40.6349	1259.69	-16.9953
40.6349	1270.46	-16.4814
40.6349	1281.23	-18.0886
40.6349	1291.99	-13.6583
40.6349	1302.76	19.8956
40.6349	1313.53	30.4474
40.6349	1324.29	26.1042
40.6349	1335.06	-0.973392
40.6349	1345.83	-19.5067
40.6349	1356.59	-14.5191
40.6349	1367.36	-13.8049
43.5374	0	-22.8848
43.5374	10.7666	-22.7093
43.5374	21.5332	-23.3463
43.5374	32.2998	-22.0534
43.5374	43.0664	-0.0610165
43.5374	53.833	26.0636
43.5374	64.5996	30.47
43.5374	75.3662	19.8238
43.5374	86.1328	-17.9324
43.5374	96.8994	-14.6983
43.5374	107.666	-13.5998
43.5374	118.433	-14.104
43.5374	129.199	-14.8763
43.5374	139.966	-15.6709
43.5374	150.732	-16.4264
43.5374	161.499	-17.1284
43.5374	172.266	-17.7766
43.5374	183.032	-18.375
43.5374	193.799	-18.9285
43.5374	204.565	-19.442
43.5374	215.332	-19.9196
43.5374	226.099	-20.3653
43.5374	236.865	-20.7823
43.5374	247.632	-21.1733
43.5374	258.398	-21.5408
43.5374	269.165	-21.8869
43.5374	279.932	-22.2133
43.5374	290.698	-22.5216
43.5374	301.465	-22.8131
43.5374	312.231	-23.0891
43.5374	322.998	-23.3506
43.5374	333.765	-23.5986
43.5374	344.531	-23.8338
43.5374	355.298	-24.057
43.5374	366.064	-24.2689
43.5374	376.831	-24.47
43.5374	387.598	-24.6609
43.5374	398.364	-24.842
43.5374	409.131	-25.0139
43.5374	419.897	-25.1768
43.5374	430.664	-25.3312
43.5374	441.431	-25.4774
43.5374	452.197	-25.6156
43.5374	462.964	-25.7462
43.5374	473.73	-25.8693
43.5374	484.497	-25.9852
43.5374	495.264	-26.0942
43.5374	506.03	-26.1963
43.5374	516.797	-26.2918
43.5374	527.563	-26.3808
43.5374	538.33	-26.4635
43.5374	549.097	-26.5399
43.5374	559.863	-26.6103
43.5374	570.63	-26.6747
43.5374	581.396	-26.7331
43.5374	592.163	-26.7858
43.5374	602.93	-26.8327
43.5374	613.696	-26.874
43.5374	624.463	-26.9096
43.5374	635.229	-26.9397
43.5374	645.996	-26.9642
43.5374	656.763	-26.9833
43.5374	667.529	-26.9969
43.5374	678.296	-27.0051
43.5374	689.062	-27.0078
43.5374	699.829	-27.0051
43.5374	710.596	-26.9969
43.5374	721.362	-26.9833
43.5374	732.129	-26.9642
43.5374	742.896	-26.9397
43.5374	753.662	-26.9096
43.5374	764.429	-26.874
43.5374	775.195	-26.8327
43.5374	785.962	-26.7858
43.5374	796.729	-26.7331
43.5374	807.495	-26.6747
43.5374	818.262	-26.6103
43.5374	829.028	-26.5399
43.5374	839.795	-26.4635
43.5374	850.562	-26.3808
43.5374	861.328	-26.2918
43.5374	872.095	-26.1963
43.5374	882.861	-26.0942
43.5374	893.628	-25.9852
43.5374	904.395	-25.8693
43.5374	915.161	-25.7462
43.5374	925.928	-25.6156
43.5374	936.694	-25.4774
43.5374	947.461	-25.3312
43.5374	958.228	-25.1768
43.5374	968.994	-25.0139
43.5374	979.761	-24.842
43.5374	990.527	-24.6609
43.5374	1001.29	-24.47
43.5374	1012.06	-24.2689
43.5374	1022.83	-24.057
43.5374	1033.59	-23.8338
43.5374	1044.36	-23.5986
43.5374	1055.13	-23.3506
43.5374	1065.89	-23.0891
43.5374	1076.66	-22.8131
43.5374	1087.43	-22.5216
43.5374	1098.19	-22.2133
43.5374	1108.96	-21.8869
43.5374	1119.73	-21.5408
43.5374	1130.49	-21.1733
43.5374	1141.26	-20.7823
43.5374	1152.03	-20.3653
43.5374	1162.79	-19.9196
43.5374	1173.56	-19.442
43.5374	1184.33	-18.9285
43.5374	1195.09	-18.375
43.5374	1205.86	-17.7766
43.5374	1216.63	-17.1284
43.5374	1227.39	-16.4264
43.5374	1238.16	-15.6709
43.5374	1248.93	-14.8763
43.5374	1259.69	-14.104
43.5374	1270.46	-13.5998
43.5374	1281.23	-14.6983
43.5374	1291.99	-17.9324
43.5374	1302.76	19.8238
43.5374	1313.53	30.47
43.5374	1324.29	26.0636
43.5374	1335.06	-0.0610165
43.5374	1345.83	-22.0534
43.5374	1356.59	-23.3463
43.5374	1367.36	-22.7093
46.4399	0	-11.8783
46.4399	10.7666	-11.9794
46.4399	21.5332	-12.6976
46.4399	32.2998	-18.4822
46.4399	43.0664	-1.62933
46.4399	53.833	26.1283
46.4399	64.5996	30.4337
46.4399	75.3662	19.9381
46.4399	86.1328	-12.2736
46.4399	96.8994	-23.4541
46.4399	107.666	-20.0926
46.4399	118.433	-20.6327
46.4399	129.199	-21.7944
46.4399	139.966	-23.0778
46.4399	150.732	-24.3513
46.4399	161.499	-25.5746
46.4399	172.266	-26.7368
46.4399	183.032	-27.8375
46.4399	193.799	-28.8799
46.4399	204.565	-29.8685
46.4399	215.332	-30.808
46.4399	226.099	-31.7027
46.4399	236.865	-32.5568
46.4399	247.632	-33.3738
46.4399	258.398	-34.1571
46.4399	269.165	-34.9096
46.4399	279.932	-35.6338
46.4399	290.698	-36.332
46.4399	301.465	-37.0064
46.4399	312.231	-37.6587
46.4399	322.998	-38.2906
46.4399	333.765	-38.9035
46.4399	344.531	-39.4988
46.4399	355.298	-40.0777
46.4399	366.064	-40.6412
46.4399	376.831	-41.1902
46.4399	387.598	-41.7257
46.4399	398.364	-42.2482
46.4399	409.131	-42.7586
46.4399	419.897	-43.2573
46.4399	430.664	-43.7447
46.4399	441.431	-44.2213
46.4399	452.197	-44.6872
46.4399	462.964	-45.1426
46.4399	473.73	-45.5875
46.4399	484.497	-46.022
46.4399	495.264	-46.4456
46.4399	506.03	-46.8581
46.4399	516.797	-47.2589
46.4399	527.563	-47.6474
46.4399	538.33	-48.0227
46.4399	549.097	-48.3838
46.4399	559.863	-48.7293
46.4399	570.63	-49.0579
46.4399	581.396	-49.3678
46.4399	592.163	-49.6574
46.4399	602.93	-49.9246
46.4399	613.696	-50.1672
46.4399	624.463	-50.3833
46.4399	635.229	-50.5705
46.4399	645.996	-50.727
46.4399	656.763	-50.8509
46.4399	667.529	-50.9405
46.4399	678.296	-50.9947
46.4399	689.062	-51.013
46.4399	699.829	-50.9947
46.4399	710.596	-50.9405
46.4399	721.362	-50.8509
46.4399	732.129	-50.727
46.4399	742.896	-50.5705
46.4399	753.662	-50.3833
46.4399	764.429	-50.1672
46.4399	775.195	-49.9246
46.4399	785.962	-49.6574
46.4399	796.729	-49.3678
46.4399	807.495	-49.0579
46.4399	818.262	-48.7293
46.4399	829.028	-48.3838
46.4399	839.795	-48.0227
46.4399	850.562	-47.6474
46.4399	861.328	-47.2589
46.4399	872.095	-46.8581
46.4399	882.861	-46.4456
46.4399	893.628	-46.022
46.4399	904.395	-45.5875
46.4399	915.161	-45.1426
46.4399	925.928	-44.6872
46.4399	936.694	-44.2213
46.4399	947.461	-43.7447
46.4399	958.228	-43.2573
46.4399	968.994	-42.7586
46.4399	979.761	-42.2482
46.4399	990.527	-41.7257
46.4399	1001.29	-41.1902
46.4399	1012.06	-40.6412
46.4399	1022.83	-40.0777
46.4399	1033.59	-39.4988
46.4399	1044.36	-38.9035
46.4399	1055.13	-38.2906
46.4399	1065.89	-37.6587
46.4399	1076.66	-37.0064
46.4399	1087.43	-36.332
46.4399	1098.19	-35.6338
46.4399	1108.96	-34.9096
46.4399	1119.73	-34.1571
46.4399	1130.49	-33.3738
46.4399	1141.26	-32.5568
46.4399	1152.03	-31.7027
46.4399	1162.79	-30.808
46.4399	1173.56	-29.8685
46.4399	1184.33	-28.8799
46.4399	1195.09	-27.8375
46.4399	1205.86	-26.7368
46.4399	1216.63	-25.5746
46.4399	1227.39	-24.3513
46.4399	1238.16	-23.0778
46.4399	1248.93	-21.7944
46.4399	1259.69	-20.6327
46.4399	1270.46	-20.0926
46.4399	1281.23	-23.4541
46.4399	1291.99	-12.2736
46.4399	1302.76	19.9381
46.4399	1313.53	30.4337
46.4399	1324.29	26.1283
46.4399	1335.06	-1.62933
46.4399	1345.83	-18.4822
46.4399	1356.59	-12.6976
46.4399	1367.36	-11.9794
49.3424	0	-19.9307
49.3424	10.7666	-19.9012
49.3424	21.5332	-20.5803
49.3424	32.2998	-21.6116
49.3424	43.0664	-0.172933
49.3424	53.833	26.0691
49.3424	64.5996	30.467
49.3424	75.3662	19.8335
49.3424	86.1328	-17.0512
49.3424	96.8994	-15.0263
49.3424	107.666	-13.8922
49.3424	118.433	-14.3971
49.3424	129.199	-15.1768
49.3424	139.966	-15.9799
49.3424	150.732	-16.7434
49.3424	161.499	-17.4525
49.3424	172.266	-18.1071
49.3424	183.032	-18.7109
49.3424	193.799	-19.2692
49.3424	204.565	-19.7868
49.3424	215.332	-20.268
49.3424	226.099	-20.7169
49.3424	236.865	-21.1366
49.3424	247.632	-21.5301
49.3424	258.398	-21.8998
49.3424	269.165	-22.2478
49.3424	279.932	-22.5759
49.3424	290.698	-22.8858
49.3424	301.465	-23.1787
49.3424	312.231	-23.456
49.3424	322.998	-23.7186
49.3424	333.765	-23.9676
49.3424	344.531	-24.2037
49.3424	355.298	-24.4278
49.3424	366.064	-24.6404
49.3424	376.831	-24.8422
49.3424	387.598	-25.0338
49.3424	398.364	-25.2155
49.3424	409.131	-25.3879
49.3424	419.897	-25.5514
49.3424	430.664	-25.7062
49.3424	441.431	-25.8528
49.3424	452.197	-25.9914
49.3424	462.964	-26.1223
49.3424	473.73	-26.2458
49.3424	484.497	-26.362
49.3424	495.264	-26.4712
49.3424	506.03	-26.5736
49.3424	516.797	-26.6693
49.3424	527.563	-26.7585
49.3424	538.33	-26.8414
49.3424	549.097	-26.918
49.3424	559.863	-26.9886
49.3424	570.63	-27.0531
49.3424	581.396	-27.1117
49.3424	592.163	-27.1645
49.3424	602.93	-27.2115
49.3424	613.696	-27.2528
49.3424	624.463	-27.2886
49.3424	635.229	-27.3187
49.3424	645.996	-27.3433
49.3424	656.763	-27.3624
49.3424	667.529	-27.376
49.3424	678.296	-27.3842
49.3424	689.062	-27.3869
49.3424	699.829	-27.3842
49.3424	710.596	-27.376
49.3424	721.362	-27.3624
49.3424	732.129	-27.3433
49.3424	742.896	-27.3187
49.3424	753.662	-27.2886
49.3424	764.429	-27.2528
49.3424	775.195	-27.2115
49.3424	785.962	-27.1645
49.3424	796.729	-27.1117
49.3424	807.495	-27.0531
49.3424	818.262	-26.9886
49.3424	829.028	-26.918
49.3424	839.795	-26.8414
49.3424	850.562	-26.7585
49.3424	861.328	-26.6693
49.3424	872.095	-26.5736
49.3424	882.861	-26.4712
49.3424	893.628	-26.362
49.3424	904.395	-26.2458
49.3424	915.161	-26.1223
49.3424	925.928	-25.9914
49.3424	936.694	-25.8528
49.3424	947.461	-25.7062
49.3424	958.228	-25.5514
49.3424	968.994	-25.3879
49.3424	979.761	-25.2155
49.3424	990.527	-25.0338
49.3424	1001.29	-24.8422
49.3424	1012.06	-24.6404
49.3424	1022.83	-24.4278
49.3424	1033.59	-24.2037
49.3424	1044.36	-23.9676
49.3424	1055.13	-23.7186
49.3424	1065.89	-23.456
49.3424	1076.66	-23.1787
49.3424	1087.43	-22.8858
49.3424	1098.19	-22.5759
49.3424	1108.96	-22.2478
49.3424	1119.73	-21.8998
49.3424	1130.49	-21.5301
49.3424	1141.26	-21.1366
49.3424	1152.03	-20.7169
49.3424	1162.79	-20.268
49.3424	1173.56	-19.7868
49.3424	1184.33	-19.2692
49.3424	1195.09	-18.7109
49.3424	1205.86	-18.1071
49.3424	1216.63	-17.4525
49.3424	1227.39	-16.7434
49.3424	1238.16	-15.9799
49.3424	1248.93	-15.1768
49.3424	1259.69	-14.3971
49.3424	1270.46	-13.8922
49.3424	1281.23	-15.0263
49.3424	1291.99	-17.0512
49.3424	1302.76	19.8335
49.3424	1313.53	30.467
49.3424	1324.29	26.0691
49.3424	1335.06	-0.172933
49.3424	1345.83	-21.6116
49.3424	1356.59	-20.5803
49.3424	1367.36	-19.9012
52.2449	0	-14.5885
52.2449	10.7666	-14.6683
52.2449	21.5332	-15.38
52.2449	32.2998	-19.9249
52.2449	43.0664	-0.768225
52.2449	53.833	26.0958
52.2449	64.5996	30.4521
52.2449	75.3662	19.8808
52.2449	86.1328	-14.261
52.2449	96.8994	-17.1377
52.2449	107.666	-15.7083
52.2449	118.433	-16.2189
52.2449	129.199	-17.0586
52.2449	139.966	-17.9309
52.2449	150.732	-18.761
52.2449	161.499	-19.5308
52.2449	172.266	-20.2392
52.2449	183.032	-20.8906
52.2449	193.799	-21.4906
52.2449	204.565	-22.045
52.2449	215.332	-22.5587
52.2449	226.099	-23.0361
52.2449	236.865	-23.4812
52.2449	247.632	-23.8972
52.2449	258.398	-24.2869
52.2449	269.165	-24.6528
52.2449	279.932	-24.997
52.2449	290.698	-25.3213
52.2449	301.465	-25.6273
52.2449	312.231	-25.9163
52.2449	322.998	-26.1896
52.2449	333.765	-26.4483
52.2449	344.531	-26.6933
52.2449	355.298	-26.9253
52.2449	366.064	-27.1453
52.2449	376.831	-27.3539
52.2449	387.598	-27.5516
52.2449	398.364	-27.739
52.2449	409.131	-27.9165
52.2449	419.897	-28.0847
52.2449	430.664	-28.244
52.2449	441.431	-28.3946
52.2449	452.197	-28.5369
52.2449	462.964	-28.6712
52.2449	473.73	-28.7978
52.2449	484.497	-28.9169
52.2449	495.264	-29.0288
52.2449	506.03	-29.1336
52.2449	516.797	-29.2316
52.2449	527.563	-29.3228
52.2449	538.33	-29.4076
52.2449	549.097	-29.4859
52.2449	559.863	-29.558
52.2449	570.63	-29.6239
52.2449	581.396	-29.6837
52.2449	592.163	-29.7376
52.2449	602.93	-29.7856
52.2449	613.696	-29.8278
52.2449	624.463	-29.8643
52.2449	635.229	-29.895
52.2449	645.996	-29.9201
52.2449	656.763	-29.9396
52.2449	667.529	-29.9535
52.2449	678.296	-29.9619
52.2449	689.062	-29.9646
52.2449	699.829	-29.9619
52.2449	710.596	-29.9535
52.2449	721.362	-29.9396
52.2449	732.129	-29.9201
52.2449	742.896	-29.895
52.2449	753.662	-29.8643
52.2449	764.429	-29.8278
52.2449	775.195	-29.7856
52.2449	785.962	-29.7376
52.2449	796.729	-29.6837
52.2449	807.495	-29.6239
52.2449	818.262	-29.558
52.2449	829.028	-29.4859
52.2449	839.795	-29.4076
52.2449	850.562	-29.3228
52.2449	861.328	-29.2316
52.2449	872.095	-29.1336
52.2449	882.861	-29.0288
52.2449	893.628	-28.9169
52.2449	904.395	-28.7978
52.2449	915.161	-28.6712
52.2449	925.928	-28.5369
52.2449	936.694	-28.3946
52.2449	947.461	-28.244
52.2449	958.228	-28.0847
52.2449	968.994	-27.9165
52.2449	979.761	-27.739
52.2449	990.527	-27.5516
52.2449	1001.29	-27.3539
52.2449	1012.06	-27.1453
52.2449	1022.83	-26.9253
52.2449	1033.59	-26.6933
52.2449	1044.36	-26.4483
52.2449	1055.13	-26.1896
52.2449	1065.89	-25.9163
52.2449	1076.66	-25.6273
52.2449	1087.43	-25.3213
52.2449	1098.19	-24.997
52.2449	1108.96	-24.6528
52.2449	1119.73	-24.2869
52.2449	1130.49	-23.8972
52.2449	1141.26	-23.4812
52.2449	1152.03	-23.0361
52.2449	1162.79	-22.5587
52.2449	1173.56	-22.045
52.2449	1184.33	-21.4906
52.2449	1195.09	-20.8906
52.2449	1205.86	-20.2392
52.2449	1216.63	-19.5308
52.2449	1227.39	-18.761
52.2449	1238.16	-17.9309
52.2449	1248.93	-17.0586
52.2449	1259.69	-16.2189
52.2449	1270.46	-15.7083
52.2449	1281.23	-17.1377
52.2449	1291.99	-14.261
52.2449	1302.76	19.8808
52.2449	1313.53	30.4521
52.2449	1324.29	26.0958
52.2449	1335.06	-0.768225
52.2449	1345.83	-19.9249
52.2449	1356.59	-15.38
52.2449	1367.36	-14.6683
55.1474	0	-12.8758
55.1474	10.7666	-12.9706
55.1474	21.5332	-13.6868
55.1474	32.2998	-19.0619
55.1474	43.0664	-1.22748
55.1474	53.833	26.114
55.1474	64.5996	30.4418
55.1474	75.3662	19.9129
55.1474	86.1328	-13.0429
55.1474	96.8994	-19.561
55.1474	107.666	-17.6102
55.1474	118.433	-18.1301
55.1474	129.199	-19.0682
55.1474	139.966	-20.0589
55.1474	150.732	-21.008
55.1474	161.499	-21.8905
55.1474	172.266	-22.703
55.1474	183.032	-23.4496
55.1474	193.799	-24.1359
55.1474	204.565	-24.7683
55.1474	215.332	-25.3525
55.1474	226.099	-25.8936
55.1474	236.865	-26.3962
55.1474	247.632	-26.8642
55.1474	258.398	-27.3011
55.1474	269.165	-27.7098
55.1474	279.932	-28.0929
55.1474	290.698	-28.4525
55.1474	301.465	-28.7907
55.1474	312.231	-29.1092
55.1474	322.998	-29.4094
55.1474	333.765	-29.6927
55.1474	344.531	-29.9602
55.1474	355.298	-30.213
55.1474	366.064	-30.4521
55.1474	376.831	-30.6781
55.1474	387.598	-30.892
55.1474	398.364	-31.0942
55.1474	409.131	-31.2856
55.1474	419.897	-31.4664
55.1474	430.664	-31.6373
55.1474	441.431	-31.7987
55.1474	452.197	-31.951
55.1474	462.964	-32.0945
55.1474	473.73	-32.2296
55.1474	484.497	-32.3566
55.1474	495.264	-32.4757
55.1474	506.03	-32.5871
55.1474	516.797	-32.6912
55.1474	527.563	-32.7881
55.1474	538.33	-32.878
55.1474	549.097	-32.961
55.1474	559.863	-33.0373
55.1474	570.63	-33.107
55.1474	581.396	-33.1703
55.1474	592.163	-33.2273
55.1474	602.93	-33.278
55.1474	613.696	-33.3226
55.1474	624.463	-33.3611
55.1474	635.229	-33.3935
55.1474	645.996	-33.42
55.1474	656.763	-33.4406
55.1474	667.529	-33.4552
55.1474	678.296	-33.464
55.1474	689.062	-33.467
55.1474	699.829	-33.464
55.1474	710.596	-33.4552
55.1474	721.362	-33.4406
55.1474	732.129	-33.42
55.1474	742.896	-33.3935
55.1474	753.662	-33.3611
55.1474	764.429	-33.3226
55.1474	775.195	-33.278
55.1474	785.962	-33.2273
55.1474	796.729	-33.1703
55.1474	807.495	-33.107
55.1474	818.262	-33.0373
55.1474	829.028	-32.961
55.1474	839.795	-32.878
55.1474	850.562	-32.7881
55.1474	861.328	-32.6912
55.1474	872.095	-32.5871
55.1474	882.861	-32.4757
55.1474	893.628	-32.3566
55.1474	904.395	-32.2296
55.1474	915.161	-32.0945
55.1474	925.928	-31.951
55.1474	936.694	-31.7987
55.1474	947.461	-31.6373
55.1474	958.228	-31.4664
55.1474	968.994	-31.2856
55.1474	979.761	-31.0942
55.1474	990.527	-30.892
55.1474	1001.29	-30.6781
55.1474	1012.06	-30.4521
55.1474	1022.83	-30.213
55.1474	1033.59	-29.9602
55.1474	1044.36	-29.6927
55.1474	1055.13	-29.4094
55.1474	1065.89	-29.1092
55.1474	1076.66	-28.7907
55.1474	1087.43	-28.4525
55.1474	1098.19	-28.0929
55.1474	1108.96	-27.7098
55.1474	1119.73	-27.3011
55.1474	1130.49	-26.8642
55.1474	1141.26	-26.3962
55.1474	1152.03	-25.8936
55.1474	1162.79	-25.3525
55.1474	1173.56	-24.7683
55.1474	1184.33	-24.1359
55.1474	1195.09	-23.4496
55.1474	1205.86	-22.703
55.1474	1216.63	-21.8905
55.1474	1227.39	-21.008
55.1474	1238.16	-20.0589
55.1474	1248.93	-19.0682
55.1474	1259.69	-18.1301
55.1474	1270.46	-17.6102
55.1474	1281.23	-19.561
55.1474	1291.99	-13.0429
55.1474	1302.76	19.9129
55.1474	1313.53	30.4418
55.1474	1324.29	26.114
55.1474	1335.06	-1.22748
55.1474	1345.83	-19.0619
55.1474	1356.59	-13.6868
55.1474	1367.36	-12.9706
58.0499	0	-29.7265
58.0499	10.7666	-28.5581
58.0499	21.5332	-28.9523
58.0499	32.2998	-22.4494
58.0499	43.0664	0.0279986
58.0499	53.833	26.0592
58.0499	64.5996	30.4725
58.0499	75.3662	19.8159
58.0499	86.1328	-18.8109
58.0499	96.8994	-14.4484
58.0499	107.666	-13.3755
58.0499	118.433	-13.8791
58.0499	129.199	-14.6461
58.0499	139.966	-15.4346
58.0499	150.732	-16.1844
58.0499	161.499	-16.8812
58.0499	172.266	-17.525
58.0499	183.032	-18.1195
58.0499	193.799	-18.6697
58.0499	204.565	-19.1802
58.0499	215.332	-19.6553
58.0499	226.099	-20.0988
58.0499	236.865	-20.5138
58.0499	247.632	-20.9031
58.0499	258.398	-21.269
58.0499	269.165	-21.6137
58.0499	279.932	-21.9389
58.0499	290.698	-22.2461
58.0499	301.465	-22.5367
58.0499	312.231	-22.8118
58.0499	322.998	-23.0725
58.0499	333.765	-23.3197
58.0499	344.531	-23.5543
58.0499	355.298	-23.7769
58.0499	366.064	-23.9883
58.0499	376.831	-24.1889
58.0499	387.598	-24.3793
58.0499	398.364	-24.5601
58.0499	409.131	-24.7316
58.0499	419.897	-24.8942
58.0499	430.664	-25.0482
58.0499	441.431	-25.1941
58.0499	452.197	-25.332
58.0499	462.964	-25.4623
58.0499	473.73	-25.5852
58.0499	484.497	-25.701
58.0499	495.264	-25.8097
58.0499	506.03	-25.9117
58.0499	516.797	-26.007
58.0499	527.563	-26.0958
58.0499	538.33	-26.1784
58.0499	549.097	-26.2547
58.0499	559.863	-26.325
58.0499	570.63	-26.3892
58.0499	581.396	-26.4476
58.0499	592.163	-26.5002
58.0499	602.93	-26.5471
58.0499	613.696	-26.5883
58.0499	624.463	-26.6238
58.0499	635.229	-26.6539
58.0499	645.996	-26.6784
58.0499	656.763	-26.6974
58.0499	667.529	-26.711
58.0499	678.296	-26.7191
58.0499	689.062	-26.7219
58.0499	699.829	-26.7191
58.0499	710.596	-26.711
58.0499	721.362	-26.6974
58.0499	732.129	-26.6784
58.0499	742.896	-26.6539
58.0499	753.662	-26.6238
58.0499	764.429	-26.5883
58.0499	775.195	-26.5471
58.0499	785.962	-26.5002
58.0499	796.729	-26.4476
58.0499	807.495	-26.3892
58.0499	818.262	-26.325
58.0499	829.028	-26.2547
58.0499	839.795	-26.1784
58.0499	850.562	-26.0958
58.0499	861.328	-26.007
58.0499	872.095	-25.9117
58.0499	882.861	-25.8097
58.0499	893.628	-25.701
58.0499	904.395	-25.5852
58.0499	915.161	-25.4623
58.0499	925.928	-25.332
58.0499	936.694	-25.1941
58.0499	947.461	-25.0482
58.0499	958.228	-24.8942
58.0499	968.994	-24.7316
58.0499	979.761	-24.5601
58.0499	990.527	-24.3793
58.0499	1001.29	-24.1889
58.0499	1012.06	-23.9883
58.0499	1022.83	-23.7769
58.0499	1033.59	-23.5543
58.0499	1044.36	-23.3197
58.0499	1055.13	-23.0725
58.0499	1065.89	-22.8118
58.0499	1076.66	-22.5367
58.0499	1087.43	-22.2461
58.0499	1098.19	-21.9389
58.0499	1108.96	-21.6137
58.0499	1119.73	-21.269
58.0499	1130.49	-20.9031
58.0499	1141.26	-20.5138
58.0499	1152.03	-20.0988
58.0499	1162.79	-19.6553
58.0499	1173.56	-19.1802
58.0499	1184.33	-18.6697
58.0499	1195.09	-18.1195
58.0499	1205.86	-17.525
58.0499	1216.63	-16.8812
58.0499	1227.39	-16.1844
58.0499	1238.16	-15.4346
58.0499	1248.93	-14.6461
58.0499	1259.69	-13.8791
58.0499	1270.46	-13.3755
58.0499	1281.23	-14.4484
58.0499	1291.99	-18.8109
58.0499	1302.76	19.8159
58.0499	1313.53	30.4725
58.0499	1324.29	26.0592
58.0499	1335.06	0.0279986
58.0499	1345.83	-22.4494
58.0499	1356.59	-28.9523
58.0499	1367.36	-28.5581
60.9524	0	-12.069
60.9524	10.7666	-12.169
60.9524	21.5332	-12.8868
60.9524	32.2998	-18.5973
60.9524	43.0664	-1.54207
60.9524	53.833	26.1253
60.9524	64.5996	30.4354
60.9524	75.3662	19.9328
60.9524	86.1328	-12.4238
60.9524	96.8994	-22.3021
60.9524	107.666	-19.4426
60.9524	118.433	-19.9763
60.9524	129.199	-21.0651
60.9524	139.966	-22.2493
60.9524	150.732	-23.4075
60.9524	161.499	-24.5037
60.9524	172.266	-25.5289
60.9524	183.032	-26.484
60.9524	193.799	-27.3729
60.9524	204.565	-28.2008
60.9524	215.332	-28.9726
60.9524	226.099	-29.6934
60.9524	236.865	-30.3674
60.9524	247.632	-30.9986
60.9524	258.398	-31.5906
60.9524	269.165	-32.1465
60.9524	279.932	-32.669
60.9524	290.698	-33.1608
60.9524	301.465	-33.624
60.9524	312.231	-34.0607
60.9524	322.998	-34.4725
60.9524	333.765	-34.8613
60.9524	344.531	-35.2284
60.9524	355.298	-35.5751
60.9524	366.064	-35.9027
60.9524	376.831	-36.2122
60.9524	387.598	-36.5046
60.9524	398.364	-36.7809
60.9524	409.131	-37.0418
60.9524	419.897	-37.2882
60.9524	430.664	-37.5206
60.9524	441.431	-37.7397
60.9524	452.197	-37.9461
60.9524	462.964	-38.1403
60.9524	473.73	-38.3228
60.9524	484.497	-38.494
60.9524	495.264	-38.6544
60.9524	506.03	-38.8043
60.9524	516.797	-38.944
60.9524	527.563	-39.0739
60.9524	538.33	-39.1942
60.9524	549.097	-39.3052
60.9524	559.863	-39.4071
60.9524	570.63	-39.5001
60.9524	581.396	-39.5844
60.9524	592.163	-39.6603
60.9524	602.93	-39.7277
60.9524	613.696	-39.787
60.9524	624.463	-39.838
60.9524	635.229	-39.8811
60.9524	645.996	-39.9163
60.9524	656.763	-39.9435
60.9524	667.529	-39.963
60.9524	678.296	-39.9746
60.9524	689.062	-39.9785
60.9524	699.829	-39.9746
60.9524	710.596	-39.963
60.9524	721.362	-39.9435
60.9524	732.129	-39.9163
60.9524	742.896	-39.8811
60.9524	753.662	-39.838
60.9524	764.429	-39.787
60.9524	775.195	-39.7277
60.9524	785.962	-39.6603
60.9524	796.729	-39.5844
60.9524	807.495	-39.5001
60.9524	818.262	-39.4071
60.9524	829.028	-39.3052
60.9524	839.795	-39.1942
60.9524	850.562	-39.0739
60.9524	861.328	-38.944
60.9524	872.095	-38.8043
60.9524	882.861	-38.6544
60.9524	893.628	-38.494
60.9524	904.395	-38.3228
60.9524	915.161	-38.1403
60.9524	925.928	-37.9461
60.9524	936.694	-37.7397
60.9524	947.461	-37.5206
60.9524	958.228	-37.2882
60.9524	968.994	-37.0418
60.9524	979.761	-36.7809
60.9524	990.527	-36.5046
60.9524	1001.29	-36.2122
60.9524	1012.06	-35.9027
60.9524	1022.83	-35.5751
60.9524	1033.59	-35.2284
60.9524	1044.36	-34.8613
60.9524	1055.13	-34.4725
60.9524	1065.89	-34.0607
60.9524	1076.66	-33.624
60.9524	1087.43	-33.1608
60.9524	1098.19	-32.669
60.9524	1108.96	-32.1465
60.9524	1119.73	-31.5906
60.9524	1130.49	-30.9986
60.9524	1141.26	-30.3674
60.9524	1152.03	-29.6934
60.9524	1162.79	-28.9726
60.9524	1173.56	-28.2008
60.9524	1184.33	-27.3729
60.9524	1195.09	-26.484
60.9524	1205.86	-25.5289
60.9524	1216.63	-24.5037
60.9524	1227.39	-23.4075
60.9524	1238.16	-22.2493
60.9524	1248.93	-21.0651
60.9524	1259.69	-19.9763
60.9524	1270.46	-19.4426
60.9524	1281.23	-22.3021
60.9524	1291.99	-12.4238
60.9524	1302.76	19.9328
60.9524	1313.53	30.4354
60.9524	1324.29	26.1253
60.9524	1335.06	-1.54207
60.9524	1345.83	-18.5973
60.9524	1356.59	-12.8868
60.9524	1367.36	-12.169
63.8549	0	-17.3191
63.8549	10.7666	-17.3591
63.8549	21.5332	-18.0587
63.8549	32.2998	-20.961
63.8549	43.0664	-0.366619
63.8549	53.833	26.0782
63.8549	64.5996	30.4619
63.8549	75.3662	19.8497
63.8549	86.1328	-15.8889
63.8549	96.8994	-15.6367
63.8549	107.666	-14.4295
63.8549	118.433	-14.9358
63.8549	129.199	-15.7307
63.8549	139.966	-16.551
63.8549	150.732	-17.3309
63.8549	161.499	-18.0549
63.8549	172.266	-18.7224
63.8549	183.032	-19.3376
63.8549	193.799	-19.9058
63.8549	204.565	-20.432
63.8549	215.332	-20.9209
63.8549	226.099	-21.3764
63.8549	236.865	-21.802
63.8549	247.632	-22.2007
63.8549	258.398	-22.575
63.8549	269.165	-22.9271
63.8549	279.932	-23.2589
63.8549	290.698	-23.572
63.8549	301.465	-23.868
63.8549	312.231	-24.1479
63.8549	322.998	-24.4129
63.8549	333.765	-24.6641
63.8549	344.531	-24.9022
63.8549	355.298	-25.1281
63.8549	366.064	-25.3424
63.8549	376.831	-25.5457
63.8549	387.598	-25.7387
63.8549	398.364	-25.9217
63.8549	409.131	-26.0952
63.8549	419.897	-26.2597
63.8549	430.664	-26.4156
63.8549	441.431	-26.563
63.8549	452.197	-26.7025
63.8549	462.964	-26.8341
63.8549	473.73	-26.9583
63.8549	484.497	-27.0752
63.8549	495.264	-27.185
63.8549	506.03	-27.2879
63.8549	516.797	-27.3841
63.8549	527.563	-27.4738
63.8549	538.33	-27.5571
63.8549	549.097	-27.6341
63.8549	559.863	-27.705
63.8549	570.63	-27.7698
63.8549	581.396	-27.8287
63.8549	592.163	-27.8817
63.8549	602.93	-27.9289
63.8549	613.696	-27.9705
63.8549	624.463	-28.0063
63.8549	635.229	-28.0366
63.8549	645.996	-28.0613
63.8549	656.763	-28.0805
63.8549	667.529	-28.0942
63.8549	678.296	-28.1024
63.8549	689.062	-28.1052
63.8549	699.829	-28.1024
63.8549	710.596	-28.0942
63.8549	721.362	-28.0805
63.8549	732.129	-28.0613
63.8549	742.896	-28.0366
63.8549	753.662	-28.0063
63.8549	764.429	-27.9705
63.8549	775.195	-27.9289
63.8549	785.962	-27.8817
63.8549	796.729	-27.8287
63.8549	807.495	-27.7698
63.8549	818.262	-27.705
63.8549	829.028	-27.6341
63.8549	839.795	-27.5571
63.8549	850.562	-27.4738
63.8549	861.328	-27.3841
63.8549	872.095	-27.2879
63.8549	882.861	-27.185
63.8549	893.628	-27.0752
63.8549	904.395	-26.9583
63.8549	915.161	-26.8341
63.8549	925.928	-26.7025
63.8549	936.694	-26.563
63.8549	947.461	-26.4156
63.8549	958.228	-26.2597
63.8549	968.994	-26.0952
63.8549	979.761	-25.9217
63.8549	990.527	-25.7387
63.8549	1001.29	-25.5457
63.8549	1012.06	-25.3424
63.8549	1022.83	-25.1281
63.8549	1033.59	-24.9022
63.8549	1044.36	-24.6641
63.8549	1055.13	-24.4129
63.8549	1065.89	-24.1479
63.8549	1076.66	-23.868
63.8549	1087.43	-23.572
63.8549	1098.19	-23.2589
63.8549	1108.96	-22.9271
63.8549	1119.73	-22.575
63.8549	1130.49	-22.2007
63.8549	1141.26	-21.802
63.8549	1152.03	-21.3764
63.8549	1162.79	-20.9209
63.8549	1173.56	-20.432
63.8549	1184.33	-19.9058
63.8549	1195.09	-19.3376
63.8549	1205.86	-18.7224
63.8549	1216.63	-18.0549
63.8549	1227.39	-17.3309
63.8549	1238.16	-16.551
63.8549	1248.93	-15.7307
63.8549	1259.69	-14.9358
63.8549	1270.46	-14.4295
63.8549	1281.23	-15.6367
63.8549	1291.99	-15.8889
63.8549	1302.76	19.8497
63.8549	1313.53	30.4619
63.8549	1324.29	26.0782
63.8549	1335.06	-0.366619
63.8549	1345.83	-20.961
63.8549	1356.59	-18.0587
63.8549	1367.36	-17.3591
66.7574	0	-16.0835
66.7574	10.7666	-16.1445
66.7574	21.5332	-16.8506
66.7574	32.2998	-20.5419
66.7574	43.0664	-0.513307
66.7574	53.833	26.0849
66.7574	64.5996	30.4582
66.7574	75.3662	19.8614
66.7574	86.1328	-15.2034
66.7574	96.8994	-16.1422
66.7574	107.666	-14.8674
66.7574	118.433	-15.375
66.7574	129.199	-16.1837
66.7574	139.966	-17.02
66.7574	150.732	-17.8151
66.7574	161.499	-18.5529
66.7574	172.266	-19.2326
66.7574	183.032	-19.8586
66.7574	193.799	-20.4362
66.7574	204.565	-20.9707
66.7574	215.332	-21.4669
66.7574	226.099	-21.9288
66.7574	236.865	-22.3601
66.7574	247.632	-22.7638
66.7574	258.398	-23.1425
66.7574	269.165	-23.4986
66.7574	279.932	-23.834
66.7574	290.698	-24.1503
66.7574	301.465	-24.4491
66.7574	312.231	-24.7316
66.7574	322.998	-24.9991
66.7574	333.765	-25.2524
66.7574	344.531	-25.4924
66.7574	355.298	-25.7201
66.7574	366.064	-25.936
66.7574	376.831	-26.1408
66.7574	387.598	-26.3351
66.7574	398.364	-26.5194
66.7574	409.131	-26.6941
66.7574	419.897	-26.8596
66.7574	430.664	-27.0164
66.7574	441.431	-27.1648
66.7574	452.197	-27.305
66.7574	462.964	-27.4374
66.7574	473.73	-27.5623
66.7574	484.497	-27.6798
66.7574	495.264	-27.7902
66.7574	506.03	-27.8936
66.7574	516.797	-27.9903
66.7574	527.563	-28.0805
66.7574	538.33	-28.1642
66.7574	549.097	-28.2416
66.7574	559.863	-28.3128
66.7574	570.63	-28.3779
66.7574	581.396	-28.437
66.7574	592.163	-28.4903
66.7574	602.93	-28.5378
66.7574	613.696	-28.5795
66.7574	624.463	-28.6155
66.7574	635.229	-28.6459
66.7574	645.996	-28.6708
66.7574	656.763	-28.6901
66.7574	667.529	-28.7038
66.7574	678.296	-28.712
66.7574	689.062	-28.7148
66.7574	699.829	-28.712
66.7574	710.596	-28.7038
66.7574	721.362	-28.6901
66.7574	732.129	-28.6708
66.7574	742.896	-28.6459
66.7574	753.662	-28.6155
66.7574	764.429	-28.5795
66.7574	775.195	-28.5378
66.7574	785.962	-28.4903
66.7574	796.729	-28.437
66.7574	807.495	-28.3779
66.7574	818.262	-28.3128
66.7574	829.028	-28.2416
66.7574	839.795	-28.1642
66.7574	850.562	-28.0805
66.7574	861.328	-27.9903
66.7574	872.095	-27.8936
66.7574	882.861	-27.7902
66.7574	893.628	-27.6798
66.7574	904.395	-27.5623
66.7574	915.161	-27.4374
66.7574	925.928	-27.305
66.7574	936.694	-27.1648
66.7574	947.461	-27.0164
66.7574	958.228	-26.8596
66.7574	968.994	-26.6941
66.7574	979.761	-26.5194
66.7574	990.527	-26.3351
66.7574	1001.29	-26.1408
66.7574	1012.06	-25.936
66.7574	1022.83	-25.7201
66.7574	1033.59	-25.4924
66.7574	1044.36	-25.2524
66.7574	1055.13	-24.9991
66.7574	1065.89	-24.7316
66.7574	1076.66	-24.4491
66.7574	1087.43	-24.1503
66.7574	1098.19	-23.834
66.7574	1108.96	-23.4986
66.7574	1119.73	-23.1425
66.7574	1130.49	-22.7638
66.7574	1141.26	-22.3601
66.7574	1152.03	-21.9288
66.7574	1162.79	-21.4669
66.7574	1173.56	-20.9707
66.7574	1184.33	-20.4362
66.7574	1195.09	-19.8586
66.7574	1205.86	-19.2326
66.7574	1216.63	-18.5529
66.7574	1227.39	-17.8151
66.7574	1238.16	-17.02
66.7574	1248.93	-16.1837
66.7574	1259.69	-15.375
66.7574	1270.46	-14.8674
66.7574	1281.23	-16.1422
66.7574	1291.99	-15.2034
66.7574	1302.76	19.8614
66.7574	1313.53	30.4582
66.7574	1324.29	26.0849
66.7574	1335.06	-0.513307
66.7574	1345.83	-20.5419
66.7574	1356.59	-16.8506
66.7574	1367.36	-16.1445
69.6599	0	-12.3063
69.6599	10.7666	-12.4049
69.6599	21.5332	-13.1223
69.6599	32.2998	-18.7377
69.6599	43.0664	-1.44093
69.6599	53.833	26.1218
69.6599	64.5996	30.4374
69.6599	75.3662	19.9266
69.6599	86.1328	-12.6086
69.6599	96.8994	-21.2438
69.6599	107.666	-18.7807
69.6599	118.433	-19.3087
69.6599	129.199	-20.3349
69.6599	139.966	-21.4368
69.6599	150.732	-22.5037
69.6599	161.499	-23.504
69.6599	172.266	-24.4313
69.6599	183.032	-25.2877
69.6599	193.799	-26.0784
69.6599	204.565	-26.8093
69.6599	215.332	-27.486
69.6599	226.099	-28.1137
69.6599	236.865	-28.6972
69.6599	247.632	-29.2408
69.6599	258.398	-29.748
69.6599	269.165	-30.2221
69.6599	279.932	-30.6661
69.6599	290.698	-31.0824
69.6599	301.465	-31.4734
69.6599	312.231	-31.8409
69.6599	322.998	-32.1867
69.6599	333.765	-32.5125
69.6599	344.531	-32.8195
69.6599	355.298	-33.1091
69.6599	366.064	-33.3824
69.6599	376.831	-33.6403
69.6599	387.598	-33.8838
69.6599	398.364	-34.1137
69.6599	409.131	-34.3307
69.6599	419.897	-34.5356
69.6599	430.664	-34.7288
69.6599	441.431	-34.9109
69.6599	452.197	-35.0825
69.6599	462.964	-35.2439
69.6599	473.73	-35.3957
69.6599	484.497	-35.5381
69.6599	495.264	-35.6715
69.6599	506.03	-35.7961
69.6599	516.797	-35.9124
69.6599	527.563	-36.0205
69.6599	538.33	-36.1207
69.6599	549.097	-36.2132
69.6599	559.863	-36.2981
69.6599	570.63	-36.3756
69.6599	581.396	-36.446
69.6599	592.163	-36.5092
69.6599	602.93	-36.5655
69.6599	613.696	-36.6149
69.6599	624.463	-36.6575
69.6599	635.229	-36.6935
69.6599	645.996	-36.7229
69.6599	656.763	-36.7456
69.6599	667.529	-36.7618
69.6599	678.296	-36.7716
69.6599	689.062	-36.7748
69.6599	699.829	-36.7716
69.6599	710.596	-36.7618
69.6599	721.362	-36.7456
69.6599	732.129	-36.7229
69.6599	742.896	-36.6935
69.6599	753.662	-36.6575
69.6599	764.429	-36.6149
69.6599	775.195	-36.5655
69.6599	785.962	-36.5092
69.6599	796.729	-36.446
69.6599	807.495	-36.3756
69.6599	818.262	-36.2981
69.6599	829.028	-36.2132
69.6599	839.795	-36.1207
69.6599	850.562	-36.0205
69.6599	861.328	-35.9124
69.6599	872.095	-35.7961
69.6599	882.861	-35.6715
69.6599	893.628	-35.5381
69.6599	904.395	-35.3957
69.6599	915.161	-35.2439
69.6599	925.928	-35.0825
69.6599	936.694	-34.9109
69.6599	947.461	-34.7288
69.6599	958.228	-34.5356
69.6599	968.994	-34.3307
69.6599	979.761	-34.1137
69.6599	990.527	-33.8838
69.6599	1001.29	-33.6403
69.6599	1012.06	-33.3824
69.6599	1022.83	-33.1091
69.6599	1033.59	-32.8195
69.6599	1044.36	-32.5125
69.6599	1055.13	-32.1867
69.6599	1065.89	-31.8409
69.6599	1076.66	-31.4734
69.6599	1087.43	-31.0824
69.6599	1098.19	-30.6661
69.6599	1108.96	-30.2221
69.6599	1119.73	-29.748
69.6599	1130.49	-29.2408
69.6599	1141.26	-28.6972
69.6599	1152.03	-28.1137
69.6599	1162.79	-27.486
69.6599	1173.56	-26.8093
69.6599	1184.33	-26.0784
69.6599	1195.09	-25.2877
69.6599	1205.86	-24.4313
69.6599	1216.63	-23.504
69.6599	1227.39	-22.5037
69.6599	1238.16	-21.4368
69.6599	1248.93	-20.3349
69.6599	1259.69	-19.3087
69.6599	1270.46	-18.7807
69.6599	1281.23	-21.2438
69.6599	1291.99	-12.6086
69.6599	1302.76	19.9266
69.6599	1313.53	30.4374
69.6599	1324.29	26.1218
69.6599	1335.06	-1.44093
69.6599	1345.83	-18.7377
69.6599	1356.59	-13.1223
69.6599	1367.36	-12.4049
72.5624	0	-42.7681
72.5624	10.7666	-33.8666
72.5624	21.5332	-33.5567
72.5624	32.2998	-22.5535
72.5624	43.0664	0.0497927
72.5624	53.833	26.0581
72.5624	64.5996	30.4731
72.5624	75.3662	19.8139
72.5624	86.1328	-19.0592
72.5624	96.8994	-14.3886
72.5624	107.666	-13.3217
72.5624	118.433	-13.8252
72.5624	129.199	-14.5909
72.5624	139.966	-15.378
72.5624	150.732	-16.1264
72.5624	161.499	-16.8221
72.5624	172.266	-17.4648
72.5624	183.032	-18.0584
72.5624	193.799	-18.6078
72.5624	204.565	-19.1176
72.5624	215.332	-19.5922
72.5624	226.099	-20.0351
72.5624	236.865	-20.4497
72.5624	247.632	-20.8386
72.5624	258.398	-21.2042
72.5624	269.165	-21.5486
72.5624	279.932	-21.8735
72.5624	290.698	-22.1804
72.5624	301.465	-22.4708
72.5624	312.231	-22.7457
72.5624	322.998	-23.0062
72.5624	333.765	-23.2533
72.5624	344.531	-23.4877
72.5624	355.298	-23.7102
72.5624	366.064	-23.9214
72.5624	376.831	-24.1219
72.5624	387.598	-24.3122
72.5624	398.364	-24.4929
72.5624	409.131	-24.6643
72.5624	419.897	-24.8268
72.5624	430.664	-24.9808
72.5624	441.431	-25.1266
72.5624	452.197	-25.2645
72.5624	462.964	-25.3947
72.5624	473.73	-25.5176
72.5624	484.497	-25.6333
72.5624	495.264	-25.742
72.5624	506.03	-25.8439
72.5624	516.797	-25.9392
72.5624	527.563	-26.028
72.5624	538.33	-26.1105
72.5624	549.097	-26.1868
72.5624	559.863	-26.257
72.5624	570.63	-26.3213
72.5624	581.396	-26.3796
72.5624	592.163	-26.4322
72.5624	602.93	-26.479
72.5624	613.696	-26.5202
72.5624	624.463	-26.5558
72.5624	635.229	-26.5858
72.5624	645.996	-26.6103
72.5624	656.763	-26.6294
72.5624	667.529	-26.6429
72.5624	678.296	-26.6511
72.5624	689.062	-26.6538
72.5624	699.829	-26.6511
72.5624	710.596	-26.6429
72.5624	721.362	-26.6294
72.5624	732.129	-26.6103
72.5624	742.896	-26.5858
72.5624	753.662	-26.5558
72.5624	764.429	-26.5202
72.5624	775.195	-26.479
72.5624	785.962	-26.4322
72.5624	796.729	-26.3796
72.5624	807.495	-26.3213
72.5624	818.262	-26.257
72.5624	829.028	-26.1868
72.5624	839.795	-26.1105
72.5624	850.562	-26.028
72.5624	861.328	-25.9392
72.5624	872.095	-25.8439
72.5624	882.861	-25.742
72.5624	893.628	-25.6333
72.5624	904.395	-25.5176
72.5624	915.161	-25.3947
72.5624	925.928	-25.2645
72.5624	936.694	-25.1266
72.5624	947.461	-24.9808
72.5624	958.228	-24.8268
72.5624	968.994	-24.6643
72.5624	979.761	-24.4929
72.5624	990.527	-24.3122
72.5624	1001.29	-24.1219
72.5624	1012.06	-23.9214
72.5624	1022.83	-23.7102
72.5624	1033.59	-23.4877
72.5624	1044.36	-23.2533
72.5624	1055.13	-23.0062
72.5624	1065.89	-22.7457
72.5624	1076.66	-22.4708
72.5624	1087.43	-22.1804
72.5624	1098.19	-21.8735
72.5624	1108.96	-21.5486
72.5624	1119.73	-21.2042
72.5624	1130.49	-20.8386
72.5624	1141.26	-20.4497
72.5624	1152.03	-20.0351
72.5624	1162.79	-19.5922
72.5624	1173.56	-19.1176
72.5624	1184.33	-18.6078
72.5624	1195.09	-18.0584
72.5624	1205.86	-17.4648
72.5624	1216.63	-16.8221
72.5624	1227.39	-16.1264
72.5624	1238.16	-15.378
72.5624	1248.93	-14.5909
72.5624	1259.69	-13.8252
72.5624	1270.46	-13.3217
72.5624	1281.23	-14.3886
72.5624	1291.99	-19.0592
72.5624	1302.76	19.8139
72.5624	1313.53	30.4731
72.5624	1324.29	26.0581
72.5624	1335.06	0.0497927
72.5624	1345.83	-22.5535
72.5624	1356.59	-33.5567
72.5624	1367.36	-33.8666
75.4649	0	-12.4846
75.4649	10.7666	-12.582
75.4649	21.5332	-13.299
75.4649	32.2998	-18.8411
75.4649	43.0664	-1.36993
75.4649	53.833	26.1192
75.4649	64.5996	30.4389
75.4649	75.3662	19.9221
75.4649	86.1328	-12.746
75.4649	96.8994	-20.6186
75.4649	107.666	-18.362
75.4649	118.433	-18.8869
75.4649	129.199	-19.8785
75.4649	139.966	-20.9363
75.4649	150.732	-21.9556
75.4649	161.499	-22.9076
75.4649	172.266	-23.787
75.4649	183.032	-24.597
75.4649	193.799	-25.3429
75.4649	204.565	-26.031
75.4649	215.332	-26.6669
75.4649	226.099	-27.2561
75.4649	236.865	-27.8032
75.4649	247.632	-28.3124
75.4649	258.398	-28.7874
75.4649	269.165	-29.2313
75.4649	279.932	-29.6468
75.4649	290.698	-30.0366
75.4649	301.465	-30.4026
75.4649	312.231	-30.7467
75.4649	322.998	-31.0708
75.4649	333.765	-31.3761
75.4649	344.531	-31.664
75.4649	355.298	-31.9358
75.4649	366.064	-32.1924
75.4649	376.831	-32.4347
75.4649	387.598	-32.6637
75.4649	398.364	-32.8799
75.4649	409.131	-33.0843
75.4649	419.897	-33.2772
75.4649	430.664	-33.4593
75.4649	441.431	-33.6311
75.4649	452.197	-33.7931
75.4649	462.964	-33.9455
75.4649	473.73	-34.0889
75.4649	484.497	-34.2236
75.4649	495.264	-34.3498
75.4649	506.03	-34.4678
75.4649	516.797	-34.5779
75.4649	527.563	-34.6803
75.4649	538.33	-34.7753
75.4649	549.097	-34.863
75.4649	559.863	-34.9435
75.4649	570.63	-35.0171
75.4649	581.396	-35.0839
75.4649	592.163	-35.1439
75.4649	602.93	-35.1974
75.4649	613.696	-35.2443
75.4649	624.463	-35.2848
75.4649	635.229	-35.319
75.4649	645.996	-35.3469
75.4649	656.763	-35.3685
75.4649	667.529	-35.384
75.4649	678.296	-35.3932
75.4649	689.062	-35.3963
75.4649	699.829	-35.3932
75.4649	710.596	-35.384
75.4649	721.362	-35.3685
75.4649	732.129	-35.3469
75.4649	742.896	-35.319
75.4649	753.662	-35.2848
75.4649	764.429	-35.2443
75.4649	775.195	-35.1974
75.4649	785.962	-35.1439
75.4649	796.729	-35.0839
75.4649	807.495	-35.0171
75.4649	818.262	-34.9435
75.4649	829.028	-34.863
75.4649	839.795	-34.7753
75.4649	850.562	-34.6803
75.4649	861.328	-34.5779
75.4649	872.095	-34.4678
75.4649	882.861	-34.3498
75.4649	893.628	-34.2236
75.4649	904.395	-34.0889
75.4649	915.161	-33.9455
75.4649	925.928	-33.7931
75.4649	936.694	-33.6311
75.4649	947.461	-33.4593
75.4649	958.228	-33.2772
75.4649	968.994	-33.0843
75.4649	979.761	-32.8799
75.4649	990.527	-32.6637
75.4649	1001.29	-32.4347
75.4649	1012.06	-32.1924
75.4649	1022.83	-31.9358
75.4649	1033.59	-31.664
75.4649	1044.36	-31.3761
75.4649	1055.13	-31.0708
75.4649	1065.89	-30.7467
75.4649	1076.66	-30.4026
75.4649	1087.43	-30.0366
75.4649	1098.19	-29.6468
75.4649	1108.96	-29.2313
75.4649	1119.73	-28.7874
75.4649	1130.49	-28.3124
75.4649	1141.26	-27.8032
75.4649	1152.03	-27.2561
75.4649	1162.79	-26.6669
75.4649	1173.56	-26.031
75.4649	1184.33	-25.3429
75.4649	1195.09	-24.597
75.4649	1205.86	-23.787
75.4649	1216.63	-22.9076
75.4649	1227.39	-21.9556
75.4649	1238.16	-20.9363
75.4649	1248.93	-19.8785
75.4649	1259.69	-18.8869
75.4649	1270.46	-18.362
75.4649	1281.23	-20.6186
75.4649	1291.99	-12.746
75.4649	1302.76	19.9221
75.4649	1313.53	30.4389
75.4649	1324.29	26.1192
75.4649	1335.06	-1.36993
75.4649	1345.83	-18.8411
75.4649	1356.59	-13.299
75.4649	1367.36	-12.582
78.3673	0	-15.4845
78.3673	10.7666	-15.5539
78.3673	21.5332	-16.2624
78.3673	32.2998	-20.3096
78.3673	43.0664	-0.603332
78.3673	53.833	26.0888
78.3673	64.5996	30.456
78.3673	75.3662	19.8684
78.3673	86.1328	-14.8402
78.3673	96.8994	-16.4748
78.3673	107.666	-15.1516
78.3673	118.433	-15.6602
78.3673	129.199	-16.4787
78.3673	139.966	-17.3262
78.3673	150.732	-18.1323
78.3673	161.499	-18.88
78.3673	172.266	-19.5686
78.3673	183.032	-20.2024
78.3673	193.799	-20.7869
78.3673	204.565	-21.3275
78.3673	215.332	-21.829
78.3673	226.099	-22.2956
78.3673	236.865	-22.7311
78.3673	247.632	-23.1385
78.3673	258.398	-23.5206
78.3673	269.165	-23.8796
78.3673	279.932	-24.2176
78.3673	290.698	-24.5364
78.3673	301.465	-24.8373
78.3673	312.231	-25.1218
78.3673	322.998	-25.391
78.3673	333.765	-25.6459
78.3673	344.531	-25.8874
78.3673	355.298	-26.1164
78.3673	366.064	-26.3335
78.3673	376.831	-26.5394
78.3673	387.598	-26.7347
78.3673	398.364	-26.9199
78.3673	409.131	-27.0955
78.3673	419.897	-27.2618
78.3673	430.664	-27.4193
78.3673	441.431	-27.5684
78.3673	452.197	-27.7092
78.3673	462.964	-27.8422
78.3673	473.73	-27.9676
78.3673	484.497	-28.0856
78.3673	495.264	-28.1964
78.3673	506.03	-28.3003
78.3673	516.797	-28.3973
78.3673	527.563	-28.4878
78.3673	538.33	-28.5718
78.3673	549.097	-28.6495
78.3673	559.863	-28.7209
78.3673	570.63	-28.7863
78.3673	581.396	-28.8457
78.3673	592.163	-28.8991
78.3673	602.93	-28.9468
78.3673	613.696	-28.9886
78.3673	624.463	-29.0248
78.3673	635.229	-29.0553
78.3673	645.996	-29.0802
78.3673	656.763	-29.0995
78.3673	667.529	-29.1133
78.3673	678.296	-29.1216
78.3673	689.062	-29.1244
78.3673	699.829	-29.1216
78.3673	710.596	-29.1133
78.3673	721.362	-29.0995
78.3673	732.129	-29.0802
78.3673	742.896	-29.0553
78.3673	753.662	-29.0248
78.3673	764.429	-28.9886
78.3673	775.195	-28.9468
78.3673	785.962	-28.8991
78.3673	796.729	-28.8457
78.3673	807.495	-28.7863
78.3673	818.262	-28.7209
78.3673	829.028	-28.6495
78.3673	839.795	-28.5718
78.3673	850.562	-28.4878
78.3673	861.328	-28.3973
78.3673	872.095	-28.3003
78.3673	882.861	-28.1964
78.3673	893.628	-28.0856
78.3673	904.395	-27.9676
78.3673	915.161	-27.8422
78.3673	925.928	-27.7092
78.3673	936.694	-27.5684
78.3673	947.461	-27.4193
78.3673	958.228	-27.2618
78.3673	968.994	-27.0955
78.3673	979.761	-26.9199
78.3673	990.527	-26.7347
78.3673	1001.29	-26.5394
78.3673	1012.06	-26.3335
78.3673	1022.83	-26.1164
78.3673	1033.59	-25.8874
78.3673	1044.36	-25.6459
78.3673	1055.13	-25.391
78.3673	1065.89	-25.1218
78.3673	1076.66	-24.8373
78.3673	1087.43	-24.5364
78.3673	1098.19	-24.2176
78.3673	1108.96	-23.8796
78.3673	1119.73	-23.5206
78.3673	1130.49	-23.1385
78.3673	1141.26	-22.7311
78.3673	1152.03	-22.2956
78.3673	1162.79	-21.829
78.3673	1173.56	-21.3275
78.3673	1184.33	-20.7869
78.3673	1195.09	-20.2024
78.3673	1205.86	-19.5686
78.3673	1216.63	-18.88
78.3673	1227.39	-18.1323
78.3673	1238.16	-17.3262
78.3673	1248.93	-16.4787
78.3673	1259.69	-15.6602
78.3673	1270.46	-15.1516
78.3673	1281.23	-16.4748
78.3673	1291.99	-14.8402
78.3673	1302.76	19.8684
78.3673	1313.53	30.456
78.3673	1324.29	26.0888
78.3673	1335.06	-0.603332
78.3673	1345.83	-20.3096
78.3673	1356.59	-16.2624
78.3673	1367.36	-15.5539
81.2698	0	-18.1565
81.2698	10.7666	-18.1785
81.2698	21.5332	-18.8728
81.2698	32.2998	-21.2021
81.2698	43.0664	-0.290424
81.2698	53.833	26.0747
81.2698	64.5996	30.4639
81.2698	75.3662	19.8434
81.2698	86.1328	-16.3039
81.2698	96.8994	-15.3895
81.2698	107.666	-14.213
81.2698	118.433	-14.7188
81.2698	129.199	-15.5073
81.2698	139.966	-16.3204
81.2698	150.732	-17.0934
81.2698	161.499	-17.8111
81.2698	172.266	-18.4731
81.2698	183.032	-19.0836
81.2698	193.799	-19.6476
81.2698	204.565	-20.1701
81.2698	215.332	-20.6558
81.2698	226.099	-21.1085
81.2698	236.865	-21.5316
81.2698	247.632	-21.9281
81.2698	258.398	-22.3004
81.2698	269.165	-22.6507
81.2698	279.932	-22.981
81.2698	290.698	-23.2927
81.2698	301.465	-23.5873
81.2698	312.231	-23.8661
81.2698	322.998	-24.1302
81.2698	333.765	-24.3804
81.2698	344.531	-24.6177
81.2698	355.298	-24.8428
81.2698	366.064	-25.0564
81.2698	376.831	-25.259
81.2698	387.598	-25.4514
81.2698	398.364	-25.6339
81.2698	409.131	-25.8069
81.2698	419.897	-25.971
81.2698	430.664	-26.1264
81.2698	441.431	-26.2735
81.2698	452.197	-26.4125
81.2698	462.964	-26.5439
81.2698	473.73	-26.6677
81.2698	484.497	-26.7843
81.2698	495.264	-26.8939
81.2698	506.03	-26.9966
81.2698	516.797	-27.0926
81.2698	527.563	-27.1821
81.2698	538.33	-27.2652
81.2698	549.097	-27.342
81.2698	559.863	-27.4127
81.2698	570.63	-27.4774
81.2698	581.396	-27.5362
81.2698	592.163	-27.5891
81.2698	602.93	-27.6363
81.2698	613.696	-27.6777
81.2698	624.463	-27.7135
81.2698	635.229	-27.7438
81.2698	645.996	-27.7684
81.2698	656.763	-27.7876
81.2698	667.529	-27.8012
81.2698	678.296	-27.8094
81.2698	689.062	-27.8122
81.2698	699.829	-27.8094
81.2698	710.596	-27.8012
81.2698	721.362	-27.7876
81.2698	732.129	-27.7684
81.2698	742.896	-27.7438
81.2698	753.662	-27.7135
81.2698	764.429	-27.6777
81.2698	775.195	-27.6363
81.2698	785.962	-27.5891
81.2698	796.729	-27.5362
81.2698	807.495	-27.4774
81.2698	818.262	-27.4127
81.2698	829.028	-27.342
81.2698	839.795	-27.2652
81.2698	850.562	-27.1821
81.2698	861.328	-27.0926
81.2698	872.095	-26.9966
81.2698	882.861	-26.8939
81.2698	893.628	-26.7843
81.2698	904.395	-26.6677
81.2698	915.161	-26.5439
81.2698	925.928	-26.4125
81.2698	936.694	-26.2735
81.2698	947.461	-26.1264
81.2698	958.228	-25.971
81.2698	968.994	-25.8069
81.2698	979.761	-25.6339
81.2698	990.527	-25.4514
81.2698	1001.29	-25.259
81.2698	1012.06	-25.0564
81.2698	1022.83	-24.8428
81.2698	1033.59	-24.6177
81.2698	1044.36	-24.3804
81.2698	1055.13	-24.1302
81.2698	1065.89	-23.8661
81.2698	1076.66	-23.5873
81.2698	1087.43	-23.2927
81.2698	1098.19	-22.981
81.2698	1108.96	-22.6507
81.2698	1119.73	-22.3004
81.2698	1130.49	-21.9281
81.2698	1141.26	-21.5316
81.2698	1152.03	-21.1085
81.2698	1162.79	-20.6558
81.2698	1173.56	-20.1701
81.2698	1184.33	-19.6476
81.2698	1195.09	-19.0836
81.2698	1205.86	-18.4731
81.2698	1216.63	-17.8111
81.2698	1227.39	-17.0934
81.2698	1238.16	-16.3204
81.2698	1248.93	-15.5073
81.2698	1259.69	-14.7188
81.2698	1270.46	-14.213
81.2698	1281.23	-15.3895
81.2698	1291.99	-16.3039
81.2698	1302.76	19.8434
81.2698	1313.53	30.4639
81.2698	1324.29	26.0747
81.2698	1335.06	-0.290424
81.2698	1345.83	-21.2021
81.2698	1356.59	-18.8728
81.2698	1367.36	-18.1785
84.1723	0	-11.9744
84.1723	10.7666	-12.075
84.1723	21.5332	-12.793
84.1723	32.2998	-18.5405
84.1723	43.0664	-1.58465
84.1723	53.833	26.1268
84.1723	64.5996	30.4346
84.1723	75.3662	19.9354
84.1723	86.1328	-12.3495
84.1723	96.8994	-22.8292
84.1723	107.666	-19.7493
84.1723	118.433	-20.2859
84.1723	129.199	-21.4075
84.1723	139.966	-22.636
84.1723	150.732	-23.8449
84.1723	161.499	-24.9961
84.1723	172.266	-26.0797
84.1723	183.032	-27.0955
84.1723	193.799	-28.0473
84.1723	204.565	-28.9395
84.1723	215.332	-29.777
84.1723	226.099	-30.5642
84.1723	236.865	-31.3053
84.1723	247.632	-32.0039
84.1723	258.398	-32.6634
84.1723	269.165	-33.2866
84.1723	279.932	-33.8762
84.1723	290.698	-34.4345
84.1723	301.465	-34.9635
84.1723	312.231	-35.4651
84.1723	322.998	-35.9409
84.1723	333.765	-36.3925
84.1723	344.531	-36.8212
84.1723	355.298	-37.2282
84.1723	366.064	-37.6146
84.1723	376.831	-37.9815
84.1723	387.598	-38.3296
84.1723	398.364	-38.66
84.1723	409.131	-38.9733
84.1723	419.897	-39.2702
84.1723	430.664	-39.5514
84.1723	441.431	-39.8175
84.1723	452.197	-40.0689
84.1723	462.964	-40.3063
84.1723	473.73	-40.53
84.1723	484.497	-40.7405
84.1723	495.264	-40.9381
84.1723	506.03	-41.1234
84.1723	516.797	-41.2964
84.1723	527.563	-41.4576
84.1723	538.33	-41.6072
84.1723	549.097	-41.7455
84.1723	559.863	-41.8727
84.1723	570.63	-41.9889
84.1723	581.396	-42.0945
84.1723	592.163	-42.1895
84.1723	602.93	-42.2742
84.1723	613.696	-42.3485
84.1723	624.463	-42.4128
84.1723	635.229	-42.467
84.1723	645.996	-42.5112
84.1723	656.763	-42.5456
84.1723	667.529	-42.57
84.1723	678.296	-42.5847
84.1723	689.062	-42.5896
84.1723	699.829	-42.5847
84.1723	710.596	-42.57
84.1723	721.362	-42.5456
84.1723	732.129	-42.5112
84.1723	742.896	-42.467
84.1723	753.662	-42.4128
84.1723	764.429	-42.3485
84.1723	775.195	-42.2742
84.1723	785.962	-42.1895
84.1723	796.729	-42.0945
84.1723	807.495	-41.9889
84.1723	818.262	-41.8727
84.1723	829.028	-41.7455
84.1723	839.795	-41.6072
84.1723	850.562	-41.4576
84.1723	861.328	-41.2964
84.1723	872.095	-41.1234
84.1723	882.861	-40.9381
84.1723	893.628	-40.7405
84.1723	904.395	-40.53
84.1723	915.161	-40.3063
84.1723	925.928	-40.0689
84.1723	936.694	-39.8175
84.1723	947.461	-39.5514
84.1723	958.228	-39.2702
84.1723	968.994	-38.9733
84.1723	979.761	-38.66
84.1723	990.527	-38.3296
84.1723	1001.29	-37.9815
84.1723	1012.06	-37.6146
84.1723	1022.83	-37.2282
84.1723	1033.59	-36.8212
84.1723	1044.36	-36.3925
84.1723	1055.13	-35.9409
84.1723	1065.89	-35.4651
84.1723	1076.66	-34.9635
84.1723	1087.43	-34.4345
84.1723	1098.19	-33.8762
84.1723	1108.96	-33.2866
84.1723	1119.73	-32.6634
84.1723	1130.49	-32.0039
84.1723	1141.26	-31.3053
84.1723	1152.03	-30.5642
84.1723	1162.79	-29.777
84.1723	1173.56	-28.9395
84.1723	1184.33	-28.0473
84.1723	1195.09	-27.0955
84.1723	1205.86	-26.0797
84.1723	1216.63	-24.9961
84.1723	1227.39	-23.8449
84.1723	1238.16	-22.636
84.1723	1248.93	-21.4075
84.1723	1259.69	-20.2859
84.1723	1270.46	-19.7493
84.1723	1281.23	-22.8292
84.1723	1291.99	-12.3495
84.1723	1302.76	19.9354
84.1723	1313.53	30.4346
84.1723	1324.29	26.1268
84.1723	1335.06	-1.58465
84.1723	1345.83	-18.5405
84.1723	1356.59	-12.793
84.1723	1367.36	-12.075
87.0748	0	-26.5584
87.0748	10.7666	-26.012
87.0748	21.5332	-26.5502
87.0748	32.2998	-22.3348
87.0748	43.0664	0.00323636
87.0748	53.833	26.0604
87.0748	64.5996	30.4718
87.0748	75.3662	19.8181
87.0748	86.1328	-18.5463
87.0748	96.8994	-14.517
87.0748	107.666	-13.4372
87.0748	118.433	-13.941
87.0748	129.199	-14.7094
87.0748	139.966	-15.4995
87.0748	150.732	-16.2508
87.0748	161.499	-16.9491
87.0748	172.266	-17.5941
87.0748	183.032	-18.1896
87.0748	193.799	-18.7407
87.0748	204.565	-19.252
87.0748	215.332	-19.7278
87.0748	226.099	-20.1718
87.0748	236.865	-20.5874
87.0748	247.632	-20.9771
87.0748	258.398	-21.3435
87.0748	269.165	-21.6886
87.0748	279.932	-22.0141
87.0748	290.698	-22.3215
87.0748	301.465	-22.6124
87.0748	312.231	-22.8877
87.0748	322.998	-23.1487
87.0748	333.765	-23.3961
87.0748	344.531	-23.6308
87.0748	355.298	-23.8536
87.0748	366.064	-24.0651
87.0748	376.831	-24.2658
87.0748	387.598	-24.4564
87.0748	398.364	-24.6373
87.0748	409.131	-24.8088
87.0748	419.897	-24.9715
87.0748	430.664	-25.1257
87.0748	441.431	-25.2716
87.0748	452.197	-25.4097
87.0748	462.964	-25.54
87.0748	473.73	-25.663
87.0748	484.497	-25.7788
87.0748	495.264	-25.8876
87.0748	506.03	-25.9896
87.0748	516.797	-26.0849
87.0748	527.563	-26.1738
87.0748	538.33	-26.2564
87.0748	549.097	-26.3328
87.0748	559.863	-26.4031
87.0748	570.63	-26.4673
87.0748	581.396	-26.5258
87.0748	592.163	-26.5784
87.0748	602.93	-26.6252
87.0748	613.696	-26.6665
87.0748	624.463	-26.702
87.0748	635.229	-26.7321
87.0748	645.996	-26.7566
87.0748	656.763	-26.7757
87.0748	667.529	-26.7893
87.0748	678.296	-26.7974
87.0748	689.062	-26.8001
87.0748	699.829	-26.7974
87.0748	710.596	-26.7893
87.0748	721.362	-26.7757
87.0748	732.129	-26.7566
87.0748	742.896	-26.7321
87.0748	753.662	-26.702
87.0748	764.429	-26.6665
87.0748	775.195	-26.6252
87.0748	785.962	-26.5784
87.0748	796.729	-26.5258
87.0748	807.495	-26.4673
87.0748	818.262	-26.4031
87.0748	829.028	-26.3328
87.0748	839.795	-26.2564
87.0748	850.562	-26.1738
87.0748	861.328	-26.0849
87.0748	872.095	-25.9896
87.0748	882.861	-25.8876
87.0748	893.628	-25.7788
87.0748	904.395	-25.663
87.0748	915.161	-25.54
87.0748	925.928	-25.4097
87.0748	936.694	-25.2716
87.0748	947.461	-25.1257
87.0748	958.228	-24.9715
87.0748	968.994	-24.8088
87.0748	979.761	-24.6373
87.0748	990.527	-24.4564
87.0748	1001.29	-24.2658
87.0748	1012.06	-24.0651
87.0748	1022.83	-23.8536
87.0748	1033.59	-23.6308
87.0748	1044.36	-23.3961
87.0748	1055.13	-23.1487
87.0748	1065.89	-22.8877
87.0748	1076.66	-22.6124
87.0748	1087.43	-22.3215
87.0748	1098.19	-22.0141
87.0748	1108.96	-21.6886
87.0748	1119.73	-21.3435
87.0748	1130.49	-20.9771
87.0748	1141.26	-20.5874
87.0748	1152.03	-20.1718
87.0748	1162.79	-19.7278
87.0748	1173.56	-19.252
87.0748	1184.33	-18.7407
87.0748	1195.09	-18.1896
87.0748	1205.86	-17.5941
87.0748	1216.63	-16.9491
87.0748	1227.39	-16.2508
87.0748	1238.16	-15.4995
87.0748	1248.93	-14.7094
87.0748	1259.69	-13.941
87.0748	1270.46	-13.4372
87.0748	1281.23	-14.517
87.0748	1291.99	-18.5463
87.0748	1302.76	19.8181
87.0748	1313.53	30.4718
87.0748	1324.29	26.0604
87.0748	1335.06	0.00323636
87.0748	1345.83	-22.3348
87.0748	1356.59	-26.5502
87.0748	1367.36	-26.012
89.9773	0	-13.1478
89.9773	10.7666	-13.2405
89.9773	21.5332	-13.9561
89.9773	32.2998	-19.2101
89.9773	43.0664	-1.13818
89.9773	53.833	26.1106
89.9773	64.5996	30.4437
89.9773	75.3662	19.9069
89.9773	86.1328	-13.2454
89.9773	96.8994	-18.9951
89.9773	107.666	-17.187
89.9773	118.433	-17.7044
89.9773	129.199	-18.6165
89.9773	139.966	-19.5754
89.9773	150.732	-20.4918
89.9773	161.499	-21.3427
89.9773	172.266	-22.1256
89.9773	183.032	-22.8445
89.9773	193.799	-23.5055
89.9773	204.565	-24.1146
89.9773	215.332	-24.6775
89.9773	226.099	-25.1992
89.9773	236.865	-25.6841
89.9773	247.632	-26.136
89.9773	258.398	-26.5581
89.9773	269.165	-26.9533
89.9773	279.932	-27.324
89.9773	290.698	-27.6724
89.9773	301.465	-28.0002
89.9773	312.231	-28.3092
89.9773	322.998	-28.6007
89.9773	333.765	-28.876
89.9773	344.531	-29.1362
89.9773	355.298	-29.3822
89.9773	366.064	-29.615
89.9773	376.831	-29.8353
89.9773	387.598	-30.0438
89.9773	398.364	-30.2411
89.9773	409.131	-30.4279
89.9773	419.897	-30.6045
89.9773	430.664	-30.7715
89.9773	441.431	-30.9294
89.9773	452.197	-31.0783
89.9773	462.964	-31.2187
89.9773	473.73	-31.351
89.9773	484.497	-31.4753
89.9773	495.264	-31.592
89.9773	506.03	-31.7012
89.9773	516.797	-31.8032
89.9773	527.563	-31.8982
89.9773	538.33	-31.9863
89.9773	549.097	-32.0678
89.9773	559.863	-32.1427
89.9773	570.63	-32.2111
89.9773	581.396	-32.2732
89.9773	592.163	-32.3292
89.9773	602.93	-32.379
89.9773	613.696	-32.4227
89.9773	624.463	-32.4605
89.9773	635.229	-32.4924
89.9773	645.996	-32.5184
89.9773	656.763	-32.5386
89.9773	667.529	-32.553
89.9773	678.296	-32.5617
89.9773	689.062	-32.5646
89.9773	699.829	-32.5617
89.9773	710.596	-32.553
89.9773	721.362	-32.5386
89.9773	732.129	-32.5184
89.9773	742.896	-32.4924
89.9773	753.662	-32.4605
89.9773	764.429	-32.4227
89.9773	775.195	-32.379
89.9773	785.962	-32.3292
89.9773	796.729	-32.2732
89.9773	807.495	-32.2111
89.9773	818.262	-32.1427
89.9773	829.028	-32.0678
89.9773	839.795	-31.9863
89.9773	850.562	-31.8982
89.9773	861.328	-31.8032
89.9773	872.095	-31.7012
89.9773	882.861	-31.592
89.9773	893.628	-31.4753
89.9773	904.395	-31.351
89.9773	915.161	-31.2187
89.9773	925.928	-31.0783
89.9773	936.694	-30.9294
89.9773	947.461	-30.7715
89.9773	958.228	-30.6045
89.9773	968.994	-30.4279
89.9773	979.761	-30.2411
89.9773	990.527	-30.0438
89.9773	1001.29	-29.8353
89.9773	1012.06	-29.615
89.9773	1022.83	-29.3822
89.9773	1033.59	-29.1362
89.9773	1044.36	-28.876
89.9773	1055.13	-28.6007
89.9773	1065.89	-28.3092
89.9773	1076.66	-28.0002
89.9773	1087.43	-27.6724
89.9773	1098.19	-27.324
89.9773	1108.96	-26.9533
89.9773	1119.73	-26.5581
89.9773	1130.49	-26.136
89.9773	1141.26	-25.6841
89.9773	1152.03	-25.1992
89.9773	1162.79	-24.6775
89.9773	1173.56	-24.1146
89.9773	1184.33	-23.5055
89.9773	1195.09	-22.8445
89.9773	1205.86	-22.1256
89.9773	1216.63	-21.3427
89.9773	1227.39	-20.4918
89.9773	1238.16	-19.5754
89.9773	1248.93	-18.6165
89.9773	1259.69	-17.7044
89.9773	1270.46	-17.187
89.9773	1281.23	-18.9951
89.9773	1291.99	-13.2454
89.9773	1302.76	19.9069
89.9773	1313.53	30.4437
89.9773	1324.29	26.1106
89.9773	1335.06	-1.13818
89.9773	1345.83	-19.2101
89.9773	1356.59	-13.9561
89.9773	1367.36	-13.2405

