0	0	-46.7008
0	10.7666	-6.92159
0	21.5332	24.8106
0	32.2998	30.6602
0	43.0664	21.7164
0	53.833	-22.5563
0	64.5996	-18.6036
0	75.3662	-17.9519
0	86.1328	-18.636
0	96.8994	-19.5175
0	107.666	-20.3915
0	118.433	-21.2112
0	129.199	-21.9683
0	139.966	-22.6657
0	150.732	-23.309
0	161.499	-23.9042
0	172.266	-24.4565
0	183.032	-24.9709
0	193.799	-25.4513
0	204.565	-25.9013
0	215.332	-26.3238
0	226.099	-26.7213
0	236.865	-27.0961
0	247.632	-27.4501
0	258.398	-27.7849
0	269.165	-28.102
0	279.932	-28.4026
0	290.698	-28.6879
0	301.465	-28.9588
0	312.231	-29.2163
0	322.998	-29.4612
0	333.765	-29.6941
0	344.531	-29.9156
0	355.298	-30.1265
0	366.064	-30.3271
0	376.831	-30.5179
0	387.598	-30.6995
0	398.364	-30.8721
0	409.131	-31.0361
0	419.897	-31.1918
0	430.664	-31.3396
0	441.431	-31.4797
0	452.197	-31.6123
0	462.964	-31.7378
0	473.73	-31.8562
0	484.497	-31.9678
0	495.264	-32.0728
0	506.03	-32.1713
0	516.797	-32.2634
0	527.563	-32.3494
0	538.33	-32.4293
0	549.097	-32.5032
0	559.863	-32.5713
0	570.63	-32.6336
0	581.396	-32.6902
0	592.163	-32.7412
0	602.93	-32.7867
0	613.696	-32.8267
0	624.463	-32.8612
0	635.229	-32.8904
0	645.996	-32.9142
0	656.763	-32.9327
0	667.529	-32.9459
0	678.296	-32.9538
0	689.062	-32.9565
0	699.829	-32.9538
0	710.596	-32.9459
0	721.362	-32.9327
0	732.129	-32.9142
0	742.896	-32.8904
0	753.662	-32.8612
0	764.429	-32.8267
0	775.195	-32.7867
0	785.962	-32.7412
0	796.729	-32.6902
0	807.495	-32.6336
0	818.262	-32.5713
0	829.028	-32.5032
0	839.795	-32.4293
0	850.562	-32.3494
0	861.328	-32.2634
0	872.095	-32.1713
0	882.861	-32.0728
0	893.628	-31.9678
0	904.395	-31.8562
0	915.161	-31.7378
0	925.928	-31.6123
0	936.694	-31.4797
0	947.461	-31.3396
0	958.228	-31.1918
0	968.994	-31.0361
0	979.761	-30.8721
0	990.527	-30.6995
0	1001.29	-30.5179
0	1012.06	-30.3271
0	1022.83	-30.1265
0	1033.59	-29.9156
0	1044.36	-29.6941
0	1055.13	-29.4612
0	1065.89	-29.2163
0	1076.66	-28.9588
0	1087.43	-28.6879
0	1098.19	-28.4026
0	1108.96	-28.102
0	1119.73	-27.7849
0	1130.49	-27.4501
0	1141.26	-27.0961
0	1152.03	-26.7213
0	1162.79	-26.3238
0	1173.56	-25.9013
0	1184.33	-25.4513
0	1195.09	-24.9709
0	1205.86	-24.4565
0	1216.63	-23.9042
0	1227.39	-23.309
0	1238.16	-22.6657
0	1248.93	-21.9683
0	1259.69	-21.2112
0	1270.46	-20.3915
0	1281.23	-19.5175
0	1291.99	-18.636
0	1302.76	-17.9519
0	1313.53	-18.6036
0	1324.29	-22.5563
0	1335.06	21.7164
0	1345.83	30.6602
0	1356.59	24.8106
0	1367.36	-6.92159
2.90249	0	-39.5877
2.90249	10.7666	-8.26145
2.90249	21.5332	24.8474
2.90249	32.2998	30.6422
2.90249	43.0664	21.7629
2.90249	53.833	-17.4533
2.90249	64.5996	-22.739
2.90249	75.3662	-21.6078
2.90249	86.1328	-22.296
2.90249	96.8994	-23.2681
2.90249	107.666	-24.2438
2.90249	118.433	-25.1574
2.90249	129.199	-25.9966
2.90249	139.966	-26.7644
2.90249	150.732	-27.4676
2.90249	161.499	-28.1138
2.90249	172.266	-28.7098
2.90249	183.032	-29.2616
2.90249	193.799	-29.7742
2.90249	204.565	-30.2521
2.90249	215.332	-30.6989
2.90249	226.099	-31.1177
2.90249	236.865	-31.5112
2.90249	247.632	-31.8817
2.90249	258.398	-32.2311
2.90249	269.165	-32.5612
2.90249	279.932	-32.8734
2.90249	290.698	-33.1691
2.90249	301.465	-33.4494
2.90249	312.231	-33.7153
2.90249	322.998	-33.9678
2.90249	333.765	-34.2076
2.90249	344.531	-34.4354
2.90249	355.298	-34.6519
2.90249	366.064	-34.8577
2.90249	376.831	-35.0533
2.90249	387.598	-35.2392
2.90249	398.364	-35.4158
2.90249	409.131	-35.5834
2.90249	419.897	-35.7425
2.90249	430.664	-35.8934
2.90249	441.431	-36.0363
2.90249	452.197	-36.1716
2.90249	462.964	-36.2994
2.90249	473.73	-36.42
2.90249	484.497	-36.5337
2.90249	495.264	-36.6405
2.90249	506.03	-36.7407
2.90249	516.797	-36.8344
2.90249	527.563	-36.9218
2.90249	538.33	-37.003
2.90249	549.097	-37.0781
2.90249	559.863	-37.1473
2.90249	570.63	-37.2106
2.90249	581.396	-37.2681
2.90249	592.163	-37.3199
2.90249	602.93	-37.366
2.90249	613.696	-37.4066
2.90249	624.463	-37.4417
2.90249	635.229	-37.4713
2.90249	645.996	-37.4954
2.90249	656.763	-37.5142
2.90249	667.529	-37.5276
2.90249	678.296	-37.5356
2.90249	689.062	-37.5383
2.90249	699.829	-37.5356
2.90249	710.596	-37.5276
2.90249	721.362	-37.5142
2.90249	732.129	-37.4954
2.90249	742.896	-37.4713
2.90249	753.662	-37.4417
2.90249	764.429	-37.4066
2.90249	775.195	-37.366
2.90249	785.962	-37.3199
2.90249	796.729	-37.2681
2.90249	807.495	-37.2106
2.90249	818.262	-37.1473
2.90249	829.028	-37.0781
2.90249	839.795	-37.003
2.90249	850.562	-36.9218
2.90249	861.328	-36.8344
2.90249	872.095	-36.7407
2.90249	882.861	-36.6405
2.90249	893.628	-36.5337
2.90249	904.395	-36.42
2.90249	915.161	-36.2994
2.90249	925.928	-36.1716
2.90249	936.694	-36.0363
2.90249	947.461	-35.8934
2.90249	958.228	-35.7425
2.90249	968.994	-35.5834
2.90249	979.761	-35.4158
2.90249	990.527	-35.2392
2.90249	1001.29	-35.0533
2.90249	1012.06	-34.8577
2.90249	1022.83	-34.6519
2.90249	1033.59	-34.4354
2.90249	1044.36	-34.2076
2.90249	1055.13	-33.9678
2.90249	1065.89	-33.7153
2.90249	1076.66	-33.4494
2.90249	1087.43	-33.1691
2.90249	1098.19	-32.8734
2.90249	1108.96	-32.5612
2.90249	1119.73	-32.2311
2.90249	1130.49	-31.8817
2.90249	1141.26	-31.5112
2.90249	1152.03	-31.1177
2.90249	1162.79	-30.6989
2.90249	1173.56	-30.2521
2.90249	1184.33	-29.7742
2.90249	1195.09	-29.2616
2.90249	1205.86	-28.7098
2.90249	1216.63	-28.1138
2.90249	1227.39	-27.4676
2.90249	1238.16	-26.7644
2.90249	1248.93	-25.9966
2.90249	1259.69	-25.1574
2.90249	1270.46	-24.2438
2.90249	1281.23	-23.2681
2.90249	1291.99	-22.296
2.90249	1302.76	-21.6078
2.90249	1313.53	-22.739
2.90249	1324.29	-17.4533
2.90249	1335.06	21.7629
2.90249	1345.83	30.6422
2.90249	1356.59	24.8474
2.90249	1367.36	-8.26145
5.80499	0	-38.0377
5.80499	10.7666	-9.18948
5.80499	21.5332	24.8669
5.80499	32.2998	30.6326
5.80499	43.0664	21.7874
5.80499	53.833	-16.0925
5.80499	64.5996	-30.8985
5.80499	75.3662	-26.8806
5.80499	86.1328	-27.5855
5.80499	96.8994	-28.9588
5.80499	107.666	-30.4446
5.80499	118.433	-31.9026
5.80499	129.199	-33.2927
5.80499	139.966	-34.6055
5.80499	150.732	-35.8423
5.80499	161.499	-37.0083
5.80499	172.266	-38.1095
5.80499	183.032	-39.1518
5.80499	193.799	-40.1409
5.80499	204.565	-41.0818
5.80499	215.332	-41.9791
5.80499	226.099	-42.8367
5.80499	236.865	-43.6582
5.80499	247.632	-44.4468
5.80499	258.398	-45.2051
5.80499	269.165	-45.9359
5.80499	279.932	-46.6411
5.80499	290.698	-47.323
5.80499	301.465	-47.9832
5.80499	312.231	-48.6233
5.80499	322.998	-49.2449
5.80499	333.765	-49.8493
5.80499	344.531	-50.4374
5.80499	355.298	-51.0106
5.80499	366.064	-51.5698
5.80499	376.831	-52.1158
5.80499	387.598	-52.6494
5.80499	398.364	-53.1714
5.80499	409.131	-53.6822
5.80499	419.897	-54.1825
5.80499	430.664	-54.6726
5.80499	441.431	-55.1531
5.80499	452.197	-55.6239
5.80499	462.964	-56.0854
5.80499	473.73	-56.5376
5.80499	484.497	-56.98
5.80499	495.264	-57.4133
5.80499	506.03	-57.8362
5.80499	516.797	-58.2486
5.80499	527.563	-58.6496
5.80499	538.33	-59.0387
5.80499	549.097	-59.4141
5.80499	559.863	-59.7752
5.80499	570.63	-60.1195
5.80499	581.396	-60.4464
5.80499	592.163	-60.7521
5.80499	602.93	-61.0361
5.80499	613.696	-61.2946
5.80499	624.463	-61.526
5.80499	635.229	-61.727
5.80499	645.996	-61.8957
5.80499	656.763	-62.0294
5.80499	667.529	-62.1265
5.80499	678.296	-62.1854
5.80499	689.062	-62.2049
5.80499	699.829	-62.1854
5.80499	710.596	-62.1265
5.80499	721.362	-62.0294
5.80499	732.129	-61.8957
5.80499	742.896	-61.727
5.80499	753.662	-61.526
5.80499	764.429	-61.2946
5.80499	775.195	-61.0361
5.80499	785.962	-60.7521
5.80499	796.729	-60.4464
5.80499	807.495	-60.1195
5.80499	818.262	-59.7752
5.80499	829.028	-59.4141
5.80499	839.795	-59.0387
5.80499	850.562	-58.6496
5.80499	861.328	-58.2486
5.80499	872.095	-57.8362
5.80499	882.861	-57.4133
5.80499	893.628	-56.98
5.80499	904.395	-56.5376
5.80499	915.161	-56.0854
5.80499	925.928	-55.6239
5.80499	936.694	-55.1531
5.80499	947.461	-54.6726
5.80499	958.228	-54.1825
5.80499	968.994	-53.6822
5.80499	979.761	-53.1714
5.80499	990.527	-52.6494
5.80499	1001.29	-52.1158
5.80499	1012.06	-51.5698
5.80499	1022.83	-51.0106
5.80499	1033.59	-50.4374
5.80499	1044.36	-49.8493
5.80499	1055.13	-49.2449
5.80499	1065.89	-48.6233
5.80499	1076.66	-47.9832
5.80499	1087.43	-47.323
5.80499	1098.19	-46.6411
5.80499	1108.96	-45.9359
5.80499	1119.73	-45.2051
5.80499	1130.49	-44.4468
5.80499	1141.26	-43.6582
5.80499	1152.03	-42.8367
5.80499	1162.79	-41.9791
5.80499	1173.56	-41.0818
5.80499	1184.33	-40.1409
5.80499	1195.09	-39.1518
5.80499	1205.86	-38.1095
5.80499	1216.63	-37.0083
5.80499	1227.39	-35.8423
5.80499	1238.16	-34.6055
5.80499	1248.93	-33.2927
5.80499	1259.69	-31.9026
5.80499	1270.46	-30.4446
5.80499	1281.23	-28.9588
5.80499	1291.99	-27.5855
5.80499	1302.76	-26.8806
5.80499	1313.53	-30.8985
5.80499	1324.29	-16.0925
5.80499	1335.06	21.7874
5.80499	1345.83	30.6326
5.80499	1356.59	24.8669
5.80499	1367.36	-9.18948
8.70748	0	-39.9793
8.70748	10.7666	-8.09662
8.70748	21.5332	24.8435
8.70748	32.2998	30.6441
8.70748	43.0664	21.7579
8.70748	53.833	-17.7871
8.70748	64.5996	-22.0559
8.70748	75.3662	-21.0337
8.70748	86.1328	-21.7209
8.70748	96.8994	-22.6732
8.70748	107.666	-23.6262
8.70748	118.433	-24.5184
8.70748	129.199	-25.3386
8.70748	139.966	-26.0899
8.70748	150.732	-26.779
8.70748	161.499	-27.413
8.70748	172.266	-27.9985
8.70748	183.032	-28.5411
8.70748	193.799	-29.0459
8.70748	204.565	-29.517
8.70748	215.332	-29.9577
8.70748	226.099	-30.3713
8.70748	236.865	-30.7601
8.70748	247.632	-31.1265
8.70748	258.398	-31.4723
8.70748	269.165	-31.7991
8.70748	279.932	-32.1084
8.70748	290.698	-32.4015
8.70748	301.465	-32.6794
8.70748	312.231	-32.9433
8.70748	322.998	-33.1938
8.70748	333.765	-33.4318
8.70748	344.531	-33.6581
8.70748	355.298	-33.8732
8.70748	366.064	-34.0777
8.70748	376.831	-34.272
8.70748	387.598	-34.4568
8.70748	398.364	-34.6324
8.70748	409.131	-34.7991
8.70748	419.897	-34.9573
8.70748	430.664	-35.1074
8.70748	441.431	-35.2496
8.70748	452.197	-35.3842
8.70748	462.964	-35.5114
8.70748	473.73	-35.6315
8.70748	484.497	-35.7446
8.70748	495.264	-35.851
8.70748	506.03	-35.9507
8.70748	516.797	-36.0441
8.70748	527.563	-36.1311
8.70748	538.33	-36.2119
8.70748	549.097	-36.2868
8.70748	559.863	-36.3556
8.70748	570.63	-36.4187
8.70748	581.396	-36.476
8.70748	592.163	-36.5275
8.70748	602.93	-36.5735
8.70748	613.696	-36.614
8.70748	624.463	-36.6489
8.70748	635.229	-36.6784
8.70748	645.996	-36.7024
8.70748	656.763	-36.7211
8.70748	667.529	-36.7345
8.70748	678.296	-36.7425
8.70748	689.062	-36.7451
8.70748	699.829	-36.7425
8.70748	710.596	-36.7345
8.70748	721.362	-36.7211
8.70748	732.129	-36.7024
8.70748	742.896	-36.6784
8.70748	753.662	-36.6489
8.70748	764.429	-36.614
8.70748	775.195	-36.5735
8.70748	785.962	-36.5275
8.70748	796.729	-36.476
8.70748	807.495	-36.4187
8.70748	818.262	-36.3556
8.70748	829.028	-36.2868
8.70748	839.795	-36.2119
8.70748	850.562	-36.1311
8.70748	861.328	-36.0441
8.70748	872.095	-35.9507
8.70748	882.861	-35.851
8.70748	893.628	-35.7446
8.70748	904.395	-35.6315
8.70748	915.161	-35.5114
8.70748	925.928	-35.3842
8.70748	936.694	-35.2496
8.70748	947.461	-35.1074
8.70748	958.228	-34.9573
8.70748	968.994	-34.7991
8.70748	979.761	-34.6324
8.70748	990.527	-34.4568
8.70748	1001.29	-34.272
8.70748	1012.06	-34.0777
8.70748	1022.83	-33.8732
8.70748	1033.59	-33.6581
8.70748	1044.36	-33.4318
8.70748	1055.13	-33.1938
8.70748	1065.89	-32.9433
8.70748	1076.66	-32.6794
8.70748	1087.43	-32.4015
8.70748	1098.19	-32.1084
8.70748	1108.96	-31.7991
8.70748	1119.73	-31.4723
8.70748	1130.49	-31.1265
8.70748	1141.26	-30.7601
8.70748	1152.03	-30.3713
8.70748	1162.79	-29.9577
8.70748	1173.56	-29.517
8.70748	1184.33	-29.0459
8.70748	1195.09	-28.5411
8.70748	1205.86	-27.9985
8.70748	1216.63	-27.413
8.70748	1227.39	-26.779
8.70748	1238.16	-26.0899
8.70748	1248.93	-25.3386
8.70748	1259.69	-24.5184
8.70748	1270.46	-23.6262
8.70748	1281.23	-22.6732
8.70748	1291.99	-21.7209
8.70748	1302.76	-21.0337
8.70748	1313.53	-22.0559
8.70748	1324.29	-17.7871
8.70748	1335.06	21.7579
8.70748	1345.83	30.6441
8.70748	1356.59	24.8435
8.70748	1367.36	-8.09662
11.61	0	-48.2526
11.61	10.7666	-6.83881
11.61	21.5332	24.8079
11.61	32.2998	30.6615
11.61	43.0664	21.713
11.61	53.833	-23.3252
11.61	64.5996	-18.4144
11.61	75.3662	-17.7763
11.61	86.1328	-18.4603
11.61	96.8994	-19.3391
11.61	107.666	-20.2102
11.61	118.433	-21.0272
11.61	129.199	-21.782
11.61	139.966	-22.4775
11.61	150.732	-23.1192
11.61	161.499	-23.713
11.61	172.266	-24.2642
11.61	183.032	-24.7776
11.61	193.799	-25.2572
11.61	204.565	-25.7065
11.61	215.332	-26.1283
11.61	226.099	-26.5253
11.61	236.865	-26.8997
11.61	247.632	-27.2532
11.61	258.398	-27.5877
11.61	269.165	-27.9044
11.61	279.932	-28.2048
11.61	290.698	-28.4898
11.61	301.465	-28.7605
11.61	312.231	-29.0178
11.61	322.998	-29.2625
11.61	333.765	-29.4952
11.61	344.531	-29.7166
11.61	355.298	-29.9273
11.61	366.064	-30.1278
11.61	376.831	-30.3185
11.61	387.598	-30.5
11.61	398.364	-30.6725
11.61	409.131	-30.8364
11.61	419.897	-30.992
11.61	430.664	-31.1397
11.61	441.431	-31.2798
11.61	452.197	-31.4124
11.61	462.964	-31.5377
11.61	473.73	-31.6561
11.61	484.497	-31.7677
11.61	495.264	-31.8726
11.61	506.03	-31.9711
11.61	516.797	-32.0632
11.61	527.563	-32.1491
11.61	538.33	-32.229
11.61	549.097	-32.3029
11.61	559.863	-32.3709
11.61	570.63	-32.4332
11.61	581.396	-32.4898
11.61	592.163	-32.5408
11.61	602.93	-32.5862
11.61	613.696	-32.6262
11.61	624.463	-32.6608
11.61	635.229	-32.6899
11.61	645.996	-32.7137
11.61	656.763	-32.7322
11.61	667.529	-32.7454
11.61	678.296	-32.7533
11.61	689.062	-32.7559
11.61	699.829	-32.7533
11.61	710.596	-32.7454
11.61	721.362	-32.7322
11.61	732.129	-32.7137
11.61	742.896	-32.6899
11.61	753.662	-32.6608
11.61	764.429	-32.6262
11.61	775.195	-32.5862
11.61	785.962	-32.5408
11.61	796.729	-32.4898
11.61	807.495	-32.4332
11.61	818.262	-32.3709
11.61	829.028	-32.3029
11.61	839.795	-32.229
11.61	850.562	-32.1491
11.61	861.328	-32.0632
11.61	872.095	-31.9711
11.61	882.861	-31.8726
11.61	893.628	-31.7677
11.61	904.395	-31.6561
11.61	915.161	-31.5377
11.61	925.928	-31.4124
11.61	936.694	-31.2798
11.61	947.461	-31.1397
11.61	958.228	-30.992
11.61	968.994	-30.8364
11.61	979.761	-30.6725
11.61	990.527	-30.5
11.61	1001.29	-30.3185
11.61	1012.06	-30.1278
11.61	1022.83	-29.9273
11.61	1033.59	-29.7166
11.61	1044.36	-29.4952
11.61	1055.13	-29.2625
11.61	1065.89	-29.0178
11.61	1076.66	-28.7605
11.61	1087.43	-28.4898
11.61	1098.19	-28.2048
11.61	1108.96	-27.9044
11.61	1119.73	-27.5877
11.61	1130.49	-27.2532
11.61	1141.26	-26.8997
11.61	1152.03	-26.5253
11.61	1162.79	-26.1283
11.61	1173.56	-25.7065
11.61	1184.33	-25.2572
11.61	1195.09	-24.7776
11.61	1205.86	-24.2642
11.61	1216.63	-23.713
11.61	1227.39	-23.1192
11.61	1238.16	-22.4775
11.61	1248.93	-21.782
11.61	1259.69	-21.0272
11.61	1270.46	-20.2102
11.61	1281.23	-19.3391
11.61	1291.99	-18.4603
11.61	1302.76	-17.7763
11.61	1313.53	-18.4144
11.61	1324.29	-23.3252
11.61	1335.06	21.713
11.61	1345.83	30.6615
11.61	1356.59	24.8079
11.61	1367.36	-6.83881
14.5125	0	-48.644
14.5125	10.7666	-6.82238
14.5125	21.5332	24.8073
14.5125	32.2998	30.6618
14.5125	43.0664	21.7123
14.5125	53.833	-23.4974
14.5125	64.5996	-18.3775
14.5125	75.3662	-17.7419
14.5125	86.1328	-18.4259
14.5125	96.8994	-19.3042
14.5125	107.666	-20.1747
14.5125	118.433	-20.9912
14.5125	129.199	-21.7456
14.5125	139.966	-22.4407
14.5125	150.732	-23.0821
14.5125	161.499	-23.6757
14.5125	172.266	-24.2267
14.5125	183.032	-24.7399
14.5125	193.799	-25.2193
14.5125	204.565	-25.6684
14.5125	215.332	-26.0902
14.5125	226.099	-26.4871
14.5125	236.865	-26.8613
14.5125	247.632	-27.2148
14.5125	258.398	-27.5492
14.5125	269.165	-27.8659
14.5125	279.932	-28.1661
14.5125	290.698	-28.4511
14.5125	301.465	-28.7218
14.5125	312.231	-28.9791
14.5125	322.998	-29.2237
14.5125	333.765	-29.4564
14.5125	344.531	-29.6778
14.5125	355.298	-29.8884
14.5125	366.064	-30.0889
14.5125	376.831	-30.2796
14.5125	387.598	-30.461
14.5125	398.364	-30.6335
14.5125	409.131	-30.7974
14.5125	419.897	-30.953
14.5125	430.664	-31.1007
14.5125	441.431	-31.2407
14.5125	452.197	-31.3733
14.5125	462.964	-31.4987
14.5125	473.73	-31.617
14.5125	484.497	-31.7286
14.5125	495.264	-31.8335
14.5125	506.03	-31.932
14.5125	516.797	-32.0241
14.5125	527.563	-32.11
14.5125	538.33	-32.1898
14.5125	549.097	-32.2638
14.5125	559.863	-32.3318
14.5125	570.63	-32.3941
14.5125	581.396	-32.4507
14.5125	592.163	-32.5017
14.5125	602.93	-32.5471
14.5125	613.696	-32.5871
14.5125	624.463	-32.6216
14.5125	635.229	-32.6508
14.5125	645.996	-32.6746
14.5125	656.763	-32.6931
14.5125	667.529	-32.7063
14.5125	678.296	-32.7142
14.5125	689.062	-32.7168
14.5125	699.829	-32.7142
14.5125	710.596	-32.7063
14.5125	721.362	-32.6931
14.5125	732.129	-32.6746
14.5125	742.896	-32.6508
14.5125	753.662	-32.6216
14.5125	764.429	-32.5871
14.5125	775.195	-32.5471
14.5125	785.962	-32.5017
14.5125	796.729	-32.4507
14.5125	807.495	-32.3941
14.5125	818.262	-32.3318
14.5125	829.028	-32.2638
14.5125	839.795	-32.1898
14.5125	850.562	-32.11
14.5125	861.328	-32.0241
14.5125	872.095	-31.932
14.5125	882.861	-31.8335
14.5125	893.628	-31.7286
14.5125	904.395	-31.617
14.5125	915.161	-31.4987
14.5125	925.928	-31.3733
14.5125	936.694	-31.2407
14.5125	947.461	-31.1007
14.5125	958.228	-30.953
14.5125	968.994	-30.7974
14.5125	979.761	-30.6335
14.5125	990.527	-30.461
14.5125	1001.29	-30.2796
14.5125	1012.06	-30.0889
14.5125	1022.83	-29.8884
14.5125	1033.59	-29.6778
14.5125	1044.36	-29.4564
14.5125	1055.13	-29.2237
14.5125	1065.89	-28.9791
14.5125	1076.66	-28.7218
14.5125	1087.43	-28.4511
14.5125	1098.19	-28.1661
14.5125	1108.96	-27.8659
14.5125	1119.73	-27.5492
14.5125	1130.49	-27.2148
14.5125	1141.26	-26.8613
14.5125	1152.03	-26.4871
14.5125	1162.79	-26.0902
14.5125	1173.56	-25.6684
14.5125	1184.33	-25.2193
14.5125	1195.09	-24.7399
14.5125	1205.86	-24.2267
14.5125	1216.63	-23.6757
14.5125	1227.39	-23.0821
14.5125	1238.16	-22.4407
14.5125	1248.93	-21.7456
14.5125	1259.69	-20.9912
14.5125	1270.46	-20.1747
14.5125	1281.23	-19.3042
14.5125	1291.99	-18.4259
14.5125	1302.76	-17.7419
14.5125	1313.53	-18.3775
14.5125	1324.29	-23.4974
14.5125	1335.06	21.7123
14.5125	1345.83	30.6618
14.5125	1356.59	24.8073
14.5125	1367.36	-6.82238
17.415	0	-40.0737
17.415	10.7666	-8.05991
17.415	21.5332	24.8426
17.415	32.2998	30.6446
17.415	43.0664	21.7568
17.415	53.833	-17.8669
17.415	64.5996	-21.9141
17.415	75.3662	-20.9128
17.415	86.1328	-21.5998
17.415	96.8994	-22.5483
17.415	107.666	-23.4969
17.415	118.433	-24.385
17.415	129.199	-25.2016
17.415	139.966	-25.9498
17.415	150.732	-26.6362
17.415	161.499	-27.2679
17.415	172.266	-27.8514
17.415	183.032	-28.3924
17.415	193.799	-28.8957
17.415	204.565	-29.3655
17.415	215.332	-29.8051
17.415	226.099	-30.2177
17.415	236.865	-30.6057
17.415	247.632	-30.9713
17.415	258.398	-31.3164
17.415	269.165	-31.6426
17.415	279.932	-31.9514
17.415	290.698	-32.244
17.415	301.465	-32.5215
17.415	312.231	-32.7849
17.415	322.998	-33.0351
17.415	333.765	-33.2728
17.415	344.531	-33.4988
17.415	355.298	-33.7136
17.415	366.064	-33.9179
17.415	376.831	-34.112
17.415	387.598	-34.2966
17.415	398.364	-34.472
17.415	409.131	-34.6385
17.415	419.897	-34.7966
17.415	430.664	-34.9466
17.415	441.431	-35.0886
17.415	452.197	-35.2231
17.415	462.964	-35.3502
17.415	473.73	-35.4702
17.415	484.497	-35.5832
17.415	495.264	-35.6894
17.415	506.03	-35.7891
17.415	516.797	-35.8824
17.415	527.563	-35.9694
17.415	538.33	-36.0502
17.415	549.097	-36.1249
17.415	559.863	-36.1937
17.415	570.63	-36.2567
17.415	581.396	-36.314
17.415	592.163	-36.3655
17.415	602.93	-36.4115
17.415	613.696	-36.4519
17.415	624.463	-36.4868
17.415	635.229	-36.5162
17.415	645.996	-36.5403
17.415	656.763	-36.559
17.415	667.529	-36.5723
17.415	678.296	-36.5803
17.415	689.062	-36.583
17.415	699.829	-36.5803
17.415	710.596	-36.5723
17.415	721.362	-36.559
17.415	732.129	-36.5403
17.415	742.896	-36.5162
17.415	753.662	-36.4868
17.415	764.429	-36.4519
17.415	775.195	-36.4115
17.415	785.962	-36.3655
17.415	796.729	-36.314
17.415	807.495	-36.2567
17.415	818.262	-36.1937
17.415	829.028	-36.1249
17.415	839.795	-36.0502
17.415	850.562	-35.9694
17.415	861.328	-35.8824
17.415	872.095	-35.7891
17.415	882.861	-35.6894
17.415	893.628	-35.5832
17.415	904.395	-35.4702
17.415	915.161	-35.3502
17.415	925.928	-35.2231
17.415	936.694	-35.0886
17.415	947.461	-34.9466
17.415	958.228	-34.7966
17.415	968.994	-34.6385
17.415	979.761	-34.472
17.415	990.527	-34.2966
17.415	1001.29	-34.112
17.415	1012.06	-33.9179
17.415	1022.83	-33.7136
17.415	1033.59	-33.4988
17.415	1044.36	-33.2728
17.415	1055.13	-33.0351
17.415	1065.89	-32.7849
17.415	1076.66	-32.5215
17.415	1087.43	-32.244
17.415	1098.19	-31.9514
17.415	1108.96	-31.6426
17.415	1119.73	-31.3164
17.415	1130.49	-30.9713
17.415	1141.26	-30.6057
17.415	1152.03	-30.2177
17.415	1162.79	-29.8051
17.415	1173.56	-29.3655
17.415	1184.33	-28.8957
17.415	1195.09	-28.3924
17.415	1205.86	-27.8514
17.415	1216.63	-27.2679
17.415	1227.39	-26.6362
17.415	1238.16	-25.9498
17.415	1248.93	-25.2016
17.415	1259.69	-24.385
17.415	1270.46	-23.4969
17.415	1281.23	-22.5483
17.415	1291.99	-21.5998
17.415	1302.76	-20.9128
17.415	1313.53	-21.9141
17.415	1324.29	-17.8669
17.415	1335.06	21.7568
17.415	1345.83	30.6446
17.415	1356.59	24.8426
17.415	1367.36	-8.05991
20.3175	0	-38.0426
20.3175	10.7666	-9.18563
20.3175	21.5332	24.8668
20.3175	32.2998	30.6326
20.3175	43.0664	21.7873
20.3175	53.833	-16.0969
20.3175	64.5996	-30.8098
20.3175	75.3662	-26.8426
20.3175	86.1328	-27.5473
20.3175	96.8994	-28.9153
20.3175	107.666	-30.3937
20.3175	118.433	-31.8429
20.3175	129.199	-33.2228
20.3175	139.966	-34.5241
20.3175	150.732	-35.7484
20.3175	161.499	-36.9006
20.3175	172.266	-37.9867
20.3175	183.032	-39.0127
20.3175	193.799	-39.9841
20.3175	204.565	-40.906
20.3175	215.332	-41.7828
20.3175	226.099	-42.6184
20.3175	236.865	-43.4164
20.3175	247.632	-44.1797
20.3175	258.398	-44.9111
20.3175	269.165	-45.613
20.3175	279.932	-46.2874
20.3175	290.698	-46.9365
20.3175	301.465	-47.5617
20.3175	312.231	-48.1644
20.3175	322.998	-48.7463
20.3175	333.765	-49.3083
20.3175	344.531	-49.8515
20.3175	355.298	-50.3769
20.3175	366.064	-50.8851
20.3175	376.831	-51.3772
20.3175	387.598	-51.8534
20.3175	398.364	-52.3145
20.3175	409.131	-52.7607
20.3175	419.897	-53.1927
20.3175	430.664	-53.6104
20.3175	441.431	-54.0145
20.3175	452.197	-54.4044
20.3175	462.964	-54.7809
20.3175	473.73	-55.1436
20.3175	484.497	-55.4927
20.3175	495.264	-55.8274
20.3175	506.03	-56.1485
20.3175	516.797	-56.4548
20.3175	527.563	-56.7463
20.3175	538.33	-57.0229
20.3175	549.097	-57.2837
20.3175	559.863	-57.5286
20.3175	570.63	-57.7567
20.3175	581.396	-57.9677
20.3175	592.163	-58.1607
20.3175	602.93	-58.3357
20.3175	613.696	-58.4916
20.3175	624.463	-58.628
20.3175	635.229	-58.7444
20.3175	645.996	-58.8406
20.3175	656.763	-58.9154
20.3175	667.529	-58.9693
20.3175	678.296	-59.0021
20.3175	689.062	-59.0124
20.3175	699.829	-59.0021
20.3175	710.596	-58.9693
20.3175	721.362	-58.9154
20.3175	732.129	-58.8406
20.3175	742.896	-58.7444
20.3175	753.662	-58.628
20.3175	764.429	-58.4916
20.3175	775.195	-58.3357
20.3175	785.962	-58.1607
20.3175	796.729	-57.9677
20.3175	807.495	-57.7567
20.3175	818.262	-57.5286
20.3175	829.028	-57.2837
20.3175	839.795	-57.0229
20.3175	850.562	-56.7463
20.3175	861.328	-56.4548
20.3175	872.095	-56.1485
20.3175	882.861	-55.8274
20.3175	893.628	-55.4927
20.3175	904.395	-55.1436
20.3175	915.161	-54.7809
20.3175	925.928	-54.4044
20.3175	936.694	-54.0145
20.3175	947.461	-53.6104
20.3175	958.228	-53.1927
20.3175	968.994	-52.7607
20.3175	979.761	-52.3145
20.3175	990.527	-51.8534
20.3175	1001.29	-51.3772
20.3175	1012.06	-50.8851
20.3175	1022.83	-50.3769
20.3175	1033.59	-49.8515
20.3175	1044.36	-49.3083
20.3175	1055.13	-48.7463
20.3175	1065.89	-48.1644
20.3175	1076.66	-47.5617
20.3175	1087.43	-46.9365
20.3175	1098.19	-46.2874
20.3175	1108.96	-45.613
20.3175	1119.73	-44.9111
20.3175	1130.49	-44.1797
20.3175	1141.26	-43.4164
20.3175	1152.03	-42.6184
20.3175	1162.79	-41.7828
20.3175	1173.56	-40.906
20.3175	1184.33	-39.9841
20.3175	1195.09	-39.0127
20.3175	1205.86	-37.9867
20.3175	1216.63	-36.9006
20.3175	1227.39	-35.7484
20.3175	1238.16	-34.5241
20.3175	1248.93	-33.2228
20.3175	1259.69	-31.8429
20.3175	1270.46	-30.3937
20.3175	1281.23	-28.9153
20.3175	1291.99	-27.5473
20.3175	1302.76	-26.8426
20.3175	1313.53	-30.8098
20.3175	1324.29	-16.0969
20.3175	1335.06	21.7873
20.3175	1345.83	30.6326
20.3175	1356.59	24.8668
20.3175	1367.36	-9.18563
23.22	0	-39.5077
23.22	10.7666	-8.29779
23.22	21.5332	24.8482
23.22	32.2998	30.6418
23.22	43.0664	21.7639
23.22	53.833	-17.3846
23.22	64.5996	-22.9014
23.22	75.3662	-21.7421
23.22	86.1328	-22.4305
23.22	96.8994	-23.4077
23.22	107.666	-24.3892
23.22	118.433	-25.3083
23.22	129.199	-26.1524
23.22	139.966	-26.9244
23.22	150.732	-27.6314
23.22	161.499	-28.2808
23.22	172.266	-28.8796
23.22	183.032	-29.4337
23.22	193.799	-29.9485
23.22	204.565	-30.4282
23.22	215.332	-30.8766
23.22	226.099	-31.2968
23.22	236.865	-31.6915
23.22	247.632	-32.0631
23.22	258.398	-32.4135
23.22	269.165	-32.7444
23.22	279.932	-33.0574
23.22	290.698	-33.3538
23.22	301.465	-33.6348
23.22	312.231	-33.9013
23.22	322.998	-34.1542
23.22	333.765	-34.3945
23.22	344.531	-34.6228
23.22	355.298	-34.8397
23.22	366.064	-35.0458
23.22	376.831	-35.2418
23.22	387.598	-35.4279
23.22	398.364	-35.6048
23.22	409.131	-35.7727
23.22	419.897	-35.932
23.22	430.664	-36.0831
23.22	441.431	-36.2262
23.22	452.197	-36.3616
23.22	462.964	-36.4896
23.22	473.73	-36.6104
23.22	484.497	-36.7242
23.22	495.264	-36.8311
23.22	506.03	-36.9315
23.22	516.797	-37.0253
23.22	527.563	-37.1128
23.22	538.33	-37.1941
23.22	549.097	-37.2693
23.22	559.863	-37.3385
23.22	570.63	-37.4019
23.22	581.396	-37.4594
23.22	592.163	-37.5113
23.22	602.93	-37.5575
23.22	613.696	-37.5981
23.22	624.463	-37.6332
23.22	635.229	-37.6628
23.22	645.996	-37.687
23.22	656.763	-37.7058
23.22	667.529	-37.7192
23.22	678.296	-37.7272
23.22	689.062	-37.7299
23.22	699.829	-37.7272
23.22	710.596	-37.7192
23.22	721.362	-37.7058
23.22	732.129	-37.687
23.22	742.896	-37.6628
23.22	753.662	-37.6332
23.22	764.429	-37.5981
23.22	775.195	-37.5575
23.22	785.962	-37.5113
23.22	796.729	-37.4594
23.22	807.495	-37.4019
23.22	818.262	-37.3385
23.22	829.028	-37.2693
23.22	839.795	-37.1941
23.22	850.562	-37.1128
23.22	861.328	-37.0253
23.22	872.095	-36.9315
23.22	882.861	-36.8311
23.22	893.628	-36.7242
23.22	904.395	-36.6104
23.22	915.161	-36.4896
23.22	925.928	-36.3616
23.22	936.694	-36.2262
23.22	947.461	-36.0831
23.22	958.228	-35.932
23.22	968.994	-35.7727
23.22	979.761	-35.6048
23.22	990.527	-35.4279
23.22	1001.29	-35.2418
23.22	1012.06	-35.0458
23.22	1022.83	-34.8397
23.22	1033.59	-34.6228
23.22	1044.36	-34.3945
23.22	1055.13	-34.1542
23.22	1065.89	-33.9013
23.22	1076.66	-33.6348
23.22	1087.43	-33.3538
23.22	1098.19	-33.0574
23.22	1108.96	-32.7444
23.22	1119.73	-32.4135
23.22	1130.49	-32.0631
23.22	1141.26	-31.6915
23.22	1152.03	-31.2968
23.22	1162.79	-30.8766
23.22	1173.56	-30.4282
23.22	1184.33	-29.9485
23.22	1195.09	-29.4337
23.22	1205.86	-28.8796
23.22	1216.63	-28.2808
23.22	1227.39	-27.6314
23.22	1238.16	-26.9244
23.22	1248.93	-26.1524
23.22	1259.69	-25.3083
23.22	1270.46	-24.3892
23.22	1281.23	-23.4077
23.22	1291.99	-22.4305
23.22	1302.76	-21.7421
23.22	1313.53	-22.9014
23.22	1324.29	-17.3846
23.22	1335.06	21.7639
23.22	1345.83	30.6418
23.22	1356.59	24.8482
23.22	1367.36	-8.29779
26.1224	0	-46.3951
26.1224	10.7666	-6.94193
26.1224	21.5332	24.8112
26.1224	32.2998	30.6599
26.1224	43.0664	21.7172
26.1224	53.833	-22.3885
26.1224	64.5996	-18.6508
26.1224	75.3662	-17.9956
26.1224	86.1328	-18.6798
26.1224	96.8994	-19.5619
26.1224	107.666	-20.4367
26.1224	118.433	-21.257
26.1224	129.199	-22.0147
26.1224	139.966	-22.7126
26.1224	150.732	-23.3564
26.1224	161.499	-23.9519
26.1224	172.266	-24.5045
26.1224	183.032	-25.0191
26.1224	193.799	-25.4998
26.1224	204.565	-25.9499
26.1224	215.332	-26.3725
26.1224	226.099	-26.7702
26.1224	236.865	-27.1451
26.1224	247.632	-27.4992
26.1224	258.398	-27.8341
26.1224	269.165	-28.1513
26.1224	279.932	-28.452
26.1224	290.698	-28.7374
26.1224	301.465	-29.0084
26.1224	312.231	-29.2659
26.1224	322.998	-29.5108
26.1224	333.765	-29.7438
26.1224	344.531	-29.9654
26.1224	355.298	-30.1762
26.1224	366.064	-30.3769
26.1224	376.831	-30.5678
26.1224	387.598	-30.7493
26.1224	398.364	-30.9219
26.1224	409.131	-31.086
26.1224	419.897	-31.2417
26.1224	430.664	-31.3895
26.1224	441.431	-31.5296
26.1224	452.197	-31.6623
26.1224	462.964	-31.7877
26.1224	473.73	-31.9062
26.1224	484.497	-32.0178
26.1224	495.264	-32.1228
26.1224	506.03	-32.2213
26.1224	516.797	-32.3135
26.1224	527.563	-32.3994
26.1224	538.33	-32.4794
26.1224	549.097	-32.5533
26.1224	559.863	-32.6214
26.1224	570.63	-32.6837
26.1224	581.396	-32.7403
26.1224	592.163	-32.7913
26.1224	602.93	-32.8368
26.1224	613.696	-32.8768
26.1224	624.463	-32.9113
26.1224	635.229	-32.9405
26.1224	645.996	-32.9643
26.1224	656.763	-32.9828
26.1224	667.529	-32.996
26.1224	678.296	-33.0039
26.1224	689.062	-33.0066
26.1224	699.829	-33.0039
26.1224	710.596	-32.996
26.1224	721.362	-32.9828
26.1224	732.129	-32.9643
26.1224	742.896	-32.9405
26.1224	753.662	-32.9113
26.1224	764.429	-32.8768
26.1224	775.195	-32.8368
26.1224	785.962	-32.7913
26.1224	796.729	-32.7403
26.1224	807.495	-32.6837
26.1224	818.262	-32.6214
26.1224	829.028	-32.5533
26.1224	839.795	-32.4794
26.1224	850.562	-32.3994
26.1224	861.328	-32.3135
26.1224	872.095	-32.2213
26.1224	882.861	-32.1228
26.1224	893.628	-32.0178
26.1224	904.395	-31.9062
26.1224	915.161	-31.7877
26.1224	925.928	-31.6623
26.1224	936.694	-31.5296
26.1224	947.461	-31.3895
26.1224	958.228	-31.2417
26.1224	968.994	-31.086
26.1224	979.761	-30.9219
26.1224	990.527	-30.7493
26.1224	1001.29	-30.5678
26.1224	1012.06	-30.3769
26.1224	1022.83	-30.1762
26.1224	1033.59	-29.9654
26.1224	1044.36	-29.7438
26.1224	1055.13	-29.5108
26.1224	1065.89	-29.2659
26.1224	1076.66	-29.0084
26.1224	1087.43	-28.7374
26.1224	1098.19	-28.452
26.1224	1108.96	-28.1513
26.1224	1119.73	-27.8341
26.1224	1130.49	-27.4992
26.1224	1141.26	-27.1451
26.1224	1152.03	-26.7702
26.1224	1162.79	-26.3725
26.1224	1173.56	-25.9499
26.1224	1184.33	-25.4998
26.1224	1195.09	-25.0191
26.1224	1205.86	-24.5045
26.1224	1216.63	-23.9519
26.1224	1227.39	-23.3564
26.1224	1238.16	-22.7126
26.1224	1248.93	-22.0147
26.1224	1259.69	-21.257
26.1224	1270.46	-20.4367
26.1224	1281.23	-19.5619
26.1224	1291.99	-18.6798
26.1224	1302.76	-17.9956
26.1224	1313.53	-18.6508
26.1224	1324.29	-22.3885
26.1224	1335.06	21.7172
26.1224	1345.83	30.6599
26.1224	1356.59	24.8112
26.1224	1367.36	-6.94193
29.0249	0	-51.2225
29.0249	10.7666	-6.74525
29.0249	21.5332	24.8048
29.0249	32.2998	30.663
29.0249	43.0664	21.7091
29.0249	53.833	-24.4232
29.0249	64.5996	-18.206
29.0249	75.3662	-17.5823
29.0249	86.1328	-18.2661
29.0249	96.8994	-19.1421
29.0249	107.666	-20.0101
29.0249	118.433	-20.8242
29.0249	129.199	-21.5767
29.0249	139.966	-22.2702
29.0249	150.732	-22.9102
29.0249	161.499	-23.5025
29.0249	172.266	-24.0526
29.0249	183.032	-24.5649
29.0249	193.799	-25.0437
29.0249	204.565	-25.4922
29.0249	215.332	-25.9134
29.0249	226.099	-26.3098
29.0249	236.865	-26.6836
29.0249	247.632	-27.0368
29.0249	258.398	-27.3708
29.0249	269.165	-27.6873
29.0249	279.932	-27.9873
29.0249	290.698	-28.2721
29.0249	301.465	-28.5426
29.0249	312.231	-28.7996
29.0249	322.998	-29.0441
29.0249	333.765	-29.2766
29.0249	344.531	-29.4979
29.0249	355.298	-29.7084
29.0249	366.064	-29.9088
29.0249	376.831	-30.0994
29.0249	387.598	-30.2807
29.0249	398.364	-30.4531
29.0249	409.131	-30.6169
29.0249	419.897	-30.7725
29.0249	430.664	-30.9201
29.0249	441.431	-31.0601
29.0249	452.197	-31.1926
29.0249	462.964	-31.3179
29.0249	473.73	-31.4362
29.0249	484.497	-31.5478
29.0249	495.264	-31.6526
29.0249	506.03	-31.751
29.0249	516.797	-31.8431
29.0249	527.563	-31.929
29.0249	538.33	-32.0088
29.0249	549.097	-32.0827
29.0249	559.863	-32.1507
29.0249	570.63	-32.213
29.0249	581.396	-32.2696
29.0249	592.163	-32.3206
29.0249	602.93	-32.366
29.0249	613.696	-32.406
29.0249	624.463	-32.4405
29.0249	635.229	-32.4696
29.0249	645.996	-32.4934
29.0249	656.763	-32.5119
29.0249	667.529	-32.5251
29.0249	678.296	-32.533
29.0249	689.062	-32.5356
29.0249	699.829	-32.533
29.0249	710.596	-32.5251
29.0249	721.362	-32.5119
29.0249	732.129	-32.4934
29.0249	742.896	-32.4696
29.0249	753.662	-32.4405
29.0249	764.429	-32.406
29.0249	775.195	-32.366
29.0249	785.962	-32.3206
29.0249	796.729	-32.2696
29.0249	807.495	-32.213
29.0249	818.262	-32.1507
29.0249	829.028	-32.0827
29.0249	839.795	-32.0088
29.0249	850.562	-31.929
29.0249	861.328	-31.8431
29.0249	872.095	-31.751
29.0249	882.861	-31.6526
29.0249	893.628	-31.5478
29.0249	904.395	-31.4362
29.0249	915.161	-31.3179
29.0249	925.928	-31.1926
29.0249	936.694	-31.0601
29.0249	947.461	-30.9201
29.0249	958.228	-30.7725
29.0249	968.994	-30.6169
29.0249	979.761	-30.4531
29.0249	990.527	-30.2807
29.0249	1001.29	-30.0994
29.0249	1012.06	-29.9088
29.0249	1022.83	-29.7084
29.0249	1033.59	-29.4979
29.0249	1044.36	-29.2766
29.0249	1055.13	-29.0441
29.0249	1065.89	-28.7996
29.0249	1076.66	-28.5426
29.0249	1087.43	-28.2721
29.0249	1098.19	-27.9873
29.0249	1108.96	-27.6873
29.0249	1119.73	-27.3708
29.0249	1130.49	-27.0368
29.0249	1141.26	-26.6836
29.0249	1152.03	-26.3098
29.0249	1162.79	-25.9134
29.0249	1173.56	-25.4922
29.0249	1184.33	-25.0437
29.0249	1195.09	-24.5649
29.0249	1205.86	-24.0526
29.0249	1216.63	-23.5025
29.0249	1227.39	-22.9102
29.0249	1238.16	-22.2702
29.0249	1248.93	-21.5767
29.0249	1259.69	-20.8242
29.0249	1270.46	-20.0101
29.0249	1281.23	-19.1421
29.0249	1291.99	-18.2661
29.0249	1302.76	-17.5823
29.0249	1313.53	-18.206
29.0249	1324.29	-24.4232
29.0249	1335.06	21.7091
29.0249	1345.83	30.663
29.0249	1356.59	24.8048
29.0249	1367.36	-6.74525
31.9274	0	-40.6453
31.9274	10.7666	-7.85952
31.9274	21.5332	24.8375
31.9274	32.2998	30.647
31.9274	43.0664	21.7504
31.9274	53.833	-18.3441
31.9274	64.5996	-21.1948
31.9274	75.3662	-20.2906
31.9274	86.1328	-20.9769
31.9274	96.8994	-21.9071
31.9274	107.666	-22.8352
31.9274	118.433	-23.7043
31.9274	129.199	-24.5042
31.9274	139.966	-25.238
31.9274	150.732	-25.9121
31.9274	161.499	-26.5332
31.9274	172.266	-27.1077
31.9274	183.032	-27.641
31.9274	193.799	-28.1376
31.9274	204.565	-28.6016
31.9274	215.332	-29.0362
31.9274	226.099	-29.4443
31.9274	236.865	-29.8284
31.9274	247.632	-30.1906
31.9274	258.398	-30.5326
31.9274	269.165	-30.8561
31.9274	279.932	-31.1625
31.9274	290.698	-31.4529
31.9274	301.465	-31.7285
31.9274	312.231	-31.9901
31.9274	322.998	-32.2387
31.9274	333.765	-32.475
31.9274	344.531	-32.6996
31.9274	355.298	-32.9133
31.9274	366.064	-33.1164
31.9274	376.831	-33.3096
31.9274	387.598	-33.4933
31.9274	398.364	-33.6678
31.9274	409.131	-33.8336
31.9274	419.897	-33.991
31.9274	430.664	-34.1403
31.9274	441.431	-34.2817
31.9274	452.197	-34.4157
31.9274	462.964	-34.5423
31.9274	473.73	-34.6618
31.9274	484.497	-34.7744
31.9274	495.264	-34.8803
31.9274	506.03	-34.9796
31.9274	516.797	-35.0725
31.9274	527.563	-35.1592
31.9274	538.33	-35.2397
31.9274	549.097	-35.3142
31.9274	559.863	-35.3828
31.9274	570.63	-35.4456
31.9274	581.396	-35.5026
31.9274	592.163	-35.554
31.9274	602.93	-35.5998
31.9274	613.696	-35.6401
31.9274	624.463	-35.6749
31.9274	635.229	-35.7043
31.9274	645.996	-35.7283
31.9274	656.763	-35.7469
31.9274	667.529	-35.7602
31.9274	678.296	-35.7681
31.9274	689.062	-35.7708
31.9274	699.829	-35.7681
31.9274	710.596	-35.7602
31.9274	721.362	-35.7469
31.9274	732.129	-35.7283
31.9274	742.896	-35.7043
31.9274	753.662	-35.6749
31.9274	764.429	-35.6401
31.9274	775.195	-35.5998
31.9274	785.962	-35.554
31.9274	796.729	-35.5026
31.9274	807.495	-35.4456
31.9274	818.262	-35.3828
31.9274	829.028	-35.3142
31.9274	839.795	-35.2397
31.9274	850.562	-35.1592
31.9274	861.328	-35.0725
31.9274	872.095	-34.9796
31.9274	882.861	-34.8803
31.9274	893.628	-34.7744
31.9274	904.395	-34.6618
31.9274	915.161	-34.5423
31.9274	925.928	-34.4157
31.9274	936.694	-34.2817
31.9274	947.461	-34.1403
31.9274	958.228	-33.991
31.9274	968.994	-33.8336
31.9274	979.761	-33.6678
31.9274	990.527	-33.4933
31.9274	1001.29	-33.3096
31.9274	1012.06	-33.1164
31.9274	1022.83	-32.9133
31.9274	1033.59	-32.6996
31.9274	1044.36	-32.475
31.9274	1055.13	-32.2387
31.9274	1065.89	-31.9901
31.9274	1076.66	-31.7285
31.9274	1087.43	-31.4529
31.9274	1098.19	-31.1625
31.9274	1108.96	-30.8561
31.9274	1119.73	-30.5326
31.9274	1130.49	-30.1906
31.9274	1141.26	-29.8284
31.9274	1152.03	-29.4443
31.9274	1162.79	-29.0362
31.9274	1173.56	-28.6016
31.9274	1184.33	-28.1376
31.9274	1195.09	-27.641
31.9274	1205.86	-27.1077
31.9274	1216.63	-26.5332
31.9274	1227.39	-25.9121
31.9274	1238.16	-25.238
31.9274	1248.93	-24.5042
31.9274	1259.69	-23.7043
31.9274	1270.46	-22.8352
31.9274	1281.23	-21.9071
31.9274	1291.99	-20.9769
31.9274	1302.76	-20.2906
31.9274	1313.53	-21.1948
31.9274	1324.29	-18.3441
31.9274	1335.06	21.7504
31.9274	1345.83	30.647
31.9274	1356.59	24.8375
31.9274	1367.36	-7.85952
34.8299	0	-38.1009
34.8299	10.7666	-9.13996
34.8299	21.5332	24.8659
34.8299	32.2998	30.6331
34.8299	43.0664	21.7862
34.8299	53.833	-16.1491
34.8299	64.5996	-29.8709
34.8299	75.3662	-26.412
34.8299	86.1328	-27.1144
34.8299	96.8994	-28.4267
34.8299	107.666	-29.8279
34.8299	118.433	-31.1861
34.8299	129.199	-32.4643
34.8299	139.966	-33.6549
34.8299	150.732	-34.7602
34.8299	161.499	-35.786
34.8299	172.266	-36.7388
34.8299	183.032	-37.6251
34.8299	193.799	-38.451
34.8299	204.565	-39.2219
34.8299	215.332	-39.9425
34.8299	226.099	-40.6173
34.8299	236.865	-41.25
34.8299	247.632	-41.8441
34.8299	258.398	-42.4025
34.8299	269.165	-42.9279
34.8299	279.932	-43.4229
34.8299	290.698	-43.8896
34.8299	301.465	-44.3299
34.8299	312.231	-44.7454
34.8299	322.998	-45.1381
34.8299	333.765	-45.5091
34.8299	344.531	-45.8598
34.8299	355.298	-46.1915
34.8299	366.064	-46.5051
34.8299	376.831	-46.8017
34.8299	387.598	-47.0822
34.8299	398.364	-47.3473
34.8299	409.131	-47.5979
34.8299	419.897	-47.8347
34.8299	430.664	-48.0582
34.8299	441.431	-48.269
34.8299	452.197	-48.4678
34.8299	462.964	-48.6547
34.8299	473.73	-48.8307
34.8299	484.497	-48.9957
34.8299	495.264	-49.1504
34.8299	506.03	-49.295
34.8299	516.797	-49.4298
34.8299	527.563	-49.5553
34.8299	538.33	-49.6714
34.8299	549.097	-49.7787
34.8299	559.863	-49.8771
34.8299	570.63	-49.967
34.8299	581.396	-50.0485
34.8299	592.163	-50.1219
34.8299	602.93	-50.187
34.8299	613.696	-50.2443
34.8299	624.463	-50.2938
34.8299	635.229	-50.3354
34.8299	645.996	-50.3694
34.8299	656.763	-50.3958
34.8299	667.529	-50.4146
34.8299	678.296	-50.4258
34.8299	689.062	-50.4296
34.8299	699.829	-50.4258
34.8299	710.596	-50.4146
34.8299	721.362	-50.3958
34.8299	732.129	-50.3694
34.8299	742.896	-50.3354
34.8299	753.662	-50.2938
34.8299	764.429	-50.2443
34.8299	775.195	-50.187
34.8299	785.962	-50.1219
34.8299	796.729	-50.0485
34.8299	807.495	-49.967
34.8299	818.262	-49.8771
34.8299	829.028	-49.7787
34.8299	839.795	-49.6714
34.8299	850.562	-49.5553
34.8299	861.328	-49.4298
34.8299	872.095	-49.295
34.8299	882.861	-49.1504
34.8299	893.628	-48.9957
34.8299	904.395	-48.8307
34.8299	915.161	-48.6547
34.8299	925.928	-48.4678
34.8299	936.694	-48.269
34.8299	947.461	-48.0582
34.8299	958.228	-47.8347
34.8299	968.994	-47.5979
34.8299	979.761	-47.3473
34.8299	990.527	-47.0822
34.8299	1001.29	-46.8017
34.8299	1012.06	-46.5051
34.8299	1022.83	-46.1915
34.8299	1033.59	-45.8598
34.8299	1044.36	-45.5091
34.8299	1055.13	-45.1381
34.8299	1065.89	-44.7454
34.8299	1076.66	-44.3299
34.8299	1087.43	-43.8896
34.8299	1098.19	-43.4229
34.8299	1108.96	-42.9279
34.8299	1119.73	-42.4025
34.8299	1130.49	-41.8441
34.8299	1141.26	-41.25
34.8299	1152.03	-40.6173
34.8299	1162.79	-39.9425
34.8299	1173.56	-39.2219
34.8299	1184.33	-38.451
34.8299	1195.09	-37.6251
34.8299	1205.86	-36.7388
34.8299	1216.63	-35.786
34.8299	1227.39	-34.7602
34.8299	1238.16	-33.6549
34.8299	1248.93	-32.4643
34.8299	1259.69	-31.1861
34.8299	1270.46	-29.8279
34.8299	1281.23	-28.4267
34.8299	1291.99	-27.1144
34.8299	1302.76	-26.412
34.8299	1313.53	-29.8709
34.8299	1324.29	-16.1491
34.8299	1335.06	21.7862
34.8299	1345.83	30.6331
34.8299	1356.59	24.8659
34.8299	1367.36	-9.13996
37.7324	0	-39.1113
37.7324	10.7666	-8.49342
37.7324	21.5332	24.8527
37.7324	32.2998	30.6396
37.7324	43.0664	21.7695
37.7324	53.833	-17.0414
37.7324	64.5996	-23.8686
37.7324	75.3662	-22.5233
37.7324	86.1328	-23.213
37.7324	96.8994	-24.2232
37.7324	107.666	-25.2429
37.7324	118.433	-26.1984
37.7324	129.199	-27.0754
37.7324	139.966	-27.8763
37.7324	150.732	-28.6085
37.7324	161.499	-29.2798
37.7324	172.266	-29.8976
37.7324	183.032	-30.4683
37.7324	193.799	-30.9975
37.7324	204.565	-31.4899
37.7324	215.332	-31.9494
37.7324	226.099	-32.3795
37.7324	236.865	-32.7829
37.7324	247.632	-33.1622
37.7324	258.398	-33.5194
37.7324	269.165	-33.8566
37.7324	279.932	-34.1751
37.7324	290.698	-34.4764
37.7324	301.465	-34.7619
37.7324	312.231	-35.0324
37.7324	322.998	-35.289
37.7324	333.765	-35.5327
37.7324	344.531	-35.7639
37.7324	355.298	-35.9836
37.7324	366.064	-36.1923
37.7324	376.831	-36.3906
37.7324	387.598	-36.5788
37.7324	398.364	-36.7576
37.7324	409.131	-36.9273
37.7324	419.897	-37.0883
37.7324	430.664	-37.2409
37.7324	441.431	-37.3854
37.7324	452.197	-37.5221
37.7324	462.964	-37.6513
37.7324	473.73	-37.7732
37.7324	484.497	-37.8879
37.7324	495.264	-37.9958
37.7324	506.03	-38.097
37.7324	516.797	-38.1916
37.7324	527.563	-38.2798
37.7324	538.33	-38.3617
37.7324	549.097	-38.4375
37.7324	559.863	-38.5073
37.7324	570.63	-38.5711
37.7324	581.396	-38.6291
37.7324	592.163	-38.6813
37.7324	602.93	-38.7279
37.7324	613.696	-38.7688
37.7324	624.463	-38.8041
37.7324	635.229	-38.834
37.7324	645.996	-38.8583
37.7324	656.763	-38.8773
37.7324	667.529	-38.8907
37.7324	678.296	-38.8989
37.7324	689.062	-38.9015
37.7324	699.829	-38.8989
37.7324	710.596	-38.8907
37.7324	721.362	-38.8773
37.7324	732.129	-38.8583
37.7324	742.896	-38.834
37.7324	753.662	-38.8041
37.7324	764.429	-38.7688
37.7324	775.195	-38.7279
37.7324	785.962	-38.6813
37.7324	796.729	-38.6291
37.7324	807.495	-38.5711
37.7324	818.262	-38.5073
37.7324	829.028	-38.4375
37.7324	839.795	-38.3617
37.7324	850.562	-38.2798
37.7324	861.328	-38.1916
37.7324	872.095	-38.097
37.7324	882.861	-37.9958
37.7324	893.628	-37.8879
37.7324	904.395	-37.7732
37.7324	915.161	-37.6513
37.7324	925.928	-37.5221
37.7324	936.694	-37.3854
37.7324	947.461	-37.2409
37.7324	958.228	-37.0883
37.7324	968.994	-36.9273
37.7324	979.761	-36.7576
37.7324	990.527	-36.5788
37.7324	1001.29	-36.3906
37.7324	1012.06	-36.1923
37.7324	1022.83	-35.9836
37.7324	1033.59	-35.7639
37.7324	1044.36	-35.5327
37.7324	1055.13	-35.289
37.7324	1065.89	-35.0324
37.7324	1076.66	-34.7619
37.7324	1087.43	-34.4764
37.7324	1098.19	-34.1751
37.7324	1108.96	-33.8566
37.7324	1119.73	-33.5194
37.7324	1130.49	-33.1622
37.7324	1141.26	-32.7829
37.7324	1152.03	-32.3795
37.7324	1162.79	-31.9494
37.7324	1173.56	-31.4899
37.7324	1184.33	-30.9975
37.7324	1195.09	-30.4683
37.7324	1205.86	-29.8976
37.7324	1216.63	-29.2798
37.7324	1227.39	-28.6085
37.7324	1238.16	-27.8763
37.7324	1248.93	-27.0754
37.7324	1259.69	-26.1984
37.7324	1270.46	-25.2429
37.7324	1281.23	-24.2232
37.7324	1291.99	-23.213
37.7324	1302.76	-22.5233
37.7324	1313.53	-23.8686
37.7324	1324.29	-17.0414
37.7324	1335.06	21.7695
37.7324	1345.83	30.6396
37.7324	1356.59	24.8527
37.7324	1367.36	-8.49342
40.6349	0	-44.9105
40.6349	10.7666	-7.06589
40.6349	21.5332	24.8151
40.6349	32.2998	30.658
40.6349	43.0664	21.7221
40.6349	53.833	-21.4994
40.6349	64.5996	-18.945
40.6349	75.3662	-18.2673
40.6349	86.1328	-18.9517
40.6349	96.8994	-19.8383
40.6349	107.666	-20.718
40.6349	118.433	-21.5427
40.6349	129.199	-22.3041
40.6349	139.966	-23.0052
40.6349	150.732	-23.6516
40.6349	161.499	-24.2494
40.6349	172.266	-24.8039
40.6349	183.032	-25.3202
40.6349	193.799	-25.8022
40.6349	204.565	-26.2535
40.6349	215.332	-26.6772
40.6349	226.099	-27.0757
40.6349	236.865	-27.4515
40.6349	247.632	-27.8062
40.6349	258.398	-28.1417
40.6349	269.165	-28.4594
40.6349	279.932	-28.7606
40.6349	290.698	-29.0464
40.6349	301.465	-29.3178
40.6349	312.231	-29.5757
40.6349	322.998	-29.8209
40.6349	333.765	-30.0541
40.6349	344.531	-30.276
40.6349	355.298	-30.4871
40.6349	366.064	-30.688
40.6349	376.831	-30.879
40.6349	387.598	-31.0608
40.6349	398.364	-31.2335
40.6349	409.131	-31.3977
40.6349	419.897	-31.5536
40.6349	430.664	-31.7016
40.6349	441.431	-31.8418
40.6349	452.197	-31.9746
40.6349	462.964	-32.1001
40.6349	473.73	-32.2186
40.6349	484.497	-32.3303
40.6349	495.264	-32.4354
40.6349	506.03	-32.534
40.6349	516.797	-32.6262
40.6349	527.563	-32.7122
40.6349	538.33	-32.7922
40.6349	549.097	-32.8662
40.6349	559.863	-32.9343
40.6349	570.63	-32.9966
40.6349	581.396	-33.0533
40.6349	592.163	-33.1043
40.6349	602.93	-33.1499
40.6349	613.696	-33.1899
40.6349	624.463	-33.2244
40.6349	635.229	-33.2536
40.6349	645.996	-33.2775
40.6349	656.763	-33.296
40.6349	667.529	-33.3092
40.6349	678.296	-33.3171
40.6349	689.062	-33.3197
40.6349	699.829	-33.3171
40.6349	710.596	-33.3092
40.6349	721.362	-33.296
40.6349	732.129	-33.2775
40.6349	742.896	-33.2536
40.6349	753.662	-33.2244
40.6349	764.429	-33.1899
40.6349	775.195	-33.1499
40.6349	785.962	-33.1043
40.6349	796.729	-33.0533
40.6349	807.495	-32.9966
40.6349	818.262	-32.9343
40.6349	829.028	-32.8662
40.6349	839.795	-32.7922
40.6349	850.562	-32.7122
40.6349	861.328	-32.6262
40.6349	872.095	-32.534
40.6349	882.861	-32.4354
40.6349	893.628	-32.3303
40.6349	904.395	-32.2186
40.6349	915.161	-32.1001
40.6349	925.928	-31.9746
40.6349	936.694	-31.8418
40.6349	947.461	-31.7016
40.6349	958.228	-31.5536
40.6349	968.994	-31.3977
40.6349	979.761	-31.2335
40.6349	990.527	-31.0608
40.6349	1001.29	-30.879
40.6349	1012.06	-30.688
40.6349	1022.83	-30.4871
40.6349	1033.59	-30.276
40.6349	1044.36	-30.0541
40.6349	1055.13	-29.8209
40.6349	1065.89	-29.5757
40.6349	1076.66	-29.3178
40.6349	1087.43	-29.0464
40.6349	1098.19	-28.7606
40.6349	1108.96	-28.4594
40.6349	1119.73	-28.1417
40.6349	1130.49	-27.8062
40.6349	1141.26	-27.4515
40.6349	1152.03	-27.0757
40.6349	1162.79	-26.6772
40.6349	1173.56	-26.2535
40.6349	1184.33	-25.8022
40.6349	1195.09	-25.3202
40.6349	1205.86	-24.8039
40.6349	1216.63	-24.2494
40.6349	1227.39	-23.6516
40.6349	1238.16	-23.0052
40.6349	1248.93	-22.3041
40.6349	1259.69	-21.5427
40.6349	1270.46	-20.718
40.6349	1281.23	-19.8383
40.6349	1291.99	-18.9517
40.6349	1302.76	-18.2673
40.6349	1313.53	-18.945
40.6349	1324.29	-21.4994
40.6349	1335.06	21.7221
40.6349	1345.83	30.658
40.6349	1356.59	24.8151
40.6349	1367.36	-7.06589
43.5374	0	-54.9878
43.5374	10.7666	-6.69091
43.5374	21.5332	24.803
43.5374	32.2998	30.6639
43.5374	43.0664	21.7068
43.5374	53.833	-25.232
43.5374	64.5996	-18.0875
43.5374	75.3662	-17.4716
43.5374	86.1328	-18.1554
43.5374	96.8994	-19.0298
43.5374	107.666	-19.896
43.5374	118.433	-20.7087
43.5374	129.199	-21.4598
43.5374	139.966	-22.1521
43.5374	150.732	-22.7912
43.5374	161.499	-23.3828
43.5374	172.266	-23.9322
43.5374	183.032	-24.444
43.5374	193.799	-24.9223
43.5374	204.565	-25.3703
43.5374	215.332	-25.7912
43.5374	226.099	-26.1873
43.5374	236.865	-26.5609
43.5374	247.632	-26.9138
43.5374	258.398	-27.2476
43.5374	269.165	-27.5639
43.5374	279.932	-27.8638
43.5374	290.698	-28.1484
43.5374	301.465	-28.4187
43.5374	312.231	-28.6757
43.5374	322.998	-28.92
43.5374	333.765	-29.1525
43.5374	344.531	-29.3737
43.5374	355.298	-29.5841
43.5374	366.064	-29.7844
43.5374	376.831	-29.975
43.5374	387.598	-30.1562
43.5374	398.364	-30.3285
43.5374	409.131	-30.4923
43.5374	419.897	-30.6479
43.5374	430.664	-30.7954
43.5374	441.431	-30.9353
43.5374	452.197	-31.0678
43.5374	462.964	-31.1931
43.5374	473.73	-31.3114
43.5374	484.497	-31.4229
43.5374	495.264	-31.5277
43.5374	506.03	-31.6261
43.5374	516.797	-31.7182
43.5374	527.563	-31.8041
43.5374	538.33	-31.8839
43.5374	549.097	-31.9577
43.5374	559.863	-32.0257
43.5374	570.63	-32.088
43.5374	581.396	-32.1445
43.5374	592.163	-32.1955
43.5374	602.93	-32.2409
43.5374	613.696	-32.2809
43.5374	624.463	-32.3154
43.5374	635.229	-32.3445
43.5374	645.996	-32.3684
43.5374	656.763	-32.3868
43.5374	667.529	-32.4
43.5374	678.296	-32.4079
43.5374	689.062	-32.4105
43.5374	699.829	-32.4079
43.5374	710.596	-32.4
43.5374	721.362	-32.3868
43.5374	732.129	-32.3684
43.5374	742.896	-32.3445
43.5374	753.662	-32.3154
43.5374	764.429	-32.2809
43.5374	775.195	-32.2409
43.5374	785.962	-32.1955
43.5374	796.729	-32.1445
43.5374	807.495	-32.088
43.5374	818.262	-32.0257
43.5374	829.028	-31.9577
43.5374	839.795	-31.8839
43.5374	850.562	-31.8041
43.5374	861.328	-31.7182
43.5374	872.095	-31.6261
43.5374	882.861	-31.5277
43.5374	893.628	-31.4229
43.5374	904.395	-31.3114
43.5374	915.161	-31.1931
43.5374	925.928	-31.0678
43.5374	936.694	-30.9353
43.5374	947.461	-30.7954
43.5374	958.228	-30.6479
43.5374	968.994	-30.4923
43.5374	979.761	-30.3285
43.5374	990.527	-30.1562
43.5374	1001.29	-29.975
43.5374	1012.06	-29.7844
43.5374	1022.83	-29.5841
43.5374	1033.59	-29.3737
43.5374	1044.36	-29.1525
43.5374	1055.13	-28.92
43.5374	1065.89	-28.6757
43.5374	1076.66	-28.4187
43.5374	1087.43	-28.1484
43.5374	1098.19	-27.8638
43.5374	1108.96	-27.5639
43.5374	1119.73	-27.2476
43.5374	1130.49	-26.9138
43.5374	1141.26	-26.5609
43.5374	1152.03	-26.1873
43.5374	1162.79	-25.7912
43.5374	1173.56	-25.3703
43.5374	1184.33	-24.9223
43.5374	1195.09	-24.444
43.5374	1205.86	-23.9322
43.5374	1216.63	-23.3828
43.5374	1227.39	-22.7912
43.5374	1238.16	-22.1521
43.5374	1248.93	-21.4598
43.5374	1259.69	-20.7087
43.5374	1270.46	-19.896
43.5374	1281.23	-19.0298
43.5374	1291.99	-18.1554
43.5374	1302.76	-17.4716
43.5374	1313.53	-18.0875
43.5374	1324.29	-25.232
43.5374	1335.06	21.7068
43.5374	1345.83	30.6639
43.5374	1356.59	24.803
43.5374	1367.36	-6.69091
46.4399	0	-41.3146
46.4399	10.7666	-7.6651
46.4399	21.5332	24.8324
46.4399	32.2998	30.6496
46.4399	43.0664	21.744
46.4399	53.833	-18.889
46.4399	64.5996	-20.569
46.4399	75.3662	-19.7387
46.4399	86.1328	-20.4244
46.4399	96.8994	-21.3406
46.4399	107.666	-22.253
46.4399	118.433	-23.1076
46.4399	129.199	-23.8949
46.4399	139.966	-24.6179
46.4399	150.732	-25.2828
46.4399	161.499	-25.8961
46.4399	172.266	-26.464
46.4399	183.032	-26.9915
46.4399	193.799	-27.4832
46.4399	204.565	-27.943
46.4399	215.332	-28.3739
46.4399	226.099	-28.7788
46.4399	236.865	-29.16
46.4399	247.632	-29.5197
46.4399	258.398	-29.8595
46.4399	269.165	-30.1811
46.4399	279.932	-30.4857
46.4399	290.698	-30.7745
46.4399	301.465	-31.0487
46.4399	312.231	-31.3091
46.4399	322.998	-31.5565
46.4399	333.765	-31.7917
46.4399	344.531	-32.0154
46.4399	355.298	-32.2282
46.4399	366.064	-32.4305
46.4399	376.831	-32.623
46.4399	387.598	-32.806
46.4399	398.364	-32.9799
46.4399	409.131	-33.1452
46.4399	419.897	-33.3021
46.4399	430.664	-33.4509
46.4399	441.431	-33.592
46.4399	452.197	-33.7255
46.4399	462.964	-33.8517
46.4399	473.73	-33.9709
46.4399	484.497	-34.0832
46.4399	495.264	-34.1888
46.4399	506.03	-34.2878
46.4399	516.797	-34.3805
46.4399	527.563	-34.467
46.4399	538.33	-34.5473
46.4399	549.097	-34.6216
46.4399	559.863	-34.6901
46.4399	570.63	-34.7527
46.4399	581.396	-34.8096
46.4399	592.163	-34.8609
46.4399	602.93	-34.9066
46.4399	613.696	-34.9468
46.4399	624.463	-34.9815
46.4399	635.229	-35.0108
46.4399	645.996	-35.0348
46.4399	656.763	-35.0534
46.4399	667.529	-35.0666
46.4399	678.296	-35.0746
46.4399	689.062	-35.0772
46.4399	699.829	-35.0746
46.4399	710.596	-35.0666
46.4399	721.362	-35.0534
46.4399	732.129	-35.0348
46.4399	742.896	-35.0108
46.4399	753.662	-34.9815
46.4399	764.429	-34.9468
46.4399	775.195	-34.9066
46.4399	785.962	-34.8609
46.4399	796.729	-34.8096
46.4399	807.495	-34.7527
46.4399	818.262	-34.6901
46.4399	829.028	-34.6216
46.4399	839.795	-34.5473
46.4399	850.562	-34.467
46.4399	861.328	-34.3805
46.4399	872.095	-34.2878
46.4399	882.861	-34.1888
46.4399	893.628	-34.0832
46.4399	904.395	-33.9709
46.4399	915.161	-33.8517
46.4399	925.928	-33.7255
46.4399	936.694	-33.592
46.4399	947.461	-33.4509
46.4399	958.228	-33.3021
46.4399	968.994	-33.1452
46.4399	979.761	-32.9799
46.4399	990.527	-32.806
46.4399	1001.29	-32.623
46.4399	1012.06	-32.4305
46.4399	1022.83	-32.2282
46.4399	1033.59	-32.0154
46.4399	1044.36	-31.7917
46.4399	1055.13	-31.5565
46.4399	1065.89	-31.3091
46.4399	1076.66	-31.0487
46.4399	1087.43	-30.7745
46.4399	1098.19	-30.4857
46.4399	1108.96	-30.1811
46.4399	1119.73	-29.8595
46.4399	1130.49	-29.5197
46.4399	1141.26	-29.16
46.4399	1152.03	-28.7788
46.4399	1162.79	-28.3739
46.4399	1173.56	-27.943
46.4399	1184.33	-27.4832
46.4399	1195.09	-26.9915
46.4399	1205.86	-26.464
46.4399	1216.63	-25.8961
46.4399	1227.39	-25.2828
46.4399	1238.16	-24.6179
46.4399	1248.93	-23.8949
46.4399	1259.69	-23.1076
46.4399	1270.46	-22.253
46.4399	1281.23	-21.3406
46.4399	1291.99	-20.4244
46.4399	1302.76	-19.7387
46.4399	1313.53	-20.569
46.4399	1324.29	-18.889
46.4399	1335.06	21.744
46.4399	1345.83	30.6496
46.4399	1356.59	24.8324
46.4399	1367.36	-7.6651
49.3424	0	-38.2135
49.3424	10.7666	-9.05484
49.3424	21.5332	24.8643
49.3424	32.2998	30.6339
49.3424	43.0664	21.7842
49.3424	53.833	-16.2497
49.3424	64.5996	-28.5106
49.3424	75.3662	-25.6984
49.3424	86.1328	-26.3976
49.3424	96.8994	-27.6303
49.3424	107.666	-28.9251
49.3424	118.433	-30.1635
49.3424	129.199	-31.3144
49.3424	139.966	-32.3736
49.3424	150.732	-33.3457
49.3424	161.499	-34.238
49.3424	172.266	-35.0583
49.3424	183.032	-35.8142
49.3424	193.799	-36.5124
49.3424	204.565	-37.1588
49.3424	215.332	-37.7587
49.3424	226.099	-38.3168
49.3424	236.865	-38.8371
49.3424	247.632	-39.323
49.3424	258.398	-39.7778
49.3424	269.165	-40.2042
49.3424	279.932	-40.6044
49.3424	290.698	-40.9808
49.3424	301.465	-41.3349
49.3424	312.231	-41.6687
49.3424	322.998	-41.9836
49.3424	333.765	-42.2807
49.3424	344.531	-42.5614
49.3424	355.298	-42.8267
49.3424	366.064	-43.0775
49.3424	376.831	-43.3146
49.3424	387.598	-43.5389
49.3424	398.364	-43.7509
49.3424	409.131	-43.9514
49.3424	419.897	-44.1409
49.3424	430.664	-44.32
49.3424	441.431	-44.4889
49.3424	452.197	-44.6483
49.3424	462.964	-44.7985
49.3424	473.73	-44.9397
49.3424	484.497	-45.0724
49.3424	495.264	-45.1969
49.3424	506.03	-45.3133
49.3424	516.797	-45.4219
49.3424	527.563	-45.5231
49.3424	538.33	-45.6168
49.3424	549.097	-45.7035
49.3424	559.863	-45.7831
49.3424	570.63	-45.8557
49.3424	581.396	-45.9217
49.3424	592.163	-45.9811
49.3424	602.93	-46.034
49.3424	613.696	-46.0803
49.3424	624.463	-46.1205
49.3424	635.229	-46.1543
49.3424	645.996	-46.1818
49.3424	656.763	-46.2033
49.3424	667.529	-46.2185
49.3424	678.296	-46.2277
49.3424	689.062	-46.2307
49.3424	699.829	-46.2277
49.3424	710.596	-46.2185
49.3424	721.362	-46.2033
49.3424	732.129	-46.1818
49.3424	742.896	-46.1543
49.3424	753.662	-46.1205
49.3424	764.429	-46.0803
49.3424	775.195	-46.034
49.3424	785.962	-45.9811
49.3424	796.729	-45.9217
49.3424	807.495	-45.8557
49.3424	818.262	-45.7831
49.3424	829.028	-45.7035
49.3424	839.795	-45.6168
49.3424	850.562	-45.5231
49.3424	861.328	-45.4219
49.3424	872.095	-45.3133
49.3424	882.861	-45.1969
49.3424	893.628	-45.0724
49.3424	904.395	-44.9397
49.3424	915.161	-44.7985
49.3424	925.928	-44.6483
49.3424	936.694	-44.4889
49.3424	947.461	-44.32
49.3424	958.228	-44.1409
49.3424	968.994	-43.9514
49.3424	979.761	-43.7509
49.3424	990.527	-43.5389
49.3424	1001.29	-43.3146
49.3424	1012.06	-43.0775
49.3424	1022.83	-42.8267
49.3424	1033.59	-42.5614
49.3424	1044.36	-42.2807
49.3424	1055.13	-41.9836
49.3424	1065.89	-41.6687
49.3424	1076.66	-41.3349
49.3424	1087.43	-40.9808
49.3424	1098.19	-40.6044
49.3424	1108.96	-40.2042
49.3424	1119.73	-39.7778
49.3424	1130.49	-39.323
49.3424	1141.26	-38.8371
49.3424	1152.03	-38.3168
49.3424	1162.79	-37.7587
49.3424	1173.56	-37.1588
49.3424	1184.33	-36.5124
49.3424	1195.09	-35.8142
49.3424	1205.86	-35.0583
49.3424	1216.63	-34.238
49.3424	1227.39	-33.3457
49.3424	1238.16	-32.3736
49.3424	1248.93	-31.3144
49.3424	1259.69	-30.1635
49.3424	1270.46	-28.9251
49.3424	1281.23	-27.6303
49.3424	1291.99	-26.3976
49.3424	1302.76	-25.6984
49.3424	1313.53	-28.5106
49.3424	1324.29	-16.2497
49.3424	1335.06	21.7842
49.3424	1345.83	30.6339
49.3424	1356.59	24.8643
49.3424	1367.36	-9.05484
52.2449	0	-38.7833
52.2449	10.7666	-8.67716
52.2449	21.5332	24.8566
52.2449	32.2998	30.6376
52.2449	43.0664	21.7745
52.2449	53.833	-16.7544
52.2449	64.5996	-24.9717
52.2449	75.3662	-23.3702
52.2449	86.1328	-24.0618
52.2449	96.8994	-25.1155
52.2449	107.666	-26.1865
52.2449	118.433	-27.1921
52.2449	129.199	-28.1151
52.2449	139.966	-28.9572
52.2449	150.732	-29.7259
52.2449	161.499	-30.4293
52.2449	172.266	-31.0753
52.2449	183.032	-31.6709
52.2449	193.799	-32.2219
52.2449	204.565	-32.7336
52.2449	215.332	-33.2102
52.2449	226.099	-33.6553
52.2449	236.865	-34.0722
52.2449	247.632	-34.4636
52.2449	258.398	-34.8316
52.2449	269.165	-35.1784
52.2449	279.932	-35.5056
52.2449	290.698	-35.8149
52.2449	301.465	-36.1073
52.2449	312.231	-36.3844
52.2449	322.998	-36.6468
52.2449	333.765	-36.8958
52.2449	344.531	-37.1319
52.2449	355.298	-37.356
52.2449	366.064	-37.5688
52.2449	376.831	-37.7708
52.2449	387.598	-37.9625
52.2449	398.364	-38.1444
52.2449	409.131	-38.317
52.2449	419.897	-38.4806
52.2449	430.664	-38.6356
52.2449	441.431	-38.7824
52.2449	452.197	-38.9212
52.2449	462.964	-39.0523
52.2449	473.73	-39.1759
52.2449	484.497	-39.2923
52.2449	495.264	-39.4017
52.2449	506.03	-39.5042
52.2449	516.797	-39.6001
52.2449	527.563	-39.6894
52.2449	538.33	-39.7724
52.2449	549.097	-39.8492
52.2449	559.863	-39.9198
52.2449	570.63	-39.9844
52.2449	581.396	-40.0431
52.2449	592.163	-40.096
52.2449	602.93	-40.1431
52.2449	613.696	-40.1845
52.2449	624.463	-40.2202
52.2449	635.229	-40.2504
52.2449	645.996	-40.2751
52.2449	656.763	-40.2942
52.2449	667.529	-40.3079
52.2449	678.296	-40.316
52.2449	689.062	-40.3188
52.2449	699.829	-40.316
52.2449	710.596	-40.3079
52.2449	721.362	-40.2942
52.2449	732.129	-40.2751
52.2449	742.896	-40.2504
52.2449	753.662	-40.2202
52.2449	764.429	-40.1845
52.2449	775.195	-40.1431
52.2449	785.962	-40.096
52.2449	796.729	-40.0431
52.2449	807.495	-39.9844
52.2449	818.262	-39.9198
52.2449	829.028	-39.8492
52.2449	839.795	-39.7724
52.2449	850.562	-39.6894
52.2449	861.328	-39.6001
52.2449	872.095	-39.5042
52.2449	882.861	-39.4017
52.2449	893.628	-39.2923
52.2449	904.395	-39.1759
52.2449	915.161	-39.0523
52.2449	925.928	-38.9212
52.2449	936.694	-38.7824
52.2449	947.461	-38.6356
52.2449	958.228	-38.4806
52.2449	968.994	-38.317
52.2449	979.761	-38.1444
52.2449	990.527	-37.9625
52.2449	1001.29	-37.7708
52.2449	1012.06	-37.5688
52.2449	1022.83	-37.356
52.2449	1033.59	-37.1319
52.2449	1044.36	-36.8958
52.2449	1055.13	-36.6468
52.2449	1065.89	-36.3844
52.2449	1076.66	-36.1073
52.2449	1087.43	-35.8149
52.2449	1098.19	-35.5056
52.2449	1108.96	-35.1784
52.2449	1119.73	-34.8316
52.2449	1130.49	-34.4636
52.2449	1141.26	-34.0722
52.2449	1152.03	-33.6553
52.2449	1162.79	-33.2102
52.2449	1173.56	-32.7336
52.2449	1184.33	-32.2219
52.2449	1195.09	-31.6709
52.2449	1205.86	-31.0753
52.2449	1216.63	-30.4293
52.2449	1227.39	-29.7259
52.2449	1238.16	-28.9572
52.2449	1248.93	-28.1151
52.2449	1259.69	-27.1921
52.2449	1270.46	-26.1865
52.2449	1281.23	-25.1155
52.2449	1291.99	-24.0618
52.2449	1302.76	-23.3702
52.2449	1313.53	-24.9717
52.2449	1324.29	-16.7544
52.2449	1335.06	21.7745
52.2449	1345.83	30.6376
52.2449	1356.59	24.8566
52.2449	1367.36	-8.67716
55.1474	0	-43.6892
55.1474	10.7666	-7.20928
55.1474	21.5332	24.8195
55.1474	32.2998	30.6559
55.1474	43.0664	21.7276
55.1474	53.833	-20.68
55.1474	64.5996	-19.3006
55.1474	75.3662	-18.5938
55.1474	86.1328	-19.2784
55.1474	96.8994	-20.1707
55.1474	107.666	-21.0567
55.1474	118.433	-21.8871
55.1474	129.199	-22.6535
55.1474	139.966	-23.3587
55.1474	150.732	-24.0086
55.1474	161.499	-24.6092
55.1474	172.266	-25.1663
55.1474	183.032	-25.6846
55.1474	193.799	-26.1685
55.1474	204.565	-26.6213
55.1474	215.332	-27.0463
55.1474	226.099	-27.4461
55.1474	236.865	-27.8228
55.1474	247.632	-28.1785
55.1474	258.398	-28.5148
55.1474	269.165	-28.8332
55.1474	279.932	-29.135
55.1474	290.698	-29.4214
55.1474	301.465	-29.6933
55.1474	312.231	-29.9517
55.1474	322.998	-30.1973
55.1474	333.765	-30.4309
55.1474	344.531	-30.6531
55.1474	355.298	-30.8645
55.1474	366.064	-31.0656
55.1474	376.831	-31.2569
55.1474	387.598	-31.4389
55.1474	398.364	-31.6119
55.1474	409.131	-31.7763
55.1474	419.897	-31.9324
55.1474	430.664	-32.0805
55.1474	441.431	-32.2208
55.1474	452.197	-32.3537
55.1474	462.964	-32.4794
55.1474	473.73	-32.5981
55.1474	484.497	-32.7099
55.1474	495.264	-32.815
55.1474	506.03	-32.9137
55.1474	516.797	-33.006
55.1474	527.563	-33.0921
55.1474	538.33	-33.1722
55.1474	549.097	-33.2462
55.1474	559.863	-33.3144
55.1474	570.63	-33.3768
55.1474	581.396	-33.4335
55.1474	592.163	-33.4846
55.1474	602.93	-33.5301
55.1474	613.696	-33.5702
55.1474	624.463	-33.6048
55.1474	635.229	-33.634
55.1474	645.996	-33.6578
55.1474	656.763	-33.6764
55.1474	667.529	-33.6896
55.1474	678.296	-33.6975
55.1474	689.062	-33.7001
55.1474	699.829	-33.6975
55.1474	710.596	-33.6896
55.1474	721.362	-33.6764
55.1474	732.129	-33.6578
55.1474	742.896	-33.634
55.1474	753.662	-33.6048
55.1474	764.429	-33.5702
55.1474	775.195	-33.5301
55.1474	785.962	-33.4846
55.1474	796.729	-33.4335
55.1474	807.495	-33.3768
55.1474	818.262	-33.3144
55.1474	829.028	-33.2462
55.1474	839.795	-33.1722
55.1474	850.562	-33.0921
55.1474	861.328	-33.006
55.1474	872.095	-32.9137
55.1474	882.861	-32.815
55.1474	893.628	-32.7099
55.1474	904.395	-32.5981
55.1474	915.161	-32.4794
55.1474	925.928	-32.3537
55.1474	936.694	-32.2208
55.1474	947.461	-32.0805
55.1474	958.228	-31.9324
55.1474	968.994	-31.7763
55.1474	979.761	-31.6119
55.1474	990.527	-31.4389
55.1474	1001.29	-31.2569
55.1474	1012.06	-31.0656
55.1474	1022.83	-30.8645
55.1474	1033.59	-30.6531
55.1474	1044.36	-30.4309
55.1474	1055.13	-30.1973
55.1474	1065.89	-29.9517
55.1474	1076.66	-29.6933
55.1474	1087.43	-29.4214
55.1474	1098.19	-29.135
55.1474	1108.96	-28.8332
55.1474	1119.73	-28.5148
55.1474	1130.49	-28.1785
55.1474	1141.26	-27.8228
55.1474	1152.03	-27.4461
55.1474	1162.79	-27.0463
55.1474	1173.56	-26.6213
55.1474	1184.33	-26.1685
55.1474	1195.09	-25.6846
55.1474	1205.86	-25.1663
55.1474	1216.63	-24.6092
55.1474	1227.39	-24.0086
55.1474	1238.16	-23.3587
55.1474	1248.93	-22.6535
55.1474	1259.69	-21.8871
55.1474	1270.46	-21.0567
55.1474	1281.23	-20.1707
55.1474	1291.99	-19.2784
55.1474	1302.76	-18.5938
55.1474	1313.53	-19.3006
55.1474	1324.29	-20.68
55.1474	1335.06	21.7276
55.1474	1345.83	30.6559
55.1474	1356.59	24.8195
55.1474	1367.36	-7.20928
58.0499	0	-61.9002
58.0499	10.7666	-6.65985
58.0499	21.5332	24.8019
58.0499	32.2998	30.6644
58.0499	43.0664	21.7054
58.0499	53.833	-25.7781
58.0499	64.5996	-18.0205
58.0499	75.3662	-17.409
58.0499	86.1328	-18.0927
58.0499	96.8994	-18.9662
58.0499	107.666	-19.8316
58.0499	118.433	-20.6433
58.0499	129.199	-21.3937
58.0499	139.966	-22.0855
58.0499	150.732	-22.724
58.0499	161.499	-23.3152
58.0499	172.266	-23.8642
58.0499	183.032	-24.3757
58.0499	193.799	-24.8537
58.0499	204.565	-25.3016
58.0499	215.332	-25.7222
58.0499	226.099	-26.1182
58.0499	236.865	-26.4916
58.0499	247.632	-26.8444
58.0499	258.398	-27.1781
58.0499	269.165	-27.4942
58.0499	279.932	-27.794
58.0499	290.698	-28.0786
58.0499	301.465	-28.3488
58.0499	312.231	-28.6057
58.0499	322.998	-28.85
58.0499	333.765	-29.0824
58.0499	344.531	-29.3035
58.0499	355.298	-29.514
58.0499	366.064	-29.7142
58.0499	376.831	-29.9047
58.0499	387.598	-30.0859
58.0499	398.364	-30.2582
58.0499	409.131	-30.422
58.0499	419.897	-30.5775
58.0499	430.664	-30.7251
58.0499	441.431	-30.865
58.0499	452.197	-30.9974
58.0499	462.964	-31.1227
58.0499	473.73	-31.2409
58.0499	484.497	-31.3524
58.0499	495.264	-31.4573
58.0499	506.03	-31.5556
58.0499	516.797	-31.6477
58.0499	527.563	-31.7335
58.0499	538.33	-31.8133
58.0499	549.097	-31.8872
58.0499	559.863	-31.9552
58.0499	570.63	-32.0174
58.0499	581.396	-32.074
58.0499	592.163	-32.1249
58.0499	602.93	-32.1704
58.0499	613.696	-32.2103
58.0499	624.463	-32.2448
58.0499	635.229	-32.274
58.0499	645.996	-32.2977
58.0499	656.763	-32.3162
58.0499	667.529	-32.3294
58.0499	678.296	-32.3373
58.0499	689.062	-32.3399
58.0499	699.829	-32.3373
58.0499	710.596	-32.3294
58.0499	721.362	-32.3162
58.0499	732.129	-32.2977
58.0499	742.896	-32.274
58.0499	753.662	-32.2448
58.0499	764.429	-32.2103
58.0499	775.195	-32.1704
58.0499	785.962	-32.1249
58.0499	796.729	-32.074
58.0499	807.495	-32.0174
58.0499	818.262	-31.9552
58.0499	829.028	-31.8872
58.0499	839.795	-31.8133
58.0499	850.562	-31.7335
58.0499	861.328	-31.6477
58.0499	872.095	-31.5556
58.0499	882.861	-31.4573
58.0499	893.628	-31.3524
58.0499	904.395	-31.2409
58.0499	915.161	-31.1227
58.0499	925.928	-30.9974
58.0499	936.694	-30.865
58.0499	947.461	-30.7251
58.0499	958.228	-30.5775
58.0499	968.994	-30.422
58.0499	979.761	-30.2582
58.0499	990.527	-30.0859
58.0499	1001.29	-29.9047
58.0499	1012.06	-29.7142
58.0499	1022.83	-29.514
58.0499	1033.59	-29.3035
58.0499	1044.36	-29.0824
58.0499	1055.13	-28.85
58.0499	1065.89	-28.6057
58.0499	1076.66	-28.3488
58.0499	1087.43	-28.0786
58.0499	1098.19	-27.794
58.0499	1108.96	-27.4942
58.0499	1119.73	-27.1781
58.0499	1130.49	-26.8444
58.0499	1141.26	-26.4916
58.0499	1152.03	-26.1182
58.0499	1162.79	-25.7222
58.0499	1173.56	-25.3016
58.0499	1184.33	-24.8537
58.0499	1195.09	-24.3757
58.0499	1205.86	-23.8642
58.0499	1216.63	-23.3152
58.0499	1227.39	-22.724
58.0499	1238.16	-22.0855
58.0499	1248.93	-21.3937
58.0499	1259.69	-20.6433
58.0499	1270.46	-19.8316
58.0499	1281.23	-18.9662
58.0499	1291.99	-18.0927
58.0499	1302.76	-17.409
58.0499	1313.53	-18.0205
58.0499	1324.29	-25.7781
58.0499	1335.06	21.7054
58.0499	1345.83	30.6644
58.0499	1356.59	24.8019
58.0499	1367.36	-6.65985
60.9524	0	-42.098
60.9524	10.7666	-7.48074
60.9524	21.5332	24.8274
60.9524	32.2998	30.652
60.9524	43.0664	21.7376
60.9524	53.833	-19.5059
60.9524	64.5996	-20.0271
60.9524	75.3662	-19.2535
60.9524	86.1328	-19.9387
60.9524	96.8994	-20.844
60.9524	107.666	-21.7443
60.9524	118.433	-22.5878
60.9524	129.199	-23.3654
60.9524	139.966	-24.0802
60.9524	150.732	-24.7381
60.9524	161.499	-25.3456
60.9524	172.266	-25.9084
60.9524	183.032	-26.4317
60.9524	193.799	-26.9197
60.9524	204.565	-27.3763
60.9524	215.332	-27.8044
60.9524	226.099	-28.2069
60.9524	236.865	-28.5861
60.9524	247.632	-28.9439
60.9524	258.398	-29.2821
60.9524	269.165	-29.6022
60.9524	279.932	-29.9054
60.9524	290.698	-30.1931
60.9524	301.465	-30.4662
60.9524	312.231	-30.7257
60.9524	322.998	-30.9722
60.9524	333.765	-31.2067
60.9524	344.531	-31.4297
60.9524	355.298	-31.6418
60.9524	366.064	-31.8436
60.9524	376.831	-32.0355
60.9524	387.598	-32.2181
60.9524	398.364	-32.3915
60.9524	409.131	-32.5564
60.9524	419.897	-32.7129
60.9524	430.664	-32.8614
60.9524	441.431	-33.0021
60.9524	452.197	-33.1354
60.9524	462.964	-33.2613
60.9524	473.73	-33.3803
60.9524	484.497	-33.4923
60.9524	495.264	-33.5977
60.9524	506.03	-33.6966
60.9524	516.797	-33.7891
60.9524	527.563	-33.8754
60.9524	538.33	-33.9556
60.9524	549.097	-34.0298
60.9524	559.863	-34.0981
60.9524	570.63	-34.1606
60.9524	581.396	-34.2174
60.9524	592.163	-34.2686
60.9524	602.93	-34.3142
60.9524	613.696	-34.3544
60.9524	624.463	-34.389
60.9524	635.229	-34.4183
60.9524	645.996	-34.4422
60.9524	656.763	-34.4608
60.9524	667.529	-34.474
60.9524	678.296	-34.4819
60.9524	689.062	-34.4846
60.9524	699.829	-34.4819
60.9524	710.596	-34.474
60.9524	721.362	-34.4608
60.9524	732.129	-34.4422
60.9524	742.896	-34.4183
60.9524	753.662	-34.389
60.9524	764.429	-34.3544
60.9524	775.195	-34.3142
60.9524	785.962	-34.2686
60.9524	796.729	-34.2174
60.9524	807.495	-34.1606
60.9524	818.262	-34.0981
60.9524	829.028	-34.0298
60.9524	839.795	-33.9556
60.9524	850.562	-33.8754
60.9524	861.328	-33.7891
60.9524	872.095	-33.6966
60.9524	882.861	-33.5977
60.9524	893.628	-33.4923
60.9524	904.395	-33.3803
60.9524	915.161	-33.2613
60.9524	925.928	-33.1354
60.9524	936.694	-33.0021
60.9524	947.461	-32.8614
60.9524	958.228	-32.7129
60.9524	968.994	-32.5564
60.9524	979.761	-32.3915
60.9524	990.527	-32.2181
60.9524	1001.29	-32.0355
60.9524	1012.06	-31.8436
60.9524	1022.83	-31.6418
60.9524	1033.59	-31.4297
60.9524	1044.36	-31.2067
60.9524	1055.13	-30.9722
60.9524	1065.89	-30.7257
60.9524	1076.66	-30.4662
60.9524	1087.43	-30.1931
60.9524	1098.19	-29.9054
60.9524	1108.96	-29.6022
60.9524	1119.73	-29.2821
60.9524	1130.49	-28.9439
60.9524	1141.26	-28.5861
60.9524	1152.03	-28.2069
60.9524	1162.79	-27.8044
60.9524	1173.56	-27.3763
60.9524	1184.33	-26.9197
60.9524	1195.09	-26.4317
60.9524	1205.86	-25.9084
60.9524	1216.63	-25.3456
60.9524	1227.39	-24.7381
60.9524	1238.16	-24.0802
60.9524	1248.93	-23.3654
60.9524	1259.69	-22.5878
60.9524	1270.46	-21.7443
60.9524	1281.23	-20.844
60.9524	1291.99	-19.9387
60.9524	1302.76	-19.2535
60.9524	1313.53	-20.0271
60.9524	1324.29	-19.5059
60.9524	1335.06	21.7376
60.9524	1345.83	30.652
60.9524	1356.59	24.8274
60.9524	1367.36	-7.48074
63.8549	0	-38.3818
63.8549	10.7666	-8.93457
63.8549	21.5332	24.8619
63.8549	32.2998	30.635
63.8549	43.0664	21.7812
63.8549	53.833	-16.3996
63.8549	64.5996	-27.0834
63.8549	75.3662	-24.8375
63.8549	86.1328	-25.5335
63.8549	96.8994	-26.6877
63.8549	107.666	-27.8816
63.8549	118.433	-29.0122
63.8549	129.199	-30.0545
63.8549	139.966	-31.0075
63.8549	150.732	-31.8776
63.8549	161.499	-32.673
63.8549	172.266	-33.4022
63.8549	183.032	-34.0727
63.8549	193.799	-34.6912
63.8549	204.565	-35.2635
63.8549	215.332	-35.7948
63.8549	226.099	-36.2892
63.8549	236.865	-36.7506
63.8549	247.632	-37.1821
63.8549	258.398	-37.5866
63.8549	269.165	-37.9664
63.8549	279.932	-38.3236
63.8549	290.698	-38.6601
63.8549	301.465	-38.9775
63.8549	312.231	-39.2772
63.8549	322.998	-39.5604
63.8549	333.765	-39.8284
63.8549	344.531	-40.082
63.8549	355.298	-40.3221
63.8549	366.064	-40.5496
63.8549	376.831	-40.7651
63.8549	387.598	-40.9693
63.8549	398.364	-41.1627
63.8549	409.131	-41.3459
63.8549	419.897	-41.5193
63.8549	430.664	-41.6834
63.8549	441.431	-41.8385
63.8549	452.197	-41.985
63.8549	462.964	-42.1232
63.8549	473.73	-42.2534
63.8549	484.497	-42.3759
63.8549	495.264	-42.4908
63.8549	506.03	-42.5985
63.8549	516.797	-42.6991
63.8549	527.563	-42.7928
63.8549	538.33	-42.8797
63.8549	549.097	-42.9602
63.8549	559.863	-43.0341
63.8549	570.63	-43.1016
63.8549	581.396	-43.163
63.8549	592.163	-43.2182
63.8549	602.93	-43.2674
63.8549	613.696	-43.3107
63.8549	624.463	-43.348
63.8549	635.229	-43.3795
63.8549	645.996	-43.4053
63.8549	656.763	-43.4252
63.8549	667.529	-43.4395
63.8549	678.296	-43.448
63.8549	689.062	-43.4508
63.8549	699.829	-43.448
63.8549	710.596	-43.4395
63.8549	721.362	-43.4252
63.8549	732.129	-43.4053
63.8549	742.896	-43.3795
63.8549	753.662	-43.348
63.8549	764.429	-43.3107
63.8549	775.195	-43.2674
63.8549	785.962	-43.2182
63.8549	796.729	-43.163
63.8549	807.495	-43.1016
63.8549	818.262	-43.0341
63.8549	829.028	-42.9602
63.8549	839.795	-42.8797
63.8549	850.562	-42.7928
63.8549	861.328	-42.6991
63.8549	872.095	-42.5985
63.8549	882.861	-42.4908
63.8549	893.628	-42.3759
63.8549	904.395	-42.2534
63.8549	915.161	-42.1232
63.8549	925.928	-41.985
63.8549	936.694	-41.8385
63.8549	947.461	-41.6834
63.8549	958.228	-41.5193
63.8549	968.994	-41.3459
63.8549	979.761	-41.1627
63.8549	990.527	-40.9693
63.8549	1001.29	-40.7651
63.8549	1012.06	-40.5496
63.8549	1022.83	-40.3221
63.8549	1033.59	-40.082
63.8549	1044.36	-39.8284
63.8549	1055.13	-39.5604
63.8549	1065.89	-39.2772
63.8549	1076.66	-38.9775
63.8549	1087.43	-38.6601
63.8549	1098.19	-38.3236
63.8549	1108.96	-37.9664
63.8549	1119.73	-37.5866
63.8549	1130.49	-37.1821
63.8549	1141.26	-36.7506
63.8549	1152.03	-36.2892
63.8549	1162.79	-35.7948
63.8549	1173.56	-35.2635
63.8549	1184.33	-34.6912
63.8549	1195.09	-34.0727
63.8549	1205.86	-33.4022
63.8549	1216.63	-32.673
63.8549	1227.39	-31.8776
63.8549	1238.16	-31.0075
63.8549	1248.93	-30.0545
63.8549	1259.69	-29.0122
63.8549	1270.46	-27.8816
63.8549	1281.23	-26.6877
63.8549	1291.99	-25.5335
63.8549	1302.76	-24.8375
63.8549	1313.53	-27.0834
63.8549	1324.29	-16.3996
63.8549	1335.06	21.7812
63.8549	1345.83	30.635
63.8549	1356.59	24.8619
63.8549	1367.36	-8.93457
66.7574	0	-38.5188
66.7574	10.7666	-8.84229
66.7574	21.5332	24.8601
66.7574	32.2998	30.636
66.7574	43.0664	21.7788
66.7574	53.833	-16.5211
66.7574	64.5996	-26.219
66.7574	75.3662	-24.2633
66.7574	86.1328	-24.9574
66.7574	96.8994	-26.0678
66.7574	107.666	-27.2075
66.7574	118.433	-28.282
66.7574	129.199	-29.27
66.7574	139.966	-30.1718
66.7574	150.732	-30.9944
66.7574	161.499	-31.7462
66.7574	172.266	-32.4356
66.7574	183.032	-33.0699
66.7574	193.799	-33.6555
66.7574	204.565	-34.1981
66.7574	215.332	-34.7023
66.7574	226.099	-35.1722
66.7574	236.865	-35.6114
66.7574	247.632	-36.0227
66.7574	258.398	-36.4088
66.7574	269.165	-36.7718
66.7574	279.932	-37.1138
66.7574	290.698	-37.4364
66.7574	301.465	-37.741
66.7574	312.231	-38.0291
66.7574	322.998	-38.3017
66.7574	333.765	-38.5598
66.7574	344.531	-38.8044
66.7574	355.298	-39.0363
66.7574	366.064	-39.2561
66.7574	376.831	-39.4646
66.7574	387.598	-39.6623
66.7574	398.364	-39.8497
66.7574	409.131	-40.0274
66.7574	419.897	-40.1957
66.7574	430.664	-40.355
66.7574	441.431	-40.5058
66.7574	452.197	-40.6483
66.7574	462.964	-40.7827
66.7574	473.73	-40.9095
66.7574	484.497	-41.0287
66.7574	495.264	-41.1408
66.7574	506.03	-41.2457
66.7574	516.797	-41.3439
66.7574	527.563	-41.4353
66.7574	538.33	-41.5202
66.7574	549.097	-41.5986
66.7574	559.863	-41.6708
66.7574	570.63	-41.7368
66.7574	581.396	-41.7968
66.7574	592.163	-41.8508
66.7574	602.93	-41.8989
66.7574	613.696	-41.9412
66.7574	624.463	-41.9777
66.7574	635.229	-42.0085
66.7574	645.996	-42.0337
66.7574	656.763	-42.0532
66.7574	667.529	-42.0671
66.7574	678.296	-42.0755
66.7574	689.062	-42.0782
66.7574	699.829	-42.0755
66.7574	710.596	-42.0671
66.7574	721.362	-42.0532
66.7574	732.129	-42.0337
66.7574	742.896	-42.0085
66.7574	753.662	-41.9777
66.7574	764.429	-41.9412
66.7574	775.195	-41.8989
66.7574	785.962	-41.8508
66.7574	796.729	-41.7968
66.7574	807.495	-41.7368
66.7574	818.262	-41.6708
66.7574	829.028	-41.5986
66.7574	839.795	-41.5202
66.7574	850.562	-41.4353
66.7574	861.328	-41.3439
66.7574	872.095	-41.2457
66.7574	882.861	-41.1408
66.7574	893.628	-41.0287
66.7574	904.395	-40.9095
66.7574	915.161	-40.7827
66.7574	925.928	-40.6483
66.7574	936.694	-40.5058
66.7574	947.461	-40.355
66.7574	958.228	-40.1957
66.7574	968.994	-40.0274
66.7574	979.761	-39.8497
66.7574	990.527	-39.6623
66.7574	1001.29	-39.4646
66.7574	1012.06	-39.2561
66.7574	1022.83	-39.0363
66.7574	1033.59	-38.8044
66.7574	1044.36	-38.5598
66.7574	1055.13	-38.3017
66.7574	1065.89	-38.0291
66.7574	1076.66	-37.741
66.7574	1087.43	-37.4364
66.7574	1098.19	-37.1138
66.7574	1108.96	-36.7718
66.7574	1119.73	-36.4088
66.7574	1130.49	-36.0227
66.7574	1141.26	-35.6114
66.7574	1152.03	-35.1722
66.7574	1162.79	-34.7023
66.7574	1173.56	-34.1981
66.7574	1184.33	-33.6555
66.7574	1195.09	-33.0699
66.7574	1205.86	-32.4356
66.7574	1216.63	-31.7462
66.7574	1227.39	-30.9944
66.7574	1238.16	-30.1718
66.7574	1248.93	-29.27
66.7574	1259.69	-28.282
66.7574	1270.46	-27.2075
66.7574	1281.23	-26.0678
66.7574	1291.99	-24.9574
66.7574	1302.76	-24.2633
66.7574	1313.53	-26.219
66.7574	1324.29	-16.5211
66.7574	1335.06	21.7788
66.7574	1345.83	30.636
66.7574	1356.59	24.8601
66.7574	1367.36	-8.84229
69.6599	0	-42.6659
69.6599	10.7666	-7.37022
69.6599	21.5332	24.8242
69.6599	32.2998	30.6536
69.6599	43.0664	21.7336
69.6599	53.833	-19.9378
69.6599	64.5996	-19.7221
69.6599	75.3662	-18.9778
69.6599	86.1328	-19.6627
69.6599	96.8994	-20.5623
69.6599	107.666	-21.4563
69.6599	118.433	-22.2941
69.6599	129.199	-23.0668
69.6599	139.966	-23.7774
69.6599	150.732	-24.4318
69.6599	161.499	-25.0362
69.6599	172.266	-25.5965
69.6599	183.032	-26.1176
69.6599	193.799	-26.6038
69.6599	204.565	-27.0587
69.6599	215.332	-27.4855
69.6599	226.099	-27.8868
69.6599	236.865	-28.2648
69.6599	247.632	-28.6217
69.6599	258.398	-28.9591
69.6599	269.165	-29.2784
69.6599	279.932	-29.581
69.6599	290.698	-29.8681
69.6599	301.465	-30.1407
69.6599	312.231	-30.3997
69.6599	322.998	-30.6458
69.6599	333.765	-30.8799
69.6599	344.531	-31.1025
69.6599	355.298	-31.3144
69.6599	366.064	-31.5158
69.6599	376.831	-31.7075
69.6599	387.598	-31.8898
69.6599	398.364	-32.063
69.6599	409.131	-32.2277
69.6599	419.897	-32.384
69.6599	430.664	-32.5323
69.6599	441.431	-32.6729
69.6599	452.197	-32.806
69.6599	462.964	-32.9318
69.6599	473.73	-33.0506
69.6599	484.497	-33.1626
69.6599	495.264	-33.2679
69.6599	506.03	-33.3667
69.6599	516.797	-33.4591
69.6599	527.563	-33.5453
69.6599	538.33	-33.6254
69.6599	549.097	-33.6995
69.6599	559.863	-33.7678
69.6599	570.63	-33.8303
69.6599	581.396	-33.887
69.6599	592.163	-33.9382
69.6599	602.93	-33.9838
69.6599	613.696	-34.0239
69.6599	624.463	-34.0585
69.6599	635.229	-34.0877
69.6599	645.996	-34.1116
69.6599	656.763	-34.1301
69.6599	667.529	-34.1434
69.6599	678.296	-34.1513
69.6599	689.062	-34.1539
69.6599	699.829	-34.1513
69.6599	710.596	-34.1434
69.6599	721.362	-34.1301
69.6599	732.129	-34.1116
69.6599	742.896	-34.0877
69.6599	753.662	-34.0585
69.6599	764.429	-34.0239
69.6599	775.195	-33.9838
69.6599	785.962	-33.9382
69.6599	796.729	-33.887
69.6599	807.495	-33.8303
69.6599	818.262	-33.7678
69.6599	829.028	-33.6995
69.6599	839.795	-33.6254
69.6599	850.562	-33.5453
69.6599	861.328	-33.4591
69.6599	872.095	-33.3667
69.6599	882.861	-33.2679
69.6599	893.628	-33.1626
69.6599	904.395	-33.0506
69.6599	915.161	-32.9318
69.6599	925.928	-32.806
69.6599	936.694	-32.6729
69.6599	947.461	-32.5323
69.6599	958.228	-32.384
69.6599	968.994	-32.2277
69.6599	979.761	-32.063
69.6599	990.527	-31.8898
69.6599	1001.29	-31.7075
69.6599	1012.06	-31.5158
69.6599	1022.83	-31.3144
69.6599	1033.59	-31.1025
69.6599	1044.36	-30.8799
69.6599	1055.13	-30.6458
69.6599	1065.89	-30.3997
69.6599	1076.66	-30.1407
69.6599	1087.43	-29.8681
69.6599	1098.19	-29.581
69.6599	1108.96	-29.2784
69.6599	1119.73	-28.9591
69.6599	1130.49	-28.6217
69.6599	1141.26	-28.2648
69.6599	1152.03	-27.8868
69.6599	1162.79	-27.4855
69.6599	1173.56	-27.0587
69.6599	1184.33	-26.6038
69.6599	1195.09	-26.1176
69.6599	1205.86	-25.5965
69.6599	1216.63	-25.0362
69.6599	1227.39	-24.4318
69.6599	1238.16	-23.7774
69.6599	1248.93	-23.0668
69.6599	1259.69	-22.2941
69.6599	1270.46	-21.4563
69.6599	1281.23	-20.5623
69.6599	1291.99	-19.6627
69.6599	1302.76	-18.9778
69.6599	1313.53	-19.7221
69.6599	1324.29	-19.9378
69.6599	1335.06	21.7336
69.6599	1345.83	30.6536
69.6599	1356.59	24.8242
69.6599	1367.36	-7.37022
72.5624	0	-74.9578
72.5624	10.7666	-6.65234
72.5624	21.5332	24.8016
72.5624	32.2998	30.6645
72.5624	43.0664	21.7051
72.5624	53.833	-25.9219
72.5624	64.5996	-18.0043
72.5624	75.3662	-17.3939
72.5624	86.1328	-18.0776
72.5624	96.8994	-18.9509
72.5624	107.666	-19.816
72.5624	118.433	-20.6276
72.5624	129.199	-21.3778
72.5624	139.966	-22.0694
72.5624	150.732	-22.7079
72.5624	161.499	-23.2989
72.5624	172.266	-23.8479
72.5624	183.032	-24.3593
72.5624	193.799	-24.8372
72.5624	204.565	-25.285
72.5624	215.332	-25.7056
72.5624	226.099	-26.1015
72.5624	236.865	-26.4749
72.5624	247.632	-26.8277
72.5624	258.398	-27.1614
72.5624	269.165	-27.4775
72.5624	279.932	-27.7772
72.5624	290.698	-28.0618
72.5624	301.465	-28.332
72.5624	312.231	-28.5889
72.5624	322.998	-28.8332
72.5624	333.765	-29.0656
72.5624	344.531	-29.2867
72.5624	355.298	-29.4971
72.5624	366.064	-29.6973
72.5624	376.831	-29.8878
72.5624	387.598	-30.069
72.5624	398.364	-30.2413
72.5624	409.131	-30.4051
72.5624	419.897	-30.5606
72.5624	430.664	-30.7081
72.5624	441.431	-30.848
72.5624	452.197	-30.9805
72.5624	462.964	-31.1057
72.5624	473.73	-31.224
72.5624	484.497	-31.3355
72.5624	495.264	-31.4403
72.5624	506.03	-31.5387
72.5624	516.797	-31.6307
72.5624	527.563	-31.7166
72.5624	538.33	-31.7964
72.5624	549.097	-31.8702
72.5624	559.863	-31.9382
72.5624	570.63	-32.0004
72.5624	581.396	-32.057
72.5624	592.163	-32.108
72.5624	602.93	-32.1534
72.5624	613.696	-32.1933
72.5624	624.463	-32.2278
72.5624	635.229	-32.257
72.5624	645.996	-32.2808
72.5624	656.763	-32.2992
72.5624	667.529	-32.3124
72.5624	678.296	-32.3203
72.5624	689.062	-32.323
72.5624	699.829	-32.3203
72.5624	710.596	-32.3124
72.5624	721.362	-32.2992
72.5624	732.129	-32.2808
72.5624	742.896	-32.257
72.5624	753.662	-32.2278
72.5624	764.429	-32.1933
72.5624	775.195	-32.1534
72.5624	785.962	-32.108
72.5624	796.729	-32.057
72.5624	807.495	-32.0004
72.5624	818.262	-31.9382
72.5624	829.028	-31.8702
72.5624	839.795	-31.7964
72.5624	850.562	-31.7166
72.5624	861.328	-31.6307
72.5624	872.095	-31.5387
72.5624	882.861	-31.4403
72.5624	893.628	-31.3355
72.5624	904.395	-31.224
72.5624	915.161	-31.1057
72.5624	925.928	-30.9805
72.5624	936.694	-30.848
72.5624	947.461	-30.7081
72.5624	958.228	-30.5606
72.5624	968.994	-30.4051
72.5624	979.761	-30.2413
72.5624	990.527	-30.069
72.5624	1001.29	-29.8878
72.5624	1012.06	-29.6973
72.5624	1022.83	-29.4971
72.5624	1033.59	-29.2867
72.5624	1044.36	-29.0656
72.5624	1055.13	-28.8332
72.5624	1065.89	-28.5889
72.5624	1076.66	-28.332
72.5624	1087.43	-28.0618
72.5624	1098.19	-27.7772
72.5624	1108.96	-27.4775
72.5624	1119.73	-27.1614
72.5624	1130.49	-26.8277
72.5624	1141.26	-26.4749
72.5624	1152.03	-26.1015
72.5624	1162.79	-25.7056
72.5624	1173.56	-25.285
72.5624	1184.33	-24.8372
72.5624	1195.09	-24.3593
72.5624	1205.86	-23.8479
72.5624	1216.63	-23.2989
72.5624	1227.39	-22.7079
72.5624	1238.16	-22.0694
72.5624	1248.93	-21.3778
72.5624	1259.69	-20.6276
72.5624	1270.46	-19.816
72.5624	1281.23	-18.9509
72.5624	1291.99	-18.0776
72.5624	1302.76	-17.3939
72.5624	1313.53	-18.0043
72.5624	1324.29	-25.9219
72.5624	1335.06	21.7051
72.5624	1345.83	30.6645
72.5624	1356.59	24.8016
72.5624	1367.36	-6.65234
75.4649	0	-43.0181
75.4649	10.7666	-7.3098
75.4649	21.5332	24.8225
75.4649	32.2998	30.6544
75.4649	43.0664	21.7314
75.4649	53.833	-20.1986
75.4649	64.5996	-19.5609
75.4649	75.3662	-18.8313
75.4649	86.1328	-19.5161
75.4649	96.8994	-20.4129
75.4649	107.666	-21.3037
75.4649	118.433	-22.1386
75.4649	129.199	-22.9088
75.4649	139.966	-23.6173
75.4649	150.732	-24.2699
75.4649	161.499	-24.8728
75.4649	172.266	-25.4319
75.4649	183.032	-25.9519
75.4649	193.799	-26.4371
75.4649	204.565	-26.8912
75.4649	215.332	-27.3173
75.4649	226.099	-27.718
75.4649	236.865	-28.0955
75.4649	247.632	-28.4519
75.4649	258.398	-28.7889
75.4649	269.165	-29.1078
75.4649	279.932	-29.4102
75.4649	290.698	-29.697
75.4649	301.465	-29.9693
75.4649	312.231	-30.228
75.4649	322.998	-30.4739
75.4649	333.765	-30.7078
75.4649	344.531	-30.9303
75.4649	355.298	-31.1419
75.4649	366.064	-31.3433
75.4649	376.831	-31.5348
75.4649	387.598	-31.717
75.4649	398.364	-31.8901
75.4649	409.131	-32.0547
75.4649	419.897	-32.2109
75.4649	430.664	-32.3591
75.4649	441.431	-32.4996
75.4649	452.197	-32.6326
75.4649	462.964	-32.7584
75.4649	473.73	-32.8771
75.4649	484.497	-32.989
75.4649	495.264	-33.0943
75.4649	506.03	-33.193
75.4649	516.797	-33.2854
75.4649	527.563	-33.3716
75.4649	538.33	-33.4516
75.4649	549.097	-33.5257
75.4649	559.863	-33.594
75.4649	570.63	-33.6564
75.4649	581.396	-33.7132
75.4649	592.163	-33.7643
75.4649	602.93	-33.8098
75.4649	613.696	-33.8499
75.4649	624.463	-33.8846
75.4649	635.229	-33.9138
75.4649	645.996	-33.9377
75.4649	656.763	-33.9562
75.4649	667.529	-33.9694
75.4649	678.296	-33.9773
75.4649	689.062	-33.98
75.4649	699.829	-33.9773
75.4649	710.596	-33.9694
75.4649	721.362	-33.9562
75.4649	732.129	-33.9377
75.4649	742.896	-33.9138
75.4649	753.662	-33.8846
75.4649	764.429	-33.8499
75.4649	775.195	-33.8098
75.4649	785.962	-33.7643
75.4649	796.729	-33.7132
75.4649	807.495	-33.6564
75.4649	818.262	-33.594
75.4649	829.028	-33.5257
75.4649	839.795	-33.4516
75.4649	850.562	-33.3716
75.4649	861.328	-33.2854
75.4649	872.095	-33.193
75.4649	882.861	-33.0943
75.4649	893.628	-32.989
75.4649	904.395	-32.8771
75.4649	915.161	-32.7584
75.4649	925.928	-32.6326
75.4649	936.694	-32.4996
75.4649	947.461	-32.3591
75.4649	958.228	-32.2109
75.4649	968.994	-32.0547
75.4649	979.761	-31.8901
75.4649	990.527	-31.717
75.4649	1001.29	-31.5348
75.4649	1012.06	-31.3433
75.4649	1022.83	-31.1419
75.4649	1033.59	-30.9303
75.4649	1044.36	-30.7078
75.4649	1055.13	-30.4739
75.4649	1065.89	-30.228
75.4649	1076.66	-29.9693
75.4649	1087.43	-29.697
75.4649	1098.19	-29.4102
75.4649	1108.96	-29.1078
75.4649	1119.73	-28.7889
75.4649	1130.49	-28.4519
75.4649	1141.26	-28.0955
75.4649	1152.03	-27.718
75.4649	1162.79	-27.3173
75.4649	1173.56	-26.8912
75.4649	1184.33	-26.4371
75.4649	1195.09	-25.9519
75.4649	1205.86	-25.4319
75.4649	1216.63	-24.8728
75.4649	1227.39	-24.2699
75.4649	1238.16	-23.6173
75.4649	1248.93	-22.9088
75.4649	1259.69	-22.1386
75.4649	1270.46	-21.3037
75.4649	1281.23	-20.4129
75.4649	1291.99	-19.5161
75.4649	1302.76	-18.8313
75.4649	1313.53	-19.5609
75.4649	1324.29	-20.1986
75.4649	1335.06	21.7314
75.4649	1345.83	30.6544
75.4649	1356.59	24.8225
75.4649	1367.36	-7.3098
78.3673	0	-38.6079
78.3673	10.7666	-8.78483
78.3673	21.5332	24.8589
78.3673	32.2998	30.6365
78.3673	43.0664	21.7774
78.3673	53.833	-16.5999
78.3673	64.5996	-25.7488
78.3673	75.3662	-23.9352
78.3673	86.1328	-24.6283
78.3673	96.8994	-25.7165
78.3673	107.666	-26.8289
78.3673	118.433	-27.8758
78.3673	129.199	-28.8376
78.3673	139.966	-29.715
78.3673	150.732	-30.5155
78.3673	161.499	-31.2473
78.3673	172.266	-31.9186
78.3673	183.032	-32.5367
78.3673	193.799	-33.1078
78.3673	204.565	-33.6373
78.3673	215.332	-34.1298
78.3673	226.099	-34.5892
78.3673	236.865	-35.0189
78.3673	247.632	-35.4216
78.3673	258.398	-35.8
78.3673	269.165	-36.156
78.3673	279.932	-36.4917
78.3673	290.698	-36.8085
78.3673	301.465	-37.1079
78.3673	312.231	-37.3911
78.3673	322.998	-37.6594
78.3673	333.765	-37.9135
78.3673	344.531	-38.1544
78.3673	355.298	-38.3829
78.3673	366.064	-38.5997
78.3673	376.831	-38.8053
78.3673	387.598	-39.0004
78.3673	398.364	-39.1854
78.3673	409.131	-39.3609
78.3673	419.897	-39.5271
78.3673	430.664	-39.6846
78.3673	441.431	-39.8336
78.3673	452.197	-39.9744
78.3673	462.964	-40.1074
78.3673	473.73	-40.2328
78.3673	484.497	-40.3508
78.3673	495.264	-40.4617
78.3673	506.03	-40.5656
78.3673	516.797	-40.6627
78.3673	527.563	-40.7532
78.3673	538.33	-40.8373
78.3673	549.097	-40.915
78.3673	559.863	-40.9865
78.3673	570.63	-41.0519
78.3673	581.396	-41.1113
78.3673	592.163	-41.1648
78.3673	602.93	-41.2124
78.3673	613.696	-41.2544
78.3673	624.463	-41.2905
78.3673	635.229	-41.3211
78.3673	645.996	-41.346
78.3673	656.763	-41.3653
78.3673	667.529	-41.3792
78.3673	678.296	-41.3874
78.3673	689.062	-41.3902
78.3673	699.829	-41.3874
78.3673	710.596	-41.3792
78.3673	721.362	-41.3653
78.3673	732.129	-41.346
78.3673	742.896	-41.3211
78.3673	753.662	-41.2905
78.3673	764.429	-41.2544
78.3673	775.195	-41.2124
78.3673	785.962	-41.1648
78.3673	796.729	-41.1113
78.3673	807.495	-41.0519
78.3673	818.262	-40.9865
78.3673	829.028	-40.915
78.3673	839.795	-40.8373
78.3673	850.562	-40.7532
78.3673	861.328	-40.6627
78.3673	872.095	-40.5656
78.3673	882.861	-40.4617
78.3673	893.628	-40.3508
78.3673	904.395	-40.2328
78.3673	915.161	-40.1074
78.3673	925.928	-39.9744
78.3673	936.694	-39.8336
78.3673	947.461	-39.6846
78.3673	958.228	-39.5271
78.3673	968.994	-39.3609
78.3673	979.761	-39.1854
78.3673	990.527	-39.0004
78.3673	1001.29	-38.8053
78.3673	1012.06	-38.5997
78.3673	1022.83	-38.3829
78.3673	1033.59	-38.1544
78.3673	1044.36	-37.9135
78.3673	1055.13	-37.6594
78.3673	1065.89	-37.3911
78.3673	1076.66	-37.1079
78.3673	1087.43	-36.8085
78.3673	1098.19	-36.4917
78.3673	1108.96	-36.156
78.3673	1119.73	-35.8
78.3673	1130.49	-35.4216
78.3673	1141.26	-35.0189
78.3673	1152.03	-34.5892
78.3673	1162.79	-34.1298
78.3673	1173.56	-33.6373
78.3673	1184.33	-33.1078
78.3673	1195.09	-32.5367
78.3673	1205.86	-31.9186
78.3673	1216.63	-31.2473
78.3673	1227.39	-30.5155
78.3673	1238.16	-29.715
78.3673	1248.93	-28.8376
78.3673	1259.69	-27.8758
78.3673	1270.46	-26.8289
78.3673	1281.23	-25.7165
78.3673	1291.99	-24.6283
78.3673	1302.76	-23.9352
78.3673	1313.53	-25.7488
78.3673	1324.29	-16.5999
78.3673	1335.06	21.7774
78.3673	1345.83	30.6365
78.3673	1356.59	24.8589
78.3673	1367.36	-8.78483
81.2698	0	-38.314
81.2698	10.7666	-8.98204
81.2698	21.5332	24.8629
81.2698	32.2998	30.6346
81.2698	43.0664	21.7824
81.2698	53.833	-16.3393
81.2698	64.5996	-27.5967
81.2698	75.3662	-25.16
81.2698	86.1328	-25.8571
81.2698	96.8994	-27.0387
81.2698	107.666	-28.2674
81.2698	118.433	-29.4346
81.2698	129.199	-30.5132
81.2698	139.966	-31.501
81.2698	150.732	-32.404
81.2698	161.499	-33.2302
81.2698	172.266	-33.988
81.2698	183.032	-34.6848
81.2698	193.799	-35.3276
81.2698	204.565	-35.9223
81.2698	215.332	-36.474
81.2698	226.099	-36.9872
81.2698	236.865	-37.4657
81.2698	247.632	-37.913
81.2698	258.398	-38.3319
81.2698	269.165	-38.7249
81.2698	279.932	-39.0942
81.2698	290.698	-39.4419
81.2698	301.465	-39.7695
81.2698	312.231	-40.0787
81.2698	322.998	-40.3706
81.2698	333.765	-40.6466
81.2698	344.531	-40.9075
81.2698	355.298	-41.1545
81.2698	366.064	-41.3883
81.2698	376.831	-41.6096
81.2698	387.598	-41.8192
81.2698	398.364	-42.0176
81.2698	409.131	-42.2054
81.2698	419.897	-42.3831
81.2698	430.664	-42.5511
81.2698	441.431	-42.7099
81.2698	452.197	-42.8598
81.2698	462.964	-43.0011
81.2698	473.73	-43.1343
81.2698	484.497	-43.2594
81.2698	495.264	-43.3768
81.2698	506.03	-43.4868
81.2698	516.797	-43.5895
81.2698	527.563	-43.6852
81.2698	538.33	-43.7739
81.2698	549.097	-43.8559
81.2698	559.863	-43.9313
81.2698	570.63	-44.0002
81.2698	581.396	-44.0627
81.2698	592.163	-44.1191
81.2698	602.93	-44.1692
81.2698	613.696	-44.2133
81.2698	624.463	-44.2513
81.2698	635.229	-44.2834
81.2698	645.996	-44.3096
81.2698	656.763	-44.33
81.2698	667.529	-44.3445
81.2698	678.296	-44.3532
81.2698	689.062	-44.3561
81.2698	699.829	-44.3532
81.2698	710.596	-44.3445
81.2698	721.362	-44.33
81.2698	732.129	-44.3096
81.2698	742.896	-44.2834
81.2698	753.662	-44.2513
81.2698	764.429	-44.2133
81.2698	775.195	-44.1692
81.2698	785.962	-44.1191
81.2698	796.729	-44.0627
81.2698	807.495	-44.0002
81.2698	818.262	-43.9313
81.2698	829.028	-43.8559
81.2698	839.795	-43.7739
81.2698	850.562	-43.6852
81.2698	861.328	-43.5895
81.2698	872.095	-43.4868
81.2698	882.861	-43.3768
81.2698	893.628	-43.2594
81.2698	904.395	-43.1343
81.2698	915.161	-43.0011
81.2698	925.928	-42.8598
81.2698	936.694	-42.7099
81.2698	947.461	-42.5511
81.2698	958.228	-42.3831
81.2698	968.994	-42.2054
81.2698	979.761	-42.0176
81.2698	990.527	-41.8192
81.2698	1001.29	-41.6096
81.2698	1012.06	-41.3883
81.2698	1022.83	-41.1545
81.2698	1033.59	-40.9075
81.2698	1044.36	-40.6466
81.2698	1055.13	-40.3706
81.2698	1065.89	-40.0787
81.2698	1076.66	-39.7695
81.2698	1087.43	-39.4419
81.2698	1098.19	-39.0942
81.2698	1108.96	-38.7249
81.2698	1119.73	-38.3319
81.2698	1130.49	-37.913
81.2698	1141.26	-37.4657
81.2698	1152.03	-36.9872
81.2698	1162.79	-36.474
81.2698	1173.56	-35.9223
81.2698	1184.33	-35.3276
81.2698	1195.09	-34.6848
81.2698	1205.86	-33.988
81.2698	1216.63	-33.2302
81.2698	1227.39	-32.404
81.2698	1238.16	-31.501
81.2698	1248.93	-30.5132
81.2698	1259.69	-29.4346
81.2698	1270.46	-28.2674
81.2698	1281.23	-27.0387
81.2698	1291.99	-25.8571
81.2698	1302.76	-25.16
81.2698	1313.53	-27.5967
81.2698	1324.29	-16.3393
81.2698	1335.06	21.7824
81.2698	1345.83	30.6346
81.2698	1356.59	24.8629
81.2698	1367.36	-8.98204
84.1723	0	-41.7987
84.1723	10.7666	-7.54639
84.1723	21.5332	24.8292
84.1723	32.2998	30.6511
84.1723	43.0664	21.7399
84.1723	53.833	-19.273
84.1723	64.5996	-20.215
84.1723	75.3662	-19.4225
84.1723	86.1328	-20.1078
84.1723	96.8994	-21.0168
84.1723	107.666	-21.9211
84.1723	118.433	-22.7683
84.1723	129.199	-23.5492
84.1723	139.966	-24.2667
84.1723	150.732	-24.9269
84.1723	161.499	-25.5364
84.1723	172.266	-26.1009
84.1723	183.032	-26.6256
84.1723	193.799	-27.1148
84.1723	204.565	-27.5724
84.1723	215.332	-28.0015
84.1723	226.099	-28.4048
84.1723	236.865	-28.7846
84.1723	247.632	-29.143
84.1723	258.398	-29.4818
84.1723	269.165	-29.8023
84.1723	279.932	-30.1061
84.1723	290.698	-30.3941
84.1723	301.465	-30.6676
84.1723	312.231	-30.9273
84.1723	322.998	-31.1742
84.1723	333.765	-31.4089
84.1723	344.531	-31.6321
84.1723	355.298	-31.8445
84.1723	366.064	-32.0465
84.1723	376.831	-32.2386
84.1723	387.598	-32.4212
84.1723	398.364	-32.5949
84.1723	409.131	-32.7598
84.1723	419.897	-32.9165
84.1723	430.664	-33.0651
84.1723	441.431	-33.2059
84.1723	452.197	-33.3392
84.1723	462.964	-33.4653
84.1723	473.73	-33.5843
84.1723	484.497	-33.6964
84.1723	495.264	-33.8019
84.1723	506.03	-33.9009
84.1723	516.797	-33.9934
84.1723	527.563	-34.0798
84.1723	538.33	-34.16
84.1723	549.097	-34.2342
84.1723	559.863	-34.3026
84.1723	570.63	-34.3652
84.1723	581.396	-34.422
84.1723	592.163	-34.4732
84.1723	602.93	-34.5189
84.1723	613.696	-34.559
84.1723	624.463	-34.5937
84.1723	635.229	-34.623
84.1723	645.996	-34.6469
84.1723	656.763	-34.6655
84.1723	667.529	-34.6787
84.1723	678.296	-34.6866
84.1723	689.062	-34.6893
84.1723	699.829	-34.6866
84.1723	710.596	-34.6787
84.1723	721.362	-34.6655
84.1723	732.129	-34.6469
84.1723	742.896	-34.623
84.1723	753.662	-34.5937
84.1723	764.429	-34.559
84.1723	775.195	-34.5189
84.1723	785.962	-34.4732
84.1723	796.729	-34.422
84.1723	807.495	-34.3652
84.1723	818.262	-34.3026
84.1723	829.028	-34.2342
84.1723	839.795	-34.16
84.1723	850.562	-34.0798
84.1723	861.328	-33.9934
84.1723	872.095	-33.9009
84.1723	882.861	-33.8019
84.1723	893.628	-33.6964
84.1723	904.395	-33.5843
84.1723	915.161	-33.4653
84.1723	925.928	-33.3392
84.1723	936.694	-33.2059
84.1723	947.461	-33.0651
84.1723	958.228	-32.9165
84.1723	968.994	-32.7598
84.1723	979.761	-32.5949
84.1723	990.527	-32.4212
84.1723	1001.29	-32.2386
84.1723	1012.06	-32.0465
84.1723	1022.83	-31.8445
84.1723	1033.59	-31.6321
84.1723	1044.36	-31.4089
84.1723	1055.13	-31.1742
84.1723	1065.89	-30.9273
84.1723	1076.66	-30.6676
84.1723	1087.43	-30.3941
84.1723	1098.19	-30.1061
84.1723	1108.96	-29.8023
84.1723	1119.73	-29.4818
84.1723	1130.49	-29.143
84.1723	1141.26	-28.7846
84.1723	1152.03	-28.4048
84.1723	1162.79	-28.0015
84.1723	1173.56	-27.5724
84.1723	1184.33	-27.1148
84.1723	1195.09	-26.6256
84.1723	1205.86	-26.1009
84.1723	1216.63	-25.5364
84.1723	1227.39	-24.9269
84.1723	1238.16	-24.2667
84.1723	1248.93	-23.5492
84.1723	1259.69	-22.7683
84.1723	1270.46	-21.9211
84.1723	1281.23	-21.0168
84.1723	1291.99	-20.1078
84.1723	1302.76	-19.4225
84.1723	1313.53	-20.215
84.1723	1324.29	-19.273
84.1723	1335.06	21.7399
84.1723	1345.83	30.6511
84.1723	1356.59	24.8292
84.1723	1367.36	-7.54639
87.0748	0	-58.7125
87.0748	10.7666	-6.66843
87.0748	21.5332	24.8022
87.0748	32.2998	30.6643
87.0748	43.0664	21.7058
87.0748	53.833	-25.6199
87.0748	64.5996	-18.0389
87.0748	75.3662	-17.4262
87.0748	86.1328	-18.11
87.0748	96.8994	-18.9837
87.0748	107.666	-19.8493
87.0748	118.433	-20.6613
87.0748	129.199	-21.4119
87.0748	139.966	-22.1038
87.0748	150.732	-22.7426
87.0748	161.499	-23.3338
87.0748	172.266	-23.8829
87.0748	183.032	-24.3945
87.0748	193.799	-24.8726
87.0748	204.565	-25.3205
87.0748	215.332	-25.7412
87.0748	226.099	-26.1372
87.0748	236.865	-26.5107
87.0748	247.632	-26.8635
87.0748	258.398	-27.1973
87.0748	269.165	-27.5134
87.0748	279.932	-27.8132
87.0748	290.698	-28.0978
87.0748	301.465	-28.3681
87.0748	312.231	-28.625
87.0748	322.998	-28.8693
87.0748	333.765	-29.1017
87.0748	344.531	-29.3229
87.0748	355.298	-29.5333
87.0748	366.064	-29.7335
87.0748	376.831	-29.9241
87.0748	387.598	-30.1053
87.0748	398.364	-30.2776
87.0748	409.131	-30.4413
87.0748	419.897	-30.5969
87.0748	430.664	-30.7444
87.0748	441.431	-30.8843
87.0748	452.197	-31.0168
87.0748	462.964	-31.1421
87.0748	473.73	-31.2603
87.0748	484.497	-31.3718
87.0748	495.264	-31.4767
87.0748	506.03	-31.575
87.0748	516.797	-31.6671
87.0748	527.563	-31.753
87.0748	538.33	-31.8328
87.0748	549.097	-31.9066
87.0748	559.863	-31.9746
87.0748	570.63	-32.0368
87.0748	581.396	-32.0934
87.0748	592.163	-32.1444
87.0748	602.93	-32.1898
87.0748	613.696	-32.2297
87.0748	624.463	-32.2643
87.0748	635.229	-32.2934
87.0748	645.996	-32.3172
87.0748	656.763	-32.3357
87.0748	667.529	-32.3488
87.0748	678.296	-32.3567
87.0748	689.062	-32.3594
87.0748	699.829	-32.3567
87.0748	710.596	-32.3488
87.0748	721.362	-32.3357
87.0748	732.129	-32.3172
87.0748	742.896	-32.2934
87.0748	753.662	-32.2643
87.0748	764.429	-32.2297
87.0748	775.195	-32.1898
87.0748	785.962	-32.1444
87.0748	796.729	-32.0934
87.0748	807.495	-32.0368
87.0748	818.262	-31.9746
87.0748	829.028	-31.9066
87.0748	839.795	-31.8328
87.0748	850.562	-31.753
87.0748	861.328	-31.6671
87.0748	872.095	-31.575
87.0748	882.861	-31.4767
87.0748	893.628	-31.3718
87.0748	904.395	-31.2603
87.0748	915.161	-31.1421
87.0748	925.928	-31.0168
87.0748	936.694	-30.8843
87.0748	947.461	-30.7444
87.0748	958.228	-30.5969
87.0748	968.994	-30.4413
87.0748	979.761	-30.2776
87.0748	990.527	-30.1053
87.0748	1001.29	-29.9241
87.0748	1012.06	-29.7335
87.0748	1022.83	-29.5333
87.0748	1033.59	-29.3229
87.0748	1044.36	-29.1017
87.0748	1055.13	-28.8693
87.0748	1065.89	-28.625
87.0748	1076.66	-28.3681
87.0748	1087.43	-28.0978
87.0748	1098.19	-27.8132
87.0748	1108.96	-27.5134
87.0748	1119.73	-27.1973
87.0748	1130.49	-26.8635
87.0748	1141.26	-26.5107
87.0748	1152.03	-26.1372
87.0748	1162.79	-25.7412
87.0748	1173.56	-25.3205
87.0748	1184.33	-24.8726
87.0748	1195.09	-24.3945
87.0748	1205.86	-23.8829
87.0748	1216.63	-23.3338
87.0748	1227.39	-22.7426
87.0748	1238.16	-22.1038
87.0748	1248.93	-21.4119
87.0748	1259.69	-20.6613
87.0748	1270.46	-19.8493
87.0748	1281.23	-18.9837
87.0748	1291.99	-18.11
87.0748	1302.76	-17.4262
87.0748	1313.53	-18.0389
87.0748	1324.29	-25.6199
87.0748	1335.06	21.7058
87.0748	1345.83	30.6643
87.0748	1356.59	24.8022
87.0748	1367.36	-6.66843
89.9773	0	-44.1076
89.9773	10.7666	-7.155
89.9773	21.5332	24.8178
89.9773	32.2998	30.6567
89.9773	43.0664	21.7256
89.9773	53.833	-20.9692
89.9773	64.5996	-19.164
89.9773	75.3662	-18.4686
89.9773	86.1328	-19.1531
89.9773	96.8994	-20.0432
89.9773	107.666	-20.9266
89.9773	118.433	-21.7548
89.9773	129.199	-22.5193
89.9773	139.966	-23.2229
89.9773	150.732	-23.8714
89.9773	161.499	-24.4709
89.9773	172.266	-25.027
89.9773	183.032	-25.5445
89.9773	193.799	-26.0276
89.9773	204.565	-26.4798
89.9773	215.332	-26.9043
89.9773	226.099	-27.3036
89.9773	236.865	-27.6799
89.9773	247.632	-28.0353
89.9773	258.398	-28.3713
89.9773	269.165	-28.6894
89.9773	279.932	-28.991
89.9773	290.698	-29.2771
89.9773	301.465	-29.5488
89.9773	312.231	-29.807
89.9773	322.998	-30.0524
89.9773	333.765	-30.2859
89.9773	344.531	-30.5079
89.9773	355.298	-30.7192
89.9773	366.064	-30.9202
89.9773	376.831	-31.1115
89.9773	387.598	-31.2933
89.9773	398.364	-31.4663
89.9773	409.131	-31.6305
89.9773	419.897	-31.7866
89.9773	430.664	-31.9346
89.9773	441.431	-32.0749
89.9773	452.197	-32.2078
89.9773	462.964	-32.3334
89.9773	473.73	-32.452
89.9773	484.497	-32.5638
89.9773	495.264	-32.6689
89.9773	506.03	-32.7675
89.9773	516.797	-32.8598
89.9773	527.563	-32.9459
89.9773	538.33	-33.0259
89.9773	549.097	-33.0999
89.9773	559.863	-33.168
89.9773	570.63	-33.2304
89.9773	581.396	-33.2871
89.9773	592.163	-33.3382
89.9773	602.93	-33.3837
89.9773	613.696	-33.4237
89.9773	624.463	-33.4584
89.9773	635.229	-33.4876
89.9773	645.996	-33.5114
89.9773	656.763	-33.5299
89.9773	667.529	-33.5431
89.9773	678.296	-33.551
89.9773	689.062	-33.5537
89.9773	699.829	-33.551
89.9773	710.596	-33.5431
89.9773	721.362	-33.5299
89.9773	732.129	-33.5114
89.9773	742.896	-33.4876
89.9773	753.662	-33.4584
89.9773	764.429	-33.4237
89.9773	775.195	-33.3837
89.9773	785.962	-33.3382
89.9773	796.729	-33.2871
89.9773	807.495	-33.2304
89.9773	818.262	-33.168
89.9773	829.028	-33.0999
89.9773	839.795	-33.0259
89.9773	850.562	-32.9459
89.9773	861.328	-32.8598
89.9773	872.095	-32.7675
89.9773	882.861	-32.6689
89.9773	893.628	-32.5638
89.9773	904.395	-32.452
89.9773	915.161	-32.3334
89.9773	925.928	-32.2078
89.9773	936.694	-32.0749
89.9773	947.461	-31.9346
89.9773	958.228	-31.7866
89.9773	968.994	-31.6305
89.9773	979.761	-31.4663
89.9773	990.527	-31.2933
89.9773	1001.29	-31.1115
89.9773	1012.06	-30.9202
89.9773	1022.83	-30.7192
89.9773	1033.59	-30.5079
89.9773	1044.36	-30.2859
89.9773	1055.13	-30.0524
89.9773	1065.89	-29.807
89.9773	1076.66	-29.5488
89.9773	1087.43	-29.2771
89.9773	1098.19	-28.991
89.9773	1108.96	-28.6894
89.9773	1119.73	-28.3713
89.9773	1130.49	-28.0353
89.9773	1141.26	-27.6799
89.9773	1152.03	-27.3036
89.9773	1162.79	-26.9043
89.9773	1173.56	-26.4798
89.9773	1184.33	-26.0276
89.9773	1195.09	-25.5445
89.9773	1205.86	-25.027
89.9773	1216.63	-24.4709
89.9773	1227.39	-23.8714
89.9773	1238.16	-23.2229
89.9773	1248.93	-22.5193
89.9773	1259.69	-21.7548
89.9773	1270.46	-20.9266
89.9773	1281.23	-20.0432
89.9773	1291.99	-19.1531
89.9773	1302.76	-18.4686
89.9773	1313.53	-19.164
89.9773	1324.29	-20.9692
89.9773	1335.06	21.7256
89.9773	1345.83	30.6567
89.9773	1356.59	24.8178
89.9773	1367.36	-7.155

