0	0	19.488
0	10.7666	29.2773
0	21.5332	28.5515
0	32.2998	11.1531
0	43.0664	-11.0074
0	53.833	-21.6442
0	64.5996	-20.1419
0	75.3662	-20.4461
0	86.1328	-21.297
0	96.8994	-22.2612
0	107.666	-23.2096
0	118.433	-24.1023
0	129.199	-24.9293
0	139.966	-25.6918
0	150.732	-26.3945
0	161.499	-27.043
0	172.266	-27.6432
0	183.032	-28.2001
0	193.799	-28.7184
0	204.565	-29.202
0	215.332	-29.6545
0	226.099	-30.0787
0	236.865	-30.4774
0	247.632	-30.8528
0	258.398	-31.2068
0	269.165	-31.5412
0	279.932	-31.8574
0	290.698	-32.1568
0	301.465	-32.4405
0	312.231	-32.7096
0	322.998	-32.9649
0	333.765	-33.2074
0	344.531	-33.4378
0	355.298	-33.6566
0	366.064	-33.8645
0	376.831	-34.0621
0	387.598	-34.2498
0	398.364	-34.4281
0	409.131	-34.5973
0	419.897	-34.7579
0	430.664	-34.9101
0	441.431	-35.0542
0	452.197	-35.1906
0	462.964	-35.3195
0	473.73	-35.4412
0	484.497	-35.5557
0	495.264	-35.6634
0	506.03	-35.7644
0	516.797	-35.8588
0	527.563	-35.9469
0	538.33	-36.0287
0	549.097	-36.1043
0	559.863	-36.174
0	570.63	-36.2377
0	581.396	-36.2956
0	592.163	-36.3478
0	602.93	-36.3943
0	613.696	-36.4351
0	624.463	-36.4704
0	635.229	-36.5002
0	645.996	-36.5246
0	656.763	-36.5434
0	667.529	-36.5569
0	678.296	-36.565
0	689.062	-36.5677
0	699.829	-36.565
0	710.596	-36.5569
0	721.362	-36.5434
0	732.129	-36.5246
0	742.896	-36.5002
0	753.662	-36.4704
0	764.429	-36.4351
0	775.195	-36.3943
0	785.962	-36.3478
0	796.729	-36.2956
0	807.495	-36.2377
0	818.262	-36.174
0	829.028	-36.1043
0	839.795	-36.0287
0	850.562	-35.9469
0	861.328	-35.8588
0	872.095	-35.7644
0	882.861	-35.6634
0	893.628	-35.5557
0	904.395	-35.4412
0	915.161	-35.3195
0	925.928	-35.1906
0	936.694	-35.0542
0	947.461	-34.9101
0	958.228	-34.7579
0	968.994	-34.5973
0	979.761	-34.4281
0	990.527	-34.2498
0	1001.29	-34.0621
0	1012.06	-33.8645
0	1022.83	-33.6566
0	1033.59	-33.4378
0	1044.36	-33.2074
0	1055.13	-32.9649
0	1065.89	-32.7096
0	1076.66	-32.4405
0	1087.43	-32.1568
0	1098.19	-31.8574
0	1108.96	-31.5412
0	1119.73	-31.2068
0	1130.49	-30.8528
0	1141.26	-30.4774
0	1152.03	-30.0787
0	1162.79	-29.6545
0	1173.56	-29.202
0	1184.33	-28.7184
0	1195.09	-28.2001
0	1205.86	-27.6432
0	1216.63	-27.043
0	1227.39	-26.3945
0	1238.16	-25.6918
0	1248.93	-24.9293
0	1259.69	-24.1023
0	1270.46	-23.2096
0	1281.23	-22.2612
0	1291.99	-21.297
0	1302.76	-20.4461
0	1313.53	-20.1419
0	1324.29	-21.6442
0	1335.06	-11.0074
0	1345.83	11.1531
0	1356.59	28.5515
0	1367.36	29.2773
2.90249	0	18.5326
2.90249	10.7666	29.289
2.90249	21.5332	28.579
2.90249	32.2998	10.931
2.90249	43.0664	-11.4941
2.90249	53.833	-13.603
2.90249	64.5996	-13.3103
2.90249	75.3662	-13.9225
2.90249	86.1328	-14.7457
2.90249	96.8994	-15.5878
2.90249	107.666	-16.393
2.90249	118.433	-17.1463
2.90249	129.199	-17.8463
2.90249	139.966	-18.4961
2.90249	150.732	-19.0999
2.90249	161.499	-19.6622
2.90249	172.266	-20.1872
2.90249	183.032	-20.6785
2.90249	193.799	-21.1394
2.90249	204.565	-21.5727
2.90249	215.332	-21.9809
2.90249	226.099	-22.3661
2.90249	236.865	-22.7301
2.90249	247.632	-23.0747
2.90249	258.398	-23.4012
2.90249	269.165	-23.711
2.90249	279.932	-24.0052
2.90249	290.698	-24.2847
2.90249	301.465	-24.5505
2.90249	312.231	-24.8034
2.90249	322.998	-25.0441
2.90249	333.765	-25.2732
2.90249	344.531	-25.4914
2.90249	355.298	-25.6991
2.90249	366.064	-25.8969
2.90249	376.831	-26.0852
2.90249	387.598	-26.2644
2.90249	398.364	-26.4349
2.90249	409.131	-26.5969
2.90249	419.897	-26.7509
2.90249	430.664	-26.897
2.90249	441.431	-27.0356
2.90249	452.197	-27.1669
2.90249	462.964	-27.291
2.90249	473.73	-27.4083
2.90249	484.497	-27.5188
2.90249	495.264	-27.6228
2.90249	506.03	-27.7204
2.90249	516.797	-27.8117
2.90249	527.563	-27.8969
2.90249	538.33	-27.9761
2.90249	549.097	-28.0494
2.90249	559.863	-28.117
2.90249	570.63	-28.1787
2.90249	581.396	-28.2349
2.90249	592.163	-28.2855
2.90249	602.93	-28.3306
2.90249	613.696	-28.3703
2.90249	624.463	-28.4046
2.90249	635.229	-28.4335
2.90249	645.996	-28.4572
2.90249	656.763	-28.4755
2.90249	667.529	-28.4886
2.90249	678.296	-28.4965
2.90249	689.062	-28.499
2.90249	699.829	-28.4965
2.90249	710.596	-28.4886
2.90249	721.362	-28.4755
2.90249	732.129	-28.4572
2.90249	742.896	-28.4335
2.90249	753.662	-28.4046
2.90249	764.429	-28.3703
2.90249	775.195	-28.3306
2.90249	785.962	-28.2855
2.90249	796.729	-28.2349
2.90249	807.495	-28.1787
2.90249	818.262	-28.117
2.90249	829.028	-28.0494
2.90249	839.795	-27.9761
2.90249	850.562	-27.8969
2.90249	861.328	-27.8117
2.90249	872.095	-27.7204
2.90249	882.861	-27.6228
2.90249	893.628	-27.5188
2.90249	904.395	-27.4083
2.90249	915.161	-27.291
2.90249	925.928	-27.1669
2.90249	936.694	-27.0356
2.90249	947.461	-26.897
2.90249	958.228	-26.7509
2.90249	968.994	-26.5969
2.90249	979.761	-26.4349
2.90249	990.527	-26.2644
2.90249	1001.29	-26.0852
2.90249	1012.06	-25.8969
2.90249	1022.83	-25.6991
2.90249	1033.59	-25.4914
2.90249	1044.36	-25.2732
2.90249	1055.13	-25.0441
2.90249	1065.89	-24.8034
2.90249	1076.66	-24.5505
2.90249	1087.43	-24.2847
2.90249	1098.19	-24.0052
2.90249	1108.96	-23.711
2.90249	1119.73	-23.4012
2.90249	1130.49	-23.0747
2.90249	1141.26	-22.7301
2.90249	1152.03	-22.3661
2.90249	1162.79	-21.9809
2.90249	1173.56	-21.5727
2.90249	1184.33	-21.1394
2.90249	1195.09	-20.6785
2.90249	1205.86	-20.1872
2.90249	1216.63	-19.6622
2.90249	1227.39	-19.0999
2.90249	1238.16	-18.4961
2.90249	1248.93	-17.8463
2.90249	1259.69	-17.1463
2.90249	1270.46	-16.393
2.90249	1281.23	-15.5878
2.90249	1291.99	-14.7457
2.90249	1302.76	-13.9225
2.90249	1313.53	-13.3103
2.90249	1324.29	-13.603
2.90249	1335.06	-11.4941
2.90249	1345.83	10.931
2.90249	1356.59	28.579
2.90249	1367.36	29.289
5.80499	0	16.4919
5.80499	10.7666	29.3067
5.80499	21.5332	28.6206
5.80499	32.2998	10.5693
5.80499	43.0664	-12.3595
5.80499	53.833	-10.0153
5.80499	64.5996	-9.87111
5.80499	75.3662	-10.5292
5.80499	86.1328	-11.3482
5.80499	96.8994	-12.1717
5.80499	107.666	-12.9559
5.80499	118.433	-13.6896
5.80499	129.199	-14.3723
5.80499	139.966	-15.0072
5.80499	150.732	-15.5983
5.80499	161.499	-16.1498
5.80499	172.266	-16.6656
5.80499	183.032	-17.149
5.80499	193.799	-17.6031
5.80499	204.565	-18.0305
5.80499	215.332	-18.4335
5.80499	226.099	-18.8142
5.80499	236.865	-19.1744
5.80499	247.632	-19.5155
5.80499	258.398	-19.8389
5.80499	269.165	-20.146
5.80499	279.932	-20.4377
5.80499	290.698	-20.7151
5.80499	301.465	-20.9789
5.80499	312.231	-21.23
5.80499	322.998	-21.4691
5.80499	333.765	-21.6968
5.80499	344.531	-21.9137
5.80499	355.298	-22.1202
5.80499	366.064	-22.3169
5.80499	376.831	-22.5043
5.80499	387.598	-22.6825
5.80499	398.364	-22.8522
5.80499	409.131	-23.0135
5.80499	419.897	-23.1667
5.80499	430.664	-23.3122
5.80499	441.431	-23.4502
5.80499	452.197	-23.581
5.80499	462.964	-23.7046
5.80499	473.73	-23.8214
5.80499	484.497	-23.9315
5.80499	495.264	-24.0351
5.80499	506.03	-24.1324
5.80499	516.797	-24.2234
5.80499	527.563	-24.3083
5.80499	538.33	-24.3872
5.80499	549.097	-24.4603
5.80499	559.863	-24.5276
5.80499	570.63	-24.5891
5.80499	581.396	-24.6451
5.80499	592.163	-24.6956
5.80499	602.93	-24.7405
5.80499	613.696	-24.7801
5.80499	624.463	-24.8143
5.80499	635.229	-24.8431
5.80499	645.996	-24.8667
5.80499	656.763	-24.885
5.80499	667.529	-24.898
5.80499	678.296	-24.9059
5.80499	689.062	-24.9085
5.80499	699.829	-24.9059
5.80499	710.596	-24.898
5.80499	721.362	-24.885
5.80499	732.129	-24.8667
5.80499	742.896	-24.8431
5.80499	753.662	-24.8143
5.80499	764.429	-24.7801
5.80499	775.195	-24.7405
5.80499	785.962	-24.6956
5.80499	796.729	-24.6451
5.80499	807.495	-24.5891
5.80499	818.262	-24.5276
5.80499	829.028	-24.4603
5.80499	839.795	-24.3872
5.80499	850.562	-24.3083
5.80499	861.328	-24.2234
5.80499	872.095	-24.1324
5.80499	882.861	-24.0351
5.80499	893.628	-23.9315
5.80499	904.395	-23.8214
5.80499	915.161	-23.7046
5.80499	925.928	-23.581
5.80499	936.694	-23.4502
5.80499	947.461	-23.3122
5.80499	958.228	-23.1667
5.80499	968.994	-23.0135
5.80499	979.761	-22.8522
5.80499	990.527	-22.6825
5.80499	1001.29	-22.5043
5.80499	1012.06	-22.3169
5.80499	1022.83	-22.1202
5.80499	1033.59	-21.9137
5.80499	1044.36	-21.6968
5.80499	1055.13	-21.4691
5.80499	1065.89	-21.23
5.80499	1076.66	-20.9789
5.80499	1087.43	-20.7151
5.80499	1098.19	-20.4377
5.80499	1108.96	-20.146
5.80499	1119.73	-19.8389
5.80499	1130.49	-19.5155
5.80499	1141.26	-19.1744
5.80499	1152.03	-18.8142
5.80499	1162.79	-18.4335
5.80499	1173.56	-18.0305
5.80499	1184.33	-17.6031
5.80499	1195.09	-17.149
5.80499	1205.86	-16.6656
5.80499	1216.63	-16.1498
5.80499	1227.39	-15.5983
5.80499	1238.16	-15.0072
5.80499	1248.93	-14.3723
5.80499	1259.69	-13.6896
5.80499	1270.46	-12.9559
5.80499	1281.23	-12.1717
5.80499	1291.99	-11.3482
5.80499	1302.76	-10.5292
5.80499	1313.53	-9.87111
5.80499	1324.29	-10.0153
5.80499	1335.06	-12.3595
5.80499	1345.83	10.5693
5.80499	1356.59	28.6206
5.80499	1367.36	29.3067
8.70748	0	12.6436
8.70748	10.7666	29.3241
8.70748	21.5332	28.6609
8.70748	32.2998	10.1829
8.70748	43.0664	-13.4168
8.70748	53.833	-8.10925
8.70748	64.5996	-8.00711
8.70748	75.3662	-8.6786
8.70748	86.1328	-9.49627
8.70748	96.8994	-10.3144
8.70748	107.666	-11.0925
8.70748	118.433	-11.8206
8.70748	129.199	-12.4983
8.70748	139.966	-13.1289
8.70748	150.732	-13.7164
8.70748	161.499	-14.2649
8.70748	172.266	-14.778
8.70748	183.032	-15.2592
8.70748	193.799	-15.7114
8.70748	204.565	-16.1371
8.70748	215.332	-16.5388
8.70748	226.099	-16.9182
8.70748	236.865	-17.2772
8.70748	247.632	-17.6174
8.70748	258.398	-17.94
8.70748	269.165	-18.2463
8.70748	279.932	-18.5373
8.70748	290.698	-18.8141
8.70748	301.465	-19.0774
8.70748	312.231	-19.328
8.70748	322.998	-19.5667
8.70748	333.765	-19.794
8.70748	344.531	-20.0105
8.70748	355.298	-20.2167
8.70748	366.064	-20.4131
8.70748	376.831	-20.6001
8.70748	387.598	-20.7782
8.70748	398.364	-20.9476
8.70748	409.131	-21.1087
8.70748	419.897	-21.2617
8.70748	430.664	-21.407
8.70748	441.431	-21.5449
8.70748	452.197	-21.6755
8.70748	462.964	-21.799
8.70748	473.73	-21.9157
8.70748	484.497	-22.0257
8.70748	495.264	-22.1292
8.70748	506.03	-22.2263
8.70748	516.797	-22.3172
8.70748	527.563	-22.402
8.70748	538.33	-22.4809
8.70748	549.097	-22.5539
8.70748	559.863	-22.6211
8.70748	570.63	-22.6826
8.70748	581.396	-22.7386
8.70748	592.163	-22.789
8.70748	602.93	-22.8339
8.70748	613.696	-22.8734
8.70748	624.463	-22.9076
8.70748	635.229	-22.9364
8.70748	645.996	-22.9599
8.70748	656.763	-22.9782
8.70748	667.529	-22.9912
8.70748	678.296	-22.9991
8.70748	689.062	-23.0017
8.70748	699.829	-22.9991
8.70748	710.596	-22.9912
8.70748	721.362	-22.9782
8.70748	732.129	-22.9599
8.70748	742.896	-22.9364
8.70748	753.662	-22.9076
8.70748	764.429	-22.8734
8.70748	775.195	-22.8339
8.70748	785.962	-22.789
8.70748	796.729	-22.7386
8.70748	807.495	-22.6826
8.70748	818.262	-22.6211
8.70748	829.028	-22.5539
8.70748	839.795	-22.4809
8.70748	850.562	-22.402
8.70748	861.328	-22.3172
8.70748	872.095	-22.2263
8.70748	882.861	-22.1292
8.70748	893.628	-22.0257
8.70748	904.395	-21.9157
8.70748	915.161	-21.799
8.70748	925.928	-21.6755
8.70748	936.694	-21.5449
8.70748	947.461	-21.407
8.70748	958.228	-21.2617
8.70748	968.994	-21.1087
8.70748	979.761	-20.9476
8.70748	990.527	-20.7782
8.70748	1001.29	-20.6001
8.70748	1012.06	-20.4131
8.70748	1022.83	-20.2167
8.70748	1033.59	-20.0105
8.70748	1044.36	-19.794
8.70748	1055.13	-19.5667
8.70748	1065.89	-19.328
8.70748	1076.66	-19.0774
8.70748	1087.43	-18.8141
8.70748	1098.19	-18.5373
8.70748	1108.96	-18.2463
8.70748	1119.73	-17.94
8.70748	1130.49	-17.6174
8.70748	1141.26	-17.2772
8.70748	1152.03	-16.9182
8.70748	1162.79	-16.5388
8.70748	1173.56	-16.1371
8.70748	1184.33	-15.7114
8.70748	1195.09	-15.2592
8.70748	1205.86	-14.778
8.70748	1216.63	-14.2649
8.70748	1227.39	-13.7164
8.70748	1238.16	-13.1289
8.70748	1248.93	-12.4983
8.70748	1259.69	-11.8206
8.70748	1270.46	-11.0925
8.70748	1281.23	-10.3144
8.70748	1291.99	-9.49627
8.70748	1302.76	-8.6786
8.70748	1313.53	-8.00711
8.70748	1324.29	-8.10925
8.70748	1335.06	-13.4168
8.70748	1345.83	10.1829
8.70748	1356.59	28.6609
8.70748	1367.36	29.3241
11.61	0	3.51081
11.61	10.7666	29.3347
11.61	21.5332	28.6855
11.61	32.2998	9.92671
11.61	43.0664	-14.2246
11.61	53.833	-7.25012
11.61	64.5996	-7.16176
11.61	75.3662	-7.83767
11.61	86.1328	-8.65493
11.61	96.8994	-9.47128
11.61	107.666	-10.2474
11.61	118.433	-10.9736
11.61	129.199	-11.6497
11.61	139.966	-12.2789
11.61	150.732	-12.8652
11.61	161.499	-13.4126
11.61	172.266	-13.9249
11.61	183.032	-14.4054
11.61	193.799	-14.8569
11.61	204.565	-15.2822
11.61	215.332	-15.6833
11.61	226.099	-16.0623
11.61	236.865	-16.421
11.61	247.632	-16.7608
11.61	258.398	-17.0832
11.61	269.165	-17.3892
11.61	279.932	-17.6801
11.61	290.698	-17.9566
11.61	301.465	-18.2197
11.61	312.231	-18.4702
11.61	322.998	-18.7087
11.61	333.765	-18.9359
11.61	344.531	-19.1522
11.61	355.298	-19.3584
11.61	366.064	-19.5547
11.61	376.831	-19.7416
11.61	387.598	-19.9196
11.61	398.364	-20.0889
11.61	409.131	-20.2499
11.61	419.897	-20.4029
11.61	430.664	-20.5482
11.61	441.431	-20.686
11.61	452.197	-20.8165
11.61	462.964	-20.94
11.61	473.73	-21.0566
11.61	484.497	-21.1666
11.61	495.264	-21.27
11.61	506.03	-21.3671
11.61	516.797	-21.458
11.61	527.563	-21.5428
11.61	538.33	-21.6217
11.61	549.097	-21.6946
11.61	559.863	-21.7618
11.61	570.63	-21.8233
11.61	581.396	-21.8793
11.61	592.163	-21.9296
11.61	602.93	-21.9746
11.61	613.696	-22.0141
11.61	624.463	-22.0482
11.61	635.229	-22.077
11.61	645.996	-22.1006
11.61	656.763	-22.1188
11.61	667.529	-22.1319
11.61	678.296	-22.1397
11.61	689.062	-22.1423
11.61	699.829	-22.1397
11.61	710.596	-22.1319
11.61	721.362	-22.1188
11.61	732.129	-22.1006
11.61	742.896	-22.077
11.61	753.662	-22.0482
11.61	764.429	-22.0141
11.61	775.195	-21.9746
11.61	785.962	-21.9296
11.61	796.729	-21.8793
11.61	807.495	-21.8233
11.61	818.262	-21.7618
11.61	829.028	-21.6946
11.61	839.795	-21.6217
11.61	850.562	-21.5428
11.61	861.328	-21.458
11.61	872.095	-21.3671
11.61	882.861	-21.27
11.61	893.628	-21.1666
11.61	904.395	-21.0566
11.61	915.161	-20.94
11.61	925.928	-20.8165
11.61	936.694	-20.686
11.61	947.461	-20.5482
11.61	958.228	-20.4029
11.61	968.994	-20.2499
11.61	979.761	-20.0889
11.61	990.527	-19.9196
11.61	1001.29	-19.7416
11.61	1012.06	-19.5547
11.61	1022.83	-19.3584
11.61	1033.59	-19.1522
11.61	1044.36	-18.9359
11.61	1055.13	-18.7087
11.61	1065.89	-18.4702
11.61	1076.66	-18.2197
11.61	1087.43	-17.9566
11.61	1098.19	-17.6801
11.61	1108.96	-17.3892
11.61	1119.73	-17.0832
11.61	1130.49	-16.7608
11.61	1141.26	-16.421
11.61	1152.03	-16.0623
11.61	1162.79	-15.6833
11.61	1173.56	-15.2822
11.61	1184.33	-14.8569
11.61	1195.09	-14.4054
11.61	1205.86	-13.9249
11.61	1216.63	-13.4126
11.61	1227.39	-12.8652
11.61	1238.16	-12.2789
11.61	1248.93	-11.6497
11.61	1259.69	-10.9736
11.61	1270.46	-10.2474
11.61	1281.23	-9.47128
11.61	1291.99	-8.65493
11.61	1302.76	-7.83767
11.61	1313.53	-7.16176
11.61	1324.29	-7.25012
11.61	1335.06	-14.2246
11.61	1345.83	9.92671
11.61	1356.59	28.6855
11.61	1367.36	29.3347
14.5125	0	3.10991
14.5125	10.7666	29.3349
14.5125	21.5332	28.6858
14.5125	32.2998	9.92347
14.5125	43.0664	-14.2355
14.5125	53.833	-7.24057
14.5125	64.5996	-7.15235
14.5125	75.3662	-7.8283
14.5125	86.1328	-8.64555
14.5125	96.8994	-9.46189
14.5125	107.666	-10.238
14.5125	118.433	-10.9641
14.5125	129.199	-11.6402
14.5125	139.966	-12.2694
14.5125	150.732	-12.8557
14.5125	161.499	-13.4032
14.5125	172.266	-13.9154
14.5125	183.032	-14.3959
14.5125	193.799	-14.8474
14.5125	204.565	-15.2726
14.5125	215.332	-15.6738
14.5125	226.099	-16.0528
14.5125	236.865	-16.4115
14.5125	247.632	-16.7513
14.5125	258.398	-17.0737
14.5125	269.165	-17.3797
14.5125	279.932	-17.6705
14.5125	290.698	-17.9471
14.5125	301.465	-18.2102
14.5125	312.231	-18.4607
14.5125	322.998	-18.6992
14.5125	333.765	-18.9263
14.5125	344.531	-19.1427
14.5125	355.298	-19.3488
14.5125	366.064	-19.5451
14.5125	376.831	-19.7321
14.5125	387.598	-19.91
14.5125	398.364	-20.0794
14.5125	409.131	-20.2404
14.5125	419.897	-20.3934
14.5125	430.664	-20.5386
14.5125	441.431	-20.6764
14.5125	452.197	-20.807
14.5125	462.964	-20.9304
14.5125	473.73	-21.0471
14.5125	484.497	-21.157
14.5125	495.264	-21.2605
14.5125	506.03	-21.3576
14.5125	516.797	-21.4485
14.5125	527.563	-21.5333
14.5125	538.33	-21.6121
14.5125	549.097	-21.6851
14.5125	559.863	-21.7523
14.5125	570.63	-21.8138
14.5125	581.396	-21.8697
14.5125	592.163	-21.9201
14.5125	602.93	-21.965
14.5125	613.696	-22.0045
14.5125	624.463	-22.0387
14.5125	635.229	-22.0675
14.5125	645.996	-22.091
14.5125	656.763	-22.1093
14.5125	667.529	-22.1223
14.5125	678.296	-22.1301
14.5125	689.062	-22.1327
14.5125	699.829	-22.1301
14.5125	710.596	-22.1223
14.5125	721.362	-22.1093
14.5125	732.129	-22.091
14.5125	742.896	-22.0675
14.5125	753.662	-22.0387
14.5125	764.429	-22.0045
14.5125	775.195	-21.965
14.5125	785.962	-21.9201
14.5125	796.729	-21.8697
14.5125	807.495	-21.8138
14.5125	818.262	-21.7523
14.5125	829.028	-21.6851
14.5125	839.795	-21.6121
14.5125	850.562	-21.5333
14.5125	861.328	-21.4485
14.5125	872.095	-21.3576
14.5125	882.861	-21.2605
14.5125	893.628	-21.157
14.5125	904.395	-21.0471
14.5125	915.161	-20.9304
14.5125	925.928	-20.807
14.5125	936.694	-20.6764
14.5125	947.461	-20.5386
14.5125	958.228	-20.3934
14.5125	968.994	-20.2404
14.5125	979.761	-20.0794
14.5125	990.527	-19.91
14.5125	1001.29	-19.7321
14.5125	1012.06	-19.5451
14.5125	1022.83	-19.3488
14.5125	1033.59	-19.1427
14.5125	1044.36	-18.9263
14.5125	1055.13	-18.6992
14.5125	1065.89	-18.4607
14.5125	1076.66	-18.2102
14.5125	1087.43	-17.9471
14.5125	1098.19	-17.6705
14.5125	1108.96	-17.3797
14.5125	1119.73	-17.0737
14.5125	1130.49	-16.7513
14.5125	1141.26	-16.4115
14.5125	1152.03	-16.0528
14.5125	1162.79	-15.6738
14.5125	1173.56	-15.2726
14.5125	1184.33	-14.8474
14.5125	1195.09	-14.3959
14.5125	1205.86	-13.9154
14.5125	1216.63	-13.4032
14.5125	1227.39	-12.8557
14.5125	1238.16	-12.2694
14.5125	1248.93	-11.6402
14.5125	1259.69	-10.9641
14.5125	1270.46	-10.238
14.5125	1281.23	-9.46189
14.5125	1291.99	-8.64555
14.5125	1302.76	-7.8283
14.5125	1313.53	-7.15235
14.5125	1324.29	-7.24057
14.5125	1335.06	-14.2355
14.5125	1345.83	9.92347
14.5125	1356.59	28.6858
14.5125	1367.36	29.3349
17.415	0	12.5185
17.415	10.7666	29.3244
17.415	21.5332	28.6617
17.415	32.2998	10.1749
17.415	43.0664	-13.4407
17.415	53.833	-8.07864
17.415	64.5996	-7.97704
17.415	75.3662	-8.64871
17.415	86.1328	-9.46636
17.415	96.8994	-10.2844
17.415	107.666	-11.0625
17.415	118.433	-11.7904
17.415	129.199	-12.4681
17.415	139.966	-13.0987
17.415	150.732	-13.6861
17.415	161.499	-14.2345
17.415	172.266	-14.7477
17.415	183.032	-15.2288
17.415	193.799	-15.681
17.415	204.565	-16.1067
17.415	215.332	-16.5083
17.415	226.099	-16.8877
17.415	236.865	-17.2467
17.415	247.632	-17.5869
17.415	258.398	-17.9095
17.415	269.165	-18.2158
17.415	279.932	-18.5068
17.415	290.698	-18.7835
17.415	301.465	-19.0468
17.415	312.231	-19.2975
17.415	322.998	-19.5361
17.415	333.765	-19.7634
17.415	344.531	-19.9799
17.415	355.298	-20.1861
17.415	366.064	-20.3825
17.415	376.831	-20.5695
17.415	387.598	-20.7476
17.415	398.364	-20.917
17.415	409.131	-21.0781
17.415	419.897	-21.2311
17.415	430.664	-21.3765
17.415	441.431	-21.5143
17.415	452.197	-21.6449
17.415	462.964	-21.7684
17.415	473.73	-21.8851
17.415	484.497	-21.9951
17.415	495.264	-22.0985
17.415	506.03	-22.1957
17.415	516.797	-22.2866
17.415	527.563	-22.3714
17.415	538.33	-22.4503
17.415	549.097	-22.5233
17.415	559.863	-22.5905
17.415	570.63	-22.652
17.415	581.396	-22.708
17.415	592.163	-22.7583
17.415	602.93	-22.8033
17.415	613.696	-22.8428
17.415	624.463	-22.8769
17.415	635.229	-22.9058
17.415	645.996	-22.9293
17.415	656.763	-22.9476
17.415	667.529	-22.9606
17.415	678.296	-22.9684
17.415	689.062	-22.971
17.415	699.829	-22.9684
17.415	710.596	-22.9606
17.415	721.362	-22.9476
17.415	732.129	-22.9293
17.415	742.896	-22.9058
17.415	753.662	-22.8769
17.415	764.429	-22.8428
17.415	775.195	-22.8033
17.415	785.962	-22.7583
17.415	796.729	-22.708
17.415	807.495	-22.652
17.415	818.262	-22.5905
17.415	829.028	-22.5233
17.415	839.795	-22.4503
17.415	850.562	-22.3714
17.415	861.328	-22.2866
17.415	872.095	-22.1957
17.415	882.861	-22.0985
17.415	893.628	-21.9951
17.415	904.395	-21.8851
17.415	915.161	-21.7684
17.415	925.928	-21.6449
17.415	936.694	-21.5143
17.415	947.461	-21.3765
17.415	958.228	-21.2311
17.415	968.994	-21.0781
17.415	979.761	-20.917
17.415	990.527	-20.7476
17.415	1001.29	-20.5695
17.415	1012.06	-20.3825
17.415	1022.83	-20.1861
17.415	1033.59	-19.9799
17.415	1044.36	-19.7634
17.415	1055.13	-19.5361
17.415	1065.89	-19.2975
17.415	1076.66	-19.0468
17.415	1087.43	-18.7835
17.415	1098.19	-18.5068
17.415	1108.96	-18.2158
17.415	1119.73	-17.9095
17.415	1130.49	-17.5869
17.415	1141.26	-17.2467
17.415	1152.03	-16.8877
17.415	1162.79	-16.5083
17.415	1173.56	-16.1067
17.415	1184.33	-15.681
17.415	1195.09	-15.2288
17.415	1205.86	-14.7477
17.415	1216.63	-14.2345
17.415	1227.39	-13.6861
17.415	1238.16	-13.0987
17.415	1248.93	-12.4681
17.415	1259.69	-11.7904
17.415	1270.46	-11.0625
17.415	1281.23	-10.2844
17.415	1291.99	-9.46636
17.415	1302.76	-8.64871
17.415	1313.53	-7.97704
17.415	1324.29	-8.07864
17.415	1335.06	-13.4407
17.415	1345.83	10.1749
17.415	1356.59	28.6617
17.415	1367.36	29.3244
20.3175	0	16.4276
20.3175	10.7666	29.3072
20.3175	21.5332	28.6216
20.3175	32.2998	10.56
20.3175	43.0664	-12.383
20.3175	53.833	-9.95578
20.3175	64.5996	-9.81324
20.3175	75.3662	-10.4719
20.3175	86.1328	-11.2908
20.3175	96.8994	-12.1141
20.3175	107.666	-12.8981
20.3175	118.433	-13.6316
20.3175	129.199	-14.3141
20.3175	139.966	-14.9488
20.3175	150.732	-15.5398
20.3175	161.499	-16.0912
20.3175	172.266	-16.6068
20.3175	183.032	-17.0901
20.3175	193.799	-17.5441
20.3175	204.565	-17.9715
20.3175	215.332	-18.3745
20.3175	226.099	-18.7551
20.3175	236.865	-19.1152
20.3175	247.632	-19.4563
20.3175	258.398	-19.7797
20.3175	269.165	-20.0868
20.3175	279.932	-20.3785
20.3175	290.698	-20.6558
20.3175	301.465	-20.9196
20.3175	312.231	-21.1707
20.3175	322.998	-21.4098
20.3175	333.765	-21.6375
20.3175	344.531	-21.8543
20.3175	355.298	-22.0609
20.3175	366.064	-22.2576
20.3175	376.831	-22.4449
20.3175	387.598	-22.6231
20.3175	398.364	-22.7928
20.3175	409.131	-22.954
20.3175	419.897	-23.1073
20.3175	430.664	-23.2528
20.3175	441.431	-23.3908
20.3175	452.197	-23.5215
20.3175	462.964	-23.6452
20.3175	473.73	-23.762
20.3175	484.497	-23.8721
20.3175	495.264	-23.9757
20.3175	506.03	-24.0729
20.3175	516.797	-24.1639
20.3175	527.563	-24.2488
20.3175	538.33	-24.3277
20.3175	549.097	-24.4008
20.3175	559.863	-24.4681
20.3175	570.63	-24.5297
20.3175	581.396	-24.5856
20.3175	592.163	-24.6361
20.3175	602.93	-24.681
20.3175	613.696	-24.7206
20.3175	624.463	-24.7548
20.3175	635.229	-24.7836
20.3175	645.996	-24.8072
20.3175	656.763	-24.8255
20.3175	667.529	-24.8385
20.3175	678.296	-24.8464
20.3175	689.062	-24.849
20.3175	699.829	-24.8464
20.3175	710.596	-24.8385
20.3175	721.362	-24.8255
20.3175	732.129	-24.8072
20.3175	742.896	-24.7836
20.3175	753.662	-24.7548
20.3175	764.429	-24.7206
20.3175	775.195	-24.681
20.3175	785.962	-24.6361
20.3175	796.729	-24.5856
20.3175	807.495	-24.5297
20.3175	818.262	-24.4681
20.3175	829.028	-24.4008
20.3175	839.795	-24.3277
20.3175	850.562	-24.2488
20.3175	861.328	-24.1639
20.3175	872.095	-24.0729
20.3175	882.861	-23.9757
20.3175	893.628	-23.8721
20.3175	904.395	-23.762
20.3175	915.161	-23.6452
20.3175	925.928	-23.5215
20.3175	936.694	-23.3908
20.3175	947.461	-23.2528
20.3175	958.228	-23.1073
20.3175	968.994	-22.954
20.3175	979.761	-22.7928
20.3175	990.527	-22.6231
20.3175	1001.29	-22.4449
20.3175	1012.06	-22.2576
20.3175	1022.83	-22.0609
20.3175	1033.59	-21.8543
20.3175	1044.36	-21.6375
20.3175	1055.13	-21.4098
20.3175	1065.89	-21.1707
20.3175	1076.66	-20.9196
20.3175	1087.43	-20.6558
20.3175	1098.19	-20.3785
20.3175	1108.96	-20.0868
20.3175	1119.73	-19.7797
20.3175	1130.49	-19.4563
20.3175	1141.26	-19.1152
20.3175	1152.03	-18.7551
20.3175	1162.79	-18.3745
20.3175	1173.56	-17.9715
20.3175	1184.33	-17.5441
20.3175	1195.09	-17.0901
20.3175	1205.86	-16.6068
20.3175	1216.63	-16.0912
20.3175	1227.39	-15.5398
20.3175	1238.16	-14.9488
20.3175	1248.93	-14.3141
20.3175	1259.69	-13.6316
20.3175	1270.46	-12.8981
20.3175	1281.23	-12.1141
20.3175	1291.99	-11.2908
20.3175	1302.76	-10.4719
20.3175	1313.53	-9.81324
20.3175	1324.29	-9.95578
20.3175	1335.06	-12.383
20.3175	1345.83	10.56
20.3175	1356.59	28.6216
20.3175	1367.36	29.3072
23.22	0	18.4989
23.22	10.7666	29.2893
23.22	21.5332	28.5799
23.22	32.2998	10.9239
23.22	43.0664	-11.5103
23.22	53.833	-13.4895
23.22	64.5996	-13.2035
23.22	75.3662	-13.8177
23.22	86.1328	-14.6407
23.22	96.8994	-15.482
23.22	107.666	-16.2863
23.22	118.433	-17.0387
23.22	129.199	-17.738
23.22	139.966	-18.3871
23.22	150.732	-18.9903
23.22	161.499	-19.5522
23.22	172.266	-20.0767
23.22	183.032	-20.5677
23.22	193.799	-21.0283
23.22	204.565	-21.4613
23.22	215.332	-21.8693
23.22	226.099	-22.2542
23.22	236.865	-22.6181
23.22	247.632	-22.9625
23.22	258.398	-23.2889
23.22	269.165	-23.5986
23.22	279.932	-23.8926
23.22	290.698	-24.172
23.22	301.465	-24.4377
23.22	312.231	-24.6906
23.22	322.998	-24.9312
23.22	333.765	-25.1602
23.22	344.531	-25.3783
23.22	355.298	-25.586
23.22	366.064	-25.7838
23.22	376.831	-25.972
23.22	387.598	-26.1512
23.22	398.364	-26.3216
23.22	409.131	-26.4836
23.22	419.897	-26.6375
23.22	430.664	-26.7836
23.22	441.431	-26.9222
23.22	452.197	-27.0534
23.22	462.964	-27.1776
23.22	473.73	-27.2948
23.22	484.497	-27.4053
23.22	495.264	-27.5093
23.22	506.03	-27.6069
23.22	516.797	-27.6982
23.22	527.563	-27.7834
23.22	538.33	-27.8626
23.22	549.097	-27.9359
23.22	559.863	-28.0034
23.22	570.63	-28.0652
23.22	581.396	-28.1213
23.22	592.163	-28.1719
23.22	602.93	-28.217
23.22	613.696	-28.2567
23.22	624.463	-28.291
23.22	635.229	-28.3199
23.22	645.996	-28.3435
23.22	656.763	-28.3619
23.22	667.529	-28.375
23.22	678.296	-28.3828
23.22	689.062	-28.3854
23.22	699.829	-28.3828
23.22	710.596	-28.375
23.22	721.362	-28.3619
23.22	732.129	-28.3435
23.22	742.896	-28.3199
23.22	753.662	-28.291
23.22	764.429	-28.2567
23.22	775.195	-28.217
23.22	785.962	-28.1719
23.22	796.729	-28.1213
23.22	807.495	-28.0652
23.22	818.262	-28.0034
23.22	829.028	-27.9359
23.22	839.795	-27.8626
23.22	850.562	-27.7834
23.22	861.328	-27.6982
23.22	872.095	-27.6069
23.22	882.861	-27.5093
23.22	893.628	-27.4053
23.22	904.395	-27.2948
23.22	915.161	-27.1776
23.22	925.928	-27.0534
23.22	936.694	-26.9222
23.22	947.461	-26.7836
23.22	958.228	-26.6375
23.22	968.994	-26.4836
23.22	979.761	-26.3216
23.22	990.527	-26.1512
23.22	1001.29	-25.972
23.22	1012.06	-25.7838
23.22	1022.83	-25.586
23.22	1033.59	-25.3783
23.22	1044.36	-25.1602
23.22	1055.13	-24.9312
23.22	1065.89	-24.6906
23.22	1076.66	-24.4377
23.22	1087.43	-24.172
23.22	1098.19	-23.8926
23.22	1108.96	-23.5986
23.22	1119.73	-23.2889
23.22	1130.49	-22.9625
23.22	1141.26	-22.6181
23.22	1152.03	-22.2542
23.22	1162.79	-21.8693
23.22	1173.56	-21.4613
23.22	1184.33	-21.0283
23.22	1195.09	-20.5677
23.22	1205.86	-20.0767
23.22	1216.63	-19.5522
23.22	1227.39	-18.9903
23.22	1238.16	-18.3871
23.22	1248.93	-17.738
23.22	1259.69	-17.0387
23.22	1270.46	-16.2863
23.22	1281.23	-15.482
23.22	1291.99	-14.6407
23.22	1302.76	-13.8177
23.22	1313.53	-13.2035
23.22	1324.29	-13.4895
23.22	1335.06	-11.5103
23.22	1345.83	10.9239
23.22	1356.59	28.5799
23.22	1367.36	29.2893
26.1224	0	19.476
26.1224	10.7666	29.2774
26.1224	21.5332	28.5519
26.1224	32.2998	11.1501
26.1224	43.0664	-11.0139
26.1224	53.833	-21.3288
26.1224	64.5996	-19.9151
26.1224	75.3662	-20.2384
26.1224	86.1328	-21.0876
26.1224	96.8994	-22.0444
26.1224	107.666	-22.9838
26.1224	118.433	-23.8674
26.1224	129.199	-24.6859
26.1224	139.966	-25.4407
26.1224	150.732	-26.1364
26.1224	161.499	-26.7788
26.1224	172.266	-27.3735
26.1224	183.032	-27.9255
26.1224	193.799	-28.4395
26.1224	204.565	-28.9193
26.1224	215.332	-29.3684
26.1224	226.099	-29.7896
26.1224	236.865	-30.1857
26.1224	247.632	-30.5586
26.1224	258.398	-30.9105
26.1224	269.165	-31.2429
26.1224	279.932	-31.5573
26.1224	290.698	-31.8551
26.1224	301.465	-32.1374
26.1224	312.231	-32.4052
26.1224	322.998	-32.6593
26.1224	333.765	-32.9007
26.1224	344.531	-33.1301
26.1224	355.298	-33.348
26.1224	366.064	-33.5551
26.1224	376.831	-33.7519
26.1224	387.598	-33.939
26.1224	398.364	-34.1166
26.1224	409.131	-34.2852
26.1224	419.897	-34.4452
26.1224	430.664	-34.5969
26.1224	441.431	-34.7406
26.1224	452.197	-34.8766
26.1224	462.964	-35.0051
26.1224	473.73	-35.1264
26.1224	484.497	-35.2406
26.1224	495.264	-35.348
26.1224	506.03	-35.4487
26.1224	516.797	-35.5428
26.1224	527.563	-35.6307
26.1224	538.33	-35.7123
26.1224	549.097	-35.7877
26.1224	559.863	-35.8572
26.1224	570.63	-35.9208
26.1224	581.396	-35.9785
26.1224	592.163	-36.0305
26.1224	602.93	-36.0769
26.1224	613.696	-36.1177
26.1224	624.463	-36.1529
26.1224	635.229	-36.1826
26.1224	645.996	-36.2069
26.1224	656.763	-36.2257
26.1224	667.529	-36.2392
26.1224	678.296	-36.2472
26.1224	689.062	-36.2499
26.1224	699.829	-36.2472
26.1224	710.596	-36.2392
26.1224	721.362	-36.2257
26.1224	732.129	-36.2069
26.1224	742.896	-36.1826
26.1224	753.662	-36.1529
26.1224	764.429	-36.1177
26.1224	775.195	-36.0769
26.1224	785.962	-36.0305
26.1224	796.729	-35.9785
26.1224	807.495	-35.9208
26.1224	818.262	-35.8572
26.1224	829.028	-35.7877
26.1224	839.795	-35.7123
26.1224	850.562	-35.6307
26.1224	861.328	-35.5428
26.1224	872.095	-35.4487
26.1224	882.861	-35.348
26.1224	893.628	-35.2406
26.1224	904.395	-35.1264
26.1224	915.161	-35.0051
26.1224	925.928	-34.8766
26.1224	936.694	-34.7406
26.1224	947.461	-34.5969
26.1224	958.228	-34.4452
26.1224	968.994	-34.2852
26.1224	979.761	-34.1166
26.1224	990.527	-33.939
26.1224	1001.29	-33.7519
26.1224	1012.06	-33.5551
26.1224	1022.83	-33.348
26.1224	1033.59	-33.1301
26.1224	1044.36	-32.9007
26.1224	1055.13	-32.6593
26.1224	1065.89	-32.4052
26.1224	1076.66	-32.1374
26.1224	1087.43	-31.8551
26.1224	1098.19	-31.5573
26.1224	1108.96	-31.2429
26.1224	1119.73	-30.9105
26.1224	1130.49	-30.5586
26.1224	1141.26	-30.1857
26.1224	1152.03	-29.7896
26.1224	1162.79	-29.3684
26.1224	1173.56	-28.9193
26.1224	1184.33	-28.4395
26.1224	1195.09	-27.9255
26.1224	1205.86	-27.3735
26.1224	1216.63	-26.7788
26.1224	1227.39	-26.1364
26.1224	1238.16	-25.4407
26.1224	1248.93	-24.6859
26.1224	1259.69	-23.8674
26.1224	1270.46	-22.9838
26.1224	1281.23	-22.0444
26.1224	1291.99	-21.0876
26.1224	1302.76	-20.2384
26.1224	1313.53	-19.9151
26.1224	1324.29	-21.3288
26.1224	1335.06	-11.0139
26.1224	1345.83	11.1501
26.1224	1356.59	28.5519
26.1224	1367.36	29.2774
29.0249	0	19.5907
29.0249	10.7666	29.2758
29.0249	21.5332	28.5482
29.0249	32.2998	11.1792
29.0249	43.0664	-10.952
29.0249	53.833	-26.2075
29.0249	64.5996	-22.8404
29.0249	75.3662	-22.833
29.0249	86.1328	-23.71
29.0249	96.8994	-24.7941
29.0249	107.666	-25.8919
29.0249	118.433	-26.9401
29.0249	129.199	-27.9187
29.0249	139.966	-28.8241
29.0249	150.732	-29.6593
29.0249	161.499	-30.4296
29.0249	172.266	-31.1407
29.0249	183.032	-31.7985
29.0249	193.799	-32.4082
29.0249	204.565	-32.9747
29.0249	215.332	-33.5023
29.0249	226.099	-33.9946
29.0249	236.865	-34.455
29.0249	247.632	-34.8865
29.0249	258.398	-35.2914
29.0249	269.165	-35.6722
29.0249	279.932	-36.0306
29.0249	290.698	-36.3686
29.0249	301.465	-36.6876
29.0249	312.231	-36.989
29.0249	322.998	-37.2739
29.0249	333.765	-37.5436
29.0249	344.531	-37.7988
29.0249	355.298	-38.0406
29.0249	366.064	-38.2697
29.0249	376.831	-38.4867
29.0249	387.598	-38.6924
29.0249	398.364	-38.8873
29.0249	409.131	-39.0718
29.0249	419.897	-39.2465
29.0249	430.664	-39.4118
29.0249	441.431	-39.568
29.0249	452.197	-39.7156
29.0249	462.964	-39.8548
29.0249	473.73	-39.986
29.0249	484.497	-40.1094
29.0249	495.264	-40.2252
29.0249	506.03	-40.3336
29.0249	516.797	-40.435
29.0249	527.563	-40.5293
29.0249	538.33	-40.6169
29.0249	549.097	-40.6978
29.0249	559.863	-40.7723
29.0249	570.63	-40.8404
29.0249	581.396	-40.9021
29.0249	592.163	-40.9578
29.0249	602.93	-41.0073
29.0249	613.696	-41.0508
29.0249	624.463	-41.0885
29.0249	635.229	-41.1202
29.0249	645.996	-41.1461
29.0249	656.763	-41.1662
29.0249	667.529	-41.1805
29.0249	678.296	-41.1891
29.0249	689.062	-41.192
29.0249	699.829	-41.1891
29.0249	710.596	-41.1805
29.0249	721.362	-41.1662
29.0249	732.129	-41.1461
29.0249	742.896	-41.1202
29.0249	753.662	-41.0885
29.0249	764.429	-41.0508
29.0249	775.195	-41.0073
29.0249	785.962	-40.9578
29.0249	796.729	-40.9021
29.0249	807.495	-40.8404
29.0249	818.262	-40.7723
29.0249	829.028	-40.6978
29.0249	839.795	-40.6169
29.0249	850.562	-40.5293
29.0249	861.328	-40.435
29.0249	872.095	-40.3336
29.0249	882.861	-40.2252
29.0249	893.628	-40.1094
29.0249	904.395	-39.986
29.0249	915.161	-39.8548
29.0249	925.928	-39.7156
29.0249	936.694	-39.568
29.0249	947.461	-39.4118
29.0249	958.228	-39.2465
29.0249	968.994	-39.0718
29.0249	979.761	-38.8873
29.0249	990.527	-38.6924
29.0249	1001.29	-38.4867
29.0249	1012.06	-38.2697
29.0249	1022.83	-38.0406
29.0249	1033.59	-37.7988
29.0249	1044.36	-37.5436
29.0249	1055.13	-37.2739
29.0249	1065.89	-36.989
29.0249	1076.66	-36.6876
29.0249	1087.43	-36.3686
29.0249	1098.19	-36.0306
29.0249	1108.96	-35.6722
29.0249	1119.73	-35.2914
29.0249	1130.49	-34.8865
29.0249	1141.26	-34.455
29.0249	1152.03	-33.9946
29.0249	1162.79	-33.5023
29.0249	1173.56	-32.9747
29.0249	1184.33	-32.4082
29.0249	1195.09	-31.7985
29.0249	1205.86	-31.1407
29.0249	1216.63	-30.4296
29.0249	1227.39	-29.6593
29.0249	1238.16	-28.8241
29.0249	1248.93	-27.9187
29.0249	1259.69	-26.9401
29.0249	1270.46	-25.8919
29.0249	1281.23	-24.7941
29.0249	1291.99	-23.71
29.0249	1302.76	-22.833
29.0249	1313.53	-22.8404
29.0249	1324.29	-26.2075
29.0249	1335.06	-10.952
29.0249	1345.83	11.1792
29.0249	1356.59	28.5482
29.0249	1367.36	29.2758
31.9274	0	18.8666
31.9274	10.7666	29.2852
31.9274	21.5332	28.5701
31.9274	32.2998	11.0044
31.9274	43.0664	-11.3299
31.9274	53.833	-14.9927
31.9274	64.5996	-14.6032
31.9274	75.3662	-15.1865
31.9274	86.1328	-16.0124
31.9274	96.8994	-16.866
31.9274	107.666	-17.6845
31.9274	118.433	-18.4503
31.9274	129.199	-19.1614
31.9274	139.966	-19.8208
31.9274	150.732	-20.4328
31.9274	161.499	-21.0022
31.9274	172.266	-21.5332
31.9274	183.032	-22.0297
31.9274	193.799	-22.495
31.9274	204.565	-22.9322
31.9274	215.332	-23.3438
31.9274	226.099	-23.7319
31.9274	236.865	-24.0986
31.9274	247.632	-24.4454
31.9274	258.398	-24.774
31.9274	269.165	-25.0856
31.9274	279.932	-25.3814
31.9274	290.698	-25.6624
31.9274	301.465	-25.9295
31.9274	312.231	-26.1835
31.9274	322.998	-26.4252
31.9274	333.765	-26.6553
31.9274	344.531	-26.8744
31.9274	355.298	-27.0829
31.9274	366.064	-27.2814
31.9274	376.831	-27.4704
31.9274	387.598	-27.6502
31.9274	398.364	-27.8212
31.9274	409.131	-27.9838
31.9274	419.897	-28.1382
31.9274	430.664	-28.2848
31.9274	441.431	-28.4237
31.9274	452.197	-28.5554
31.9274	462.964	-28.6799
31.9274	473.73	-28.7974
31.9274	484.497	-28.9083
31.9274	495.264	-29.0125
31.9274	506.03	-29.1103
31.9274	516.797	-29.2019
31.9274	527.563	-29.2873
31.9274	538.33	-29.3667
31.9274	549.097	-29.4401
31.9274	559.863	-29.5078
31.9274	570.63	-29.5697
31.9274	581.396	-29.626
31.9274	592.163	-29.6767
31.9274	602.93	-29.7219
31.9274	613.696	-29.7617
31.9274	624.463	-29.7961
31.9274	635.229	-29.825
31.9274	645.996	-29.8487
31.9274	656.763	-29.8671
31.9274	667.529	-29.8802
31.9274	678.296	-29.8881
31.9274	689.062	-29.8907
31.9274	699.829	-29.8881
31.9274	710.596	-29.8802
31.9274	721.362	-29.8671
31.9274	732.129	-29.8487
31.9274	742.896	-29.825
31.9274	753.662	-29.7961
31.9274	764.429	-29.7617
31.9274	775.195	-29.7219
31.9274	785.962	-29.6767
31.9274	796.729	-29.626
31.9274	807.495	-29.5697
31.9274	818.262	-29.5078
31.9274	829.028	-29.4401
31.9274	839.795	-29.3667
31.9274	850.562	-29.2873
31.9274	861.328	-29.2019
31.9274	872.095	-29.1103
31.9274	882.861	-29.0125
31.9274	893.628	-28.9083
31.9274	904.395	-28.7974
31.9274	915.161	-28.6799
31.9274	925.928	-28.5554
31.9274	936.694	-28.4237
31.9274	947.461	-28.2848
31.9274	958.228	-28.1382
31.9274	968.994	-27.9838
31.9274	979.761	-27.8212
31.9274	990.527	-27.6502
31.9274	1001.29	-27.4704
31.9274	1012.06	-27.2814
31.9274	1022.83	-27.0829
31.9274	1033.59	-26.8744
31.9274	1044.36	-26.6553
31.9274	1055.13	-26.4252
31.9274	1065.89	-26.1835
31.9274	1076.66	-25.9295
31.9274	1087.43	-25.6624
31.9274	1098.19	-25.3814
31.9274	1108.96	-25.0856
31.9274	1119.73	-24.774
31.9274	1130.49	-24.4454
31.9274	1141.26	-24.0986
31.9274	1152.03	-23.7319
31.9274	1162.79	-23.3438
31.9274	1173.56	-22.9322
31.9274	1184.33	-22.495
31.9274	1195.09	-22.0297
31.9274	1205.86	-21.5332
31.9274	1216.63	-21.0022
31.9274	1227.39	-20.4328
31.9274	1238.16	-19.8208
31.9274	1248.93	-19.1614
31.9274	1259.69	-18.4503
31.9274	1270.46	-17.6845
31.9274	1281.23	-16.866
31.9274	1291.99	-16.0124
31.9274	1302.76	-15.1865
31.9274	1313.53	-14.6032
31.9274	1324.29	-14.9927
31.9274	1335.06	-11.3299
31.9274	1345.83	11.0044
31.9274	1356.59	28.5701
31.9274	1367.36	29.2852
34.8299	0	17.1424
34.8299	10.7666	29.302
34.8299	21.5332	28.6094
34.8299	32.2998	10.6697
34.8299	43.0664	-12.1089
34.8299	53.833	-10.7285
34.8299	64.5996	-10.5634
34.8299	75.3662	-11.215
34.8299	86.1328	-12.0345
34.8299	96.8994	-12.8607
34.8299	107.666	-13.6479
34.8299	118.433	-14.3844
34.8299	129.199	-15.0696
34.8299	139.966	-15.7066
34.8299	150.732	-16.2995
34.8299	161.499	-16.8526
34.8299	172.266	-17.3696
34.8299	183.032	-17.8541
34.8299	193.799	-18.3092
34.8299	204.565	-18.7374
34.8299	215.332	-19.1412
34.8299	226.099	-19.5225
34.8299	236.865	-19.8832
34.8299	247.632	-20.2248
34.8299	258.398	-20.5487
34.8299	269.165	-20.8561
34.8299	279.932	-21.1482
34.8299	290.698	-21.4258
34.8299	301.465	-21.6899
34.8299	312.231	-21.9413
34.8299	322.998	-22.1806
34.8299	333.765	-22.4085
34.8299	344.531	-22.6256
34.8299	355.298	-22.8323
34.8299	366.064	-23.0291
34.8299	376.831	-23.2166
34.8299	387.598	-23.395
34.8299	398.364	-23.5647
34.8299	409.131	-23.7261
34.8299	419.897	-23.8795
34.8299	430.664	-24.0251
34.8299	441.431	-24.1632
34.8299	452.197	-24.294
34.8299	462.964	-24.4177
34.8299	473.73	-24.5346
34.8299	484.497	-24.6448
34.8299	495.264	-24.7484
34.8299	506.03	-24.8457
34.8299	516.797	-24.9367
34.8299	527.563	-25.0217
34.8299	538.33	-25.1007
34.8299	549.097	-25.1738
34.8299	559.863	-25.2411
34.8299	570.63	-25.3027
34.8299	581.396	-25.3587
34.8299	592.163	-25.4092
34.8299	602.93	-25.4541
34.8299	613.696	-25.4937
34.8299	624.463	-25.5279
34.8299	635.229	-25.5568
34.8299	645.996	-25.5803
34.8299	656.763	-25.5986
34.8299	667.529	-25.6117
34.8299	678.296	-25.6195
34.8299	689.062	-25.6221
34.8299	699.829	-25.6195
34.8299	710.596	-25.6117
34.8299	721.362	-25.5986
34.8299	732.129	-25.5803
34.8299	742.896	-25.5568
34.8299	753.662	-25.5279
34.8299	764.429	-25.4937
34.8299	775.195	-25.4541
34.8299	785.962	-25.4092
34.8299	796.729	-25.3587
34.8299	807.495	-25.3027
34.8299	818.262	-25.2411
34.8299	829.028	-25.1738
34.8299	839.795	-25.1007
34.8299	850.562	-25.0217
34.8299	861.328	-24.9367
34.8299	872.095	-24.8457
34.8299	882.861	-24.7484
34.8299	893.628	-24.6448
34.8299	904.395	-24.5346
34.8299	915.161	-24.4177
34.8299	925.928	-24.294
34.8299	936.694	-24.1632
34.8299	947.461	-24.0251
34.8299	958.228	-23.8795
34.8299	968.994	-23.7261
34.8299	979.761	-23.5647
34.8299	990.527	-23.395
34.8299	1001.29	-23.2166
34.8299	1012.06	-23.0291
34.8299	1022.83	-22.8323
34.8299	1033.59	-22.6256
34.8299	1044.36	-22.4085
34.8299	1055.13	-22.1806
34.8299	1065.89	-21.9413
34.8299	1076.66	-21.6899
34.8299	1087.43	-21.4258
34.8299	1098.19	-21.1482
34.8299	1108.96	-20.8561
34.8299	1119.73	-20.5487
34.8299	1130.49	-20.2248
34.8299	1141.26	-19.8832
34.8299	1152.03	-19.5225
34.8299	1162.79	-19.1412
34.8299	1173.56	-18.7374
34.8299	1184.33	-18.3092
34.8299	1195.09	-17.8541
34.8299	1205.86	-17.3696
34.8299	1216.63	-16.8526
34.8299	1227.39	-16.2995
34.8299	1238.16	-15.7066
34.8299	1248.93	-15.0696
34.8299	1259.69	-14.3844
34.8299	1270.46	-13.6479
34.8299	1281.23	-12.8607
34.8299	1291.99	-12.0345
34.8299	1302.76	-11.215
34.8299	1313.53	-10.5634
34.8299	1324.29	-10.7285
34.8299	1335.06	-12.1089
34.8299	1345.83	10.6697
34.8299	1356.59	28.6094
34.8299	1367.36	29.302
37.7324	0	13.8857
37.7324	10.7666	29.3201
37.7324	21.5332	28.6516
37.7324	32.2998	10.2758
37.7324	43.0664	-13.1473
37.7324	53.833	-8.48317
37.7324	64.5996	-8.37416
37.7324	75.3662	-9.04344
37.7324	86.1328	-9.86132
37.7324	96.8994	-10.6804
37.7324	107.666	-11.4595
37.7324	118.433	-12.1884
37.7324	129.199	-12.867
37.7324	139.966	-13.4983
37.7324	150.732	-14.0864
37.7324	161.499	-14.6354
37.7324	172.266	-15.1489
37.7324	183.032	-15.6305
37.7324	193.799	-16.083
37.7324	204.565	-16.509
37.7324	215.332	-16.9108
37.7324	226.099	-17.2905
37.7324	236.865	-17.6497
37.7324	247.632	-17.99
37.7324	258.398	-18.3128
37.7324	269.165	-18.6192
37.7324	279.932	-18.9103
37.7324	290.698	-19.1872
37.7324	301.465	-19.4506
37.7324	312.231	-19.7013
37.7324	322.998	-19.94
37.7324	333.765	-20.1674
37.7324	344.531	-20.3839
37.7324	355.298	-20.5902
37.7324	366.064	-20.7867
37.7324	376.831	-20.9737
37.7324	387.598	-21.1518
37.7324	398.364	-21.3213
37.7324	409.131	-21.4824
37.7324	419.897	-21.6355
37.7324	430.664	-21.7808
37.7324	441.431	-21.9187
37.7324	452.197	-22.0493
37.7324	462.964	-22.1728
37.7324	473.73	-22.2895
37.7324	484.497	-22.3996
37.7324	495.264	-22.5031
37.7324	506.03	-22.6002
37.7324	516.797	-22.6912
37.7324	527.563	-22.776
37.7324	538.33	-22.8549
37.7324	549.097	-22.9279
37.7324	559.863	-22.9951
37.7324	570.63	-23.0566
37.7324	581.396	-23.1126
37.7324	592.163	-23.163
37.7324	602.93	-23.2079
37.7324	613.696	-23.2474
37.7324	624.463	-23.2816
37.7324	635.229	-23.3104
37.7324	645.996	-23.334
37.7324	656.763	-23.3523
37.7324	667.529	-23.3653
37.7324	678.296	-23.3731
37.7324	689.062	-23.3757
37.7324	699.829	-23.3731
37.7324	710.596	-23.3653
37.7324	721.362	-23.3523
37.7324	732.129	-23.334
37.7324	742.896	-23.3104
37.7324	753.662	-23.2816
37.7324	764.429	-23.2474
37.7324	775.195	-23.2079
37.7324	785.962	-23.163
37.7324	796.729	-23.1126
37.7324	807.495	-23.0566
37.7324	818.262	-22.9951
37.7324	829.028	-22.9279
37.7324	839.795	-22.8549
37.7324	850.562	-22.776
37.7324	861.328	-22.6912
37.7324	872.095	-22.6002
37.7324	882.861	-22.5031
37.7324	893.628	-22.3996
37.7324	904.395	-22.2895
37.7324	915.161	-22.1728
37.7324	925.928	-22.0493
37.7324	936.694	-21.9187
37.7324	947.461	-21.7808
37.7324	958.228	-21.6355
37.7324	968.994	-21.4824
37.7324	979.761	-21.3213
37.7324	990.527	-21.1518
37.7324	1001.29	-20.9737
37.7324	1012.06	-20.7867
37.7324	1022.83	-20.5902
37.7324	1033.59	-20.3839
37.7324	1044.36	-20.1674
37.7324	1055.13	-19.94
37.7324	1065.89	-19.7013
37.7324	1076.66	-19.4506
37.7324	1087.43	-19.1872
37.7324	1098.19	-18.9103
37.7324	1108.96	-18.6192
37.7324	1119.73	-18.3128
37.7324	1130.49	-17.99
37.7324	1141.26	-17.6497
37.7324	1152.03	-17.2905
37.7324	1162.79	-16.9108
37.7324	1173.56	-16.509
37.7324	1184.33	-16.083
37.7324	1195.09	-15.6305
37.7324	1205.86	-15.1489
37.7324	1216.63	-14.6354
37.7324	1227.39	-14.0864
37.7324	1238.16	-13.4983
37.7324	1248.93	-12.867
37.7324	1259.69	-12.1884
37.7324	1270.46	-11.4595
37.7324	1281.23	-10.6804
37.7324	1291.99	-9.86132
37.7324	1302.76	-9.04344
37.7324	1313.53	-8.37416
37.7324	1324.29	-8.48317
37.7324	1335.06	-13.1473
37.7324	1345.83	10.2758
37.7324	1356.59	28.6516
37.7324	1367.36	29.3201
40.6349	0	6.98807
40.6349	10.7666	29.3329
40.6349	21.5332	28.6813
40.6349	32.2998	9.97152
40.6349	43.0664	-14.0757
40.6349	53.833	-7.38523
40.6349	64.5996	-7.29488
40.6349	75.3662	-7.97014
40.6349	86.1328	-8.78746
40.6349	96.8994	-9.60407
40.6349	107.666	-10.3805
40.6349	118.433	-11.1069
40.6349	129.199	-11.7833
40.6349	139.966	-12.4127
40.6349	150.732	-12.9992
40.6349	161.499	-13.5468
40.6349	172.266	-14.0592
40.6349	183.032	-14.5397
40.6349	193.799	-14.9914
40.6349	204.565	-15.4167
40.6349	215.332	-15.8179
40.6349	226.099	-16.197
40.6349	236.865	-16.5557
40.6349	247.632	-16.8956
40.6349	258.398	-17.218
40.6349	269.165	-17.524
40.6349	279.932	-17.8149
40.6349	290.698	-18.0915
40.6349	301.465	-18.3546
40.6349	312.231	-18.6051
40.6349	322.998	-18.8436
40.6349	333.765	-19.0708
40.6349	344.531	-19.2872
40.6349	355.298	-19.4933
40.6349	366.064	-19.6897
40.6349	376.831	-19.8766
40.6349	387.598	-20.0546
40.6349	398.364	-20.2239
40.6349	409.131	-20.385
40.6349	419.897	-20.538
40.6349	430.664	-20.6833
40.6349	441.431	-20.821
40.6349	452.197	-20.9516
40.6349	462.964	-21.0751
40.6349	473.73	-21.1917
40.6349	484.497	-21.3017
40.6349	495.264	-21.4051
40.6349	506.03	-21.5023
40.6349	516.797	-21.5931
40.6349	527.563	-21.678
40.6349	538.33	-21.7568
40.6349	549.097	-21.8298
40.6349	559.863	-21.897
40.6349	570.63	-21.9585
40.6349	581.396	-22.0144
40.6349	592.163	-22.0648
40.6349	602.93	-22.1097
40.6349	613.696	-22.1492
40.6349	624.463	-22.1833
40.6349	635.229	-22.2122
40.6349	645.996	-22.2357
40.6349	656.763	-22.254
40.6349	667.529	-22.267
40.6349	678.296	-22.2748
40.6349	689.062	-22.2774
40.6349	699.829	-22.2748
40.6349	710.596	-22.267
40.6349	721.362	-22.254
40.6349	732.129	-22.2357
40.6349	742.896	-22.2122
40.6349	753.662	-22.1833
40.6349	764.429	-22.1492
40.6349	775.195	-22.1097
40.6349	785.962	-22.0648
40.6349	796.729	-22.0144
40.6349	807.495	-21.9585
40.6349	818.262	-21.897
40.6349	829.028	-21.8298
40.6349	839.795	-21.7568
40.6349	850.562	-21.678
40.6349	861.328	-21.5931
40.6349	872.095	-21.5023
40.6349	882.861	-21.4051
40.6349	893.628	-21.3017
40.6349	904.395	-21.1917
40.6349	915.161	-21.0751
40.6349	925.928	-20.9516
40.6349	936.694	-20.821
40.6349	947.461	-20.6833
40.6349	958.228	-20.538
40.6349	968.994	-20.385
40.6349	979.761	-20.2239
40.6349	990.527	-20.0546
40.6349	1001.29	-19.8766
40.6349	1012.06	-19.6897
40.6349	1022.83	-19.4933
40.6349	1033.59	-19.2872
40.6349	1044.36	-19.0708
40.6349	1055.13	-18.8436
40.6349	1065.89	-18.6051
40.6349	1076.66	-18.3546
40.6349	1087.43	-18.0915
40.6349	1098.19	-17.8149
40.6349	1108.96	-17.524
40.6349	1119.73	-17.218
40.6349	1130.49	-16.8956
40.6349	1141.26	-16.5557
40.6349	1152.03	-16.197
40.6349	1162.79	-15.8179
40.6349	1173.56	-15.4167
40.6349	1184.33	-14.9914
40.6349	1195.09	-14.5397
40.6349	1205.86	-14.0592
40.6349	1216.63	-13.5468
40.6349	1227.39	-12.9992
40.6349	1238.16	-12.4127
40.6349	1248.93	-11.7833
40.6349	1259.69	-11.1069
40.6349	1270.46	-10.3805
40.6349	1281.23	-9.60407
40.6349	1291.99	-8.78746
40.6349	1302.76	-7.97014
40.6349	1313.53	-7.29488
40.6349	1324.29	-7.38523
40.6349	1335.06	-14.0757
40.6349	1345.83	9.97152
40.6349	1356.59	28.6813
40.6349	1367.36	29.3329
43.5374	0	-3.3094
43.5374	10.7666	29.3359
43.5374	21.5332	28.6882
43.5374	32.2998	9.89754
43.5374	43.0664	-14.3236
43.5374	53.833	-7.16509
43.5374	64.5996	-7.07795
43.5374	75.3662	-7.75425
43.5374	86.1328	-8.57147
43.5374	96.8994	-9.38767
43.5374	107.666	-10.1636
43.5374	118.433	-10.8896
43.5374	129.199	-11.5656
43.5374	139.966	-12.1947
43.5374	150.732	-12.7809
43.5374	161.499	-13.3282
43.5374	172.266	-13.8404
43.5374	183.032	-14.3208
43.5374	193.799	-14.7723
43.5374	204.565	-15.1975
43.5374	215.332	-15.5986
43.5374	226.099	-15.9776
43.5374	236.865	-16.3362
43.5374	247.632	-16.676
43.5374	258.398	-16.9984
43.5374	269.165	-17.3044
43.5374	279.932	-17.5952
43.5374	290.698	-17.8717
43.5374	301.465	-18.1348
43.5374	312.231	-18.3853
43.5374	322.998	-18.6238
43.5374	333.765	-18.8509
43.5374	344.531	-19.0673
43.5374	355.298	-19.2734
43.5374	366.064	-19.4697
43.5374	376.831	-19.6566
43.5374	387.598	-19.8346
43.5374	398.364	-20.0039
43.5374	409.131	-20.1649
43.5374	419.897	-20.3179
43.5374	430.664	-20.4632
43.5374	441.431	-20.601
43.5374	452.197	-20.7315
43.5374	462.964	-20.855
43.5374	473.73	-20.9716
43.5374	484.497	-21.0816
43.5374	495.264	-21.185
43.5374	506.03	-21.2821
43.5374	516.797	-21.373
43.5374	527.563	-21.4578
43.5374	538.33	-21.5366
43.5374	549.097	-21.6096
43.5374	559.863	-21.6768
43.5374	570.63	-21.7383
43.5374	581.396	-21.7942
43.5374	592.163	-21.8446
43.5374	602.93	-21.8895
43.5374	613.696	-21.929
43.5374	624.463	-21.9632
43.5374	635.229	-21.992
43.5374	645.996	-22.0155
43.5374	656.763	-22.0338
43.5374	667.529	-22.0468
43.5374	678.296	-22.0546
43.5374	689.062	-22.0572
43.5374	699.829	-22.0546
43.5374	710.596	-22.0468
43.5374	721.362	-22.0338
43.5374	732.129	-22.0155
43.5374	742.896	-21.992
43.5374	753.662	-21.9632
43.5374	764.429	-21.929
43.5374	775.195	-21.8895
43.5374	785.962	-21.8446
43.5374	796.729	-21.7942
43.5374	807.495	-21.7383
43.5374	818.262	-21.6768
43.5374	829.028	-21.6096
43.5374	839.795	-21.5366
43.5374	850.562	-21.4578
43.5374	861.328	-21.373
43.5374	872.095	-21.2821
43.5374	882.861	-21.185
43.5374	893.628	-21.0816
43.5374	904.395	-20.9716
43.5374	915.161	-20.855
43.5374	925.928	-20.7315
43.5374	936.694	-20.601
43.5374	947.461	-20.4632
43.5374	958.228	-20.3179
43.5374	968.994	-20.1649
43.5374	979.761	-20.0039
43.5374	990.527	-19.8346
43.5374	1001.29	-19.6566
43.5374	1012.06	-19.4697
43.5374	1022.83	-19.2734
43.5374	1033.59	-19.0673
43.5374	1044.36	-18.8509
43.5374	1055.13	-18.6238
43.5374	1065.89	-18.3853
43.5374	1076.66	-18.1348
43.5374	1087.43	-17.8717
43.5374	1098.19	-17.5952
43.5374	1108.96	-17.3044
43.5374	1119.73	-16.9984
43.5374	1130.49	-16.676
43.5374	1141.26	-16.3362
43.5374	1152.03	-15.9776
43.5374	1162.79	-15.5986
43.5374	1173.56	-15.1975
43.5374	1184.33	-14.7723
43.5374	1195.09	-14.3208
43.5374	1205.86	-13.8404
43.5374	1216.63	-13.3282
43.5374	1227.39	-12.7809
43.5374	1238.16	-12.1947
43.5374	1248.93	-11.5656
43.5374	1259.69	-10.8896
43.5374	1270.46	-10.1636
43.5374	1281.23	-9.38767
43.5374	1291.99	-8.57147
43.5374	1302.76	-7.75425
43.5374	1313.53	-7.07795
43.5374	1324.29	-7.16509
43.5374	1335.06	-14.3236
43.5374	1345.83	9.89754
43.5374	1356.59	28.6882
43.5374	1367.36	29.3359
46.4399	0	10.9761
46.4399	10.7666	29.3279
46.4399	21.5332	28.6698
46.4399	32.2998	10.0916
46.4399	43.0664	-13.6931
46.4399	53.833	-7.77725
46.4399	64.5996	-7.68076
46.4399	75.3662	-8.35406
46.4399	86.1328	-9.17156
46.4399	96.8994	-9.98897
46.4399	107.666	-10.7663
46.4399	118.433	-11.4935
46.4399	129.199	-12.1706
46.4399	139.966	-12.8007
46.4399	150.732	-13.3877
46.4399	161.499	-13.9357
46.4399	172.266	-14.4485
46.4399	183.032	-14.9294
46.4399	193.799	-15.3813
46.4399	204.565	-15.8068
46.4399	215.332	-16.2083
46.4399	226.099	-16.5875
46.4399	236.865	-16.9464
46.4399	247.632	-17.2864
46.4399	258.398	-17.6089
46.4399	269.165	-17.9151
46.4399	279.932	-18.2061
46.4399	290.698	-18.4828
46.4399	301.465	-18.746
46.4399	312.231	-18.9966
46.4399	322.998	-19.2351
46.4399	333.765	-19.4624
46.4399	344.531	-19.6788
46.4399	355.298	-19.885
46.4399	366.064	-20.0814
46.4399	376.831	-20.2684
46.4399	387.598	-20.4464
46.4399	398.364	-20.6158
46.4399	409.131	-20.7768
46.4399	419.897	-20.9299
46.4399	430.664	-21.0752
46.4399	441.431	-21.213
46.4399	452.197	-21.3435
46.4399	462.964	-21.467
46.4399	473.73	-21.5837
46.4399	484.497	-21.6937
46.4399	495.264	-21.7972
46.4399	506.03	-21.8943
46.4399	516.797	-21.9852
46.4399	527.563	-22.07
46.4399	538.33	-22.1489
46.4399	549.097	-22.2218
46.4399	559.863	-22.289
46.4399	570.63	-22.3506
46.4399	581.396	-22.4065
46.4399	592.163	-22.4569
46.4399	602.93	-22.5018
46.4399	613.696	-22.5413
46.4399	624.463	-22.5755
46.4399	635.229	-22.6043
46.4399	645.996	-22.6278
46.4399	656.763	-22.6461
46.4399	667.529	-22.6591
46.4399	678.296	-22.667
46.4399	689.062	-22.6696
46.4399	699.829	-22.667
46.4399	710.596	-22.6591
46.4399	721.362	-22.6461
46.4399	732.129	-22.6278
46.4399	742.896	-22.6043
46.4399	753.662	-22.5755
46.4399	764.429	-22.5413
46.4399	775.195	-22.5018
46.4399	785.962	-22.4569
46.4399	796.729	-22.4065
46.4399	807.495	-22.3506
46.4399	818.262	-22.289
46.4399	829.028	-22.2218
46.4399	839.795	-22.1489
46.4399	850.562	-22.07
46.4399	861.328	-21.9852
46.4399	872.095	-21.8943
46.4399	882.861	-21.7972
46.4399	893.628	-21.6937
46.4399	904.395	-21.5837
46.4399	915.161	-21.467
46.4399	925.928	-21.3435
46.4399	936.694	-21.213
46.4399	947.461	-21.0752
46.4399	958.228	-20.9299
46.4399	968.994	-20.7768
46.4399	979.761	-20.6158
46.4399	990.527	-20.4464
46.4399	1001.29	-20.2684
46.4399	1012.06	-20.0814
46.4399	1022.83	-19.885
46.4399	1033.59	-19.6788
46.4399	1044.36	-19.4624
46.4399	1055.13	-19.2351
46.4399	1065.89	-18.9966
46.4399	1076.66	-18.746
46.4399	1087.43	-18.4828
46.4399	1098.19	-18.2061
46.4399	1108.96	-17.9151
46.4399	1119.73	-17.6089
46.4399	1130.49	-17.2864
46.4399	1141.26	-16.9464
46.4399	1152.03	-16.5875
46.4399	1162.79	-16.2083
46.4399	1173.56	-15.8068
46.4399	1184.33	-15.3813
46.4399	1195.09	-14.9294
46.4399	1205.86	-14.4485
46.4399	1216.63	-13.9357
46.4399	1227.39	-13.3877
46.4399	1238.16	-12.8007
46.4399	1248.93	-12.1706
46.4399	1259.69	-11.4935
46.4399	1270.46	-10.7663
46.4399	1281.23	-9.98897
46.4399	1291.99	-9.17156
46.4399	1302.76	-8.35406
46.4399	1313.53	-7.68076
46.4399	1324.29	-7.77725
46.4399	1335.06	-13.6931
46.4399	1345.83	10.0916
46.4399	1356.59	28.6698
46.4399	1367.36	29.3279
49.3424	0	15.6554
49.3424	10.7666	29.3119
49.3424	21.5332	28.6326
49.3424	32.2998	10.4577
49.3424	43.0664	-12.6486
49.3424	53.833	-9.35485
49.3424	64.5996	-9.22734
49.3424	75.3662	-9.89074
49.3424	86.1328	-10.7092
49.3424	96.8994	-11.5306
49.3424	107.666	-12.3124
49.3424	118.433	-13.0439
49.3424	129.199	-13.7246
49.3424	139.966	-14.3578
49.3424	150.732	-14.9475
49.3424	161.499	-15.4978
49.3424	172.266	-16.0125
49.3424	183.032	-16.495
49.3424	193.799	-16.9483
49.3424	204.565	-17.3751
49.3424	215.332	-17.7776
49.3424	226.099	-18.1578
49.3424	236.865	-18.5175
49.3424	247.632	-18.8582
49.3424	258.398	-19.1813
49.3424	269.165	-19.4881
49.3424	279.932	-19.7796
49.3424	290.698	-20.0567
49.3424	301.465	-20.3203
49.3424	312.231	-20.5712
49.3424	322.998	-20.8101
49.3424	333.765	-21.0377
49.3424	344.531	-21.2544
49.3424	355.298	-21.4608
49.3424	366.064	-21.6574
49.3424	376.831	-21.8446
49.3424	387.598	-22.0228
49.3424	398.364	-22.1923
49.3424	409.131	-22.3535
49.3424	419.897	-22.5067
49.3424	430.664	-22.6522
49.3424	441.431	-22.7901
49.3424	452.197	-22.9208
49.3424	462.964	-23.0444
49.3424	473.73	-23.1611
49.3424	484.497	-23.2712
49.3424	495.264	-23.3747
49.3424	506.03	-23.4719
49.3424	516.797	-23.5629
49.3424	527.563	-23.6478
49.3424	538.33	-23.7267
49.3424	549.097	-23.7997
49.3424	559.863	-23.867
49.3424	570.63	-23.9285
49.3424	581.396	-23.9845
49.3424	592.163	-24.0349
49.3424	602.93	-24.0799
49.3424	613.696	-24.1194
49.3424	624.463	-24.1536
49.3424	635.229	-24.1824
49.3424	645.996	-24.206
49.3424	656.763	-24.2243
49.3424	667.529	-24.2373
49.3424	678.296	-24.2451
49.3424	689.062	-24.2477
49.3424	699.829	-24.2451
49.3424	710.596	-24.2373
49.3424	721.362	-24.2243
49.3424	732.129	-24.206
49.3424	742.896	-24.1824
49.3424	753.662	-24.1536
49.3424	764.429	-24.1194
49.3424	775.195	-24.0799
49.3424	785.962	-24.0349
49.3424	796.729	-23.9845
49.3424	807.495	-23.9285
49.3424	818.262	-23.867
49.3424	829.028	-23.7997
49.3424	839.795	-23.7267
49.3424	850.562	-23.6478
49.3424	861.328	-23.5629
49.3424	872.095	-23.4719
49.3424	882.861	-23.3747
49.3424	893.628	-23.2712
49.3424	904.395	-23.1611
49.3424	915.161	-23.0444
49.3424	925.928	-22.9208
49.3424	936.694	-22.7901
49.3424	947.461	-22.6522
49.3424	958.228	-22.5067
49.3424	968.994	-22.3535
49.3424	979.761	-22.1923
49.3424	990.527	-22.0228
49.3424	1001.29	-21.8446
49.3424	1012.06	-21.6574
49.3424	1022.83	-21.4608
49.3424	1033.59	-21.2544
49.3424	1044.36	-21.0377
49.3424	1055.13	-20.8101
49.3424	1065.89	-20.5712
49.3424	1076.66	-20.3203
49.3424	1087.43	-20.0567
49.3424	1098.19	-19.7796
49.3424	1108.96	-19.4881
49.3424	1119.73	-19.1813
49.3424	1130.49	-18.8582
49.3424	1141.26	-18.5175
49.3424	1152.03	-18.1578
49.3424	1162.79	-17.7776
49.3424	1173.56	-17.3751
49.3424	1184.33	-16.9483
49.3424	1195.09	-16.495
49.3424	1205.86	-16.0125
49.3424	1216.63	-15.4978
49.3424	1227.39	-14.9475
49.3424	1238.16	-14.3578
49.3424	1248.93	-13.7246
49.3424	1259.69	-13.0439
49.3424	1270.46	-12.3124
49.3424	1281.23	-11.5306
49.3424	1291.99	-10.7092
49.3424	1302.76	-9.89074
49.3424	1313.53	-9.22734
49.3424	1324.29	-9.35485
49.3424	1335.06	-12.6486
49.3424	1345.83	10.4577
49.3424	1356.59	28.6326
49.3424	1367.36	29.3119
52.2449	0	18.0893
52.2449	10.7666	29.2936
52.2449	21.5332	28.5898
52.2449	32.2998	10.8403
52.2449	43.0664	-11.702
52.2449	53.833	-12.3566
52.2449	64.5996	-12.1292
52.2449	75.3662	-12.7613
52.2449	86.1328	-13.5827
52.2449	96.8994	-14.4167
52.2449	107.666	-15.2128
52.2449	118.433	-15.9576
52.2449	129.199	-16.65
52.2449	139.966	-17.2933
52.2449	150.732	-17.8915
52.2449	161.499	-18.4491
52.2449	172.266	-18.97
52.2449	183.032	-19.4578
52.2449	193.799	-19.9157
52.2449	204.565	-20.3464
52.2449	215.332	-20.7524
52.2449	226.099	-21.1356
52.2449	236.865	-21.4979
52.2449	247.632	-21.8409
52.2449	258.398	-22.1661
52.2449	269.165	-22.4747
52.2449	279.932	-22.7678
52.2449	290.698	-23.0463
52.2449	301.465	-23.3113
52.2449	312.231	-23.5634
52.2449	322.998	-23.8033
52.2449	333.765	-24.0318
52.2449	344.531	-24.2494
52.2449	355.298	-24.4566
52.2449	366.064	-24.6539
52.2449	376.831	-24.8418
52.2449	387.598	-25.0206
52.2449	398.364	-25.1907
52.2449	409.131	-25.3524
52.2449	419.897	-25.5061
52.2449	430.664	-25.6519
52.2449	441.431	-25.7902
52.2449	452.197	-25.9213
52.2449	462.964	-26.0452
52.2449	473.73	-26.1623
52.2449	484.497	-26.2726
52.2449	495.264	-26.3764
52.2449	506.03	-26.4739
52.2449	516.797	-26.565
52.2449	527.563	-26.6501
52.2449	538.33	-26.7292
52.2449	549.097	-26.8024
52.2449	559.863	-26.8698
52.2449	570.63	-26.9315
52.2449	581.396	-26.9876
52.2449	592.163	-27.0381
52.2449	602.93	-27.0832
52.2449	613.696	-27.1228
52.2449	624.463	-27.157
52.2449	635.229	-27.1859
52.2449	645.996	-27.2095
52.2449	656.763	-27.2279
52.2449	667.529	-27.2409
52.2449	678.296	-27.2488
52.2449	689.062	-27.2514
52.2449	699.829	-27.2488
52.2449	710.596	-27.2409
52.2449	721.362	-27.2279
52.2449	732.129	-27.2095
52.2449	742.896	-27.1859
52.2449	753.662	-27.157
52.2449	764.429	-27.1228
52.2449	775.195	-27.0832
52.2449	785.962	-27.0381
52.2449	796.729	-26.9876
52.2449	807.495	-26.9315
52.2449	818.262	-26.8698
52.2449	829.028	-26.8024
52.2449	839.795	-26.7292
52.2449	850.562	-26.6501
52.2449	861.328	-26.565
52.2449	872.095	-26.4739
52.2449	882.861	-26.3764
52.2449	893.628	-26.2726
52.2449	904.395	-26.1623
52.2449	915.161	-26.0452
52.2449	925.928	-25.9213
52.2449	936.694	-25.7902
52.2449	947.461	-25.6519
52.2449	958.228	-25.5061
52.2449	968.994	-25.3524
52.2449	979.761	-25.1907
52.2449	990.527	-25.0206
52.2449	1001.29	-24.8418
52.2449	1012.06	-24.6539
52.2449	1022.83	-24.4566
52.2449	1033.59	-24.2494
52.2449	1044.36	-24.0318
52.2449	1055.13	-23.8033
52.2449	1065.89	-23.5634
52.2449	1076.66	-23.3113
52.2449	1087.43	-23.0463
52.2449	1098.19	-22.7678
52.2449	1108.96	-22.4747
52.2449	1119.73	-22.1661
52.2449	1130.49	-21.8409
52.2449	1141.26	-21.4979
52.2449	1152.03	-21.1356
52.2449	1162.79	-20.7524
52.2449	1173.56	-20.3464
52.2449	1184.33	-19.9157
52.2449	1195.09	-19.4578
52.2449	1205.86	-18.97
52.2449	1216.63	-18.4491
52.2449	1227.39	-17.8915
52.2449	1238.16	-17.2933
52.2449	1248.93	-16.65
52.2449	1259.69	-15.9576
52.2449	1270.46	-15.2128
52.2449	1281.23	-14.4167
52.2449	1291.99	-13.5827
52.2449	1302.76	-12.7613
52.2449	1313.53	-12.1292
52.2449	1324.29	-12.3566
52.2449	1335.06	-11.702
52.2449	1345.83	10.8403
52.2449	1356.59	28.5898
52.2449	1367.36	29.2936
55.1474	0	19.3129
55.1474	10.7666	29.2796
55.1474	21.5332	28.5571
55.1474	32.2998	11.1095
55.1474	43.0664	-11.1005
55.1474	53.833	-18.4743
55.1474	64.5996	-17.6747
55.1474	75.3662	-18.1446
55.1474	86.1328	-18.9808
55.1474	96.8994	-19.8798
55.1474	107.666	-20.7506
55.1474	118.433	-21.5666
55.1474	129.199	-22.3228
55.1474	139.966	-23.0217
55.1474	150.732	-23.668
55.1474	161.499	-24.2669
55.1474	172.266	-24.8235
55.1474	183.032	-25.3421
55.1474	193.799	-25.8267
55.1474	204.565	-26.2806
55.1474	215.332	-26.7068
55.1474	226.099	-27.1078
55.1474	236.865	-27.4858
55.1474	247.632	-27.8427
55.1474	258.398	-28.1802
55.1474	269.165	-28.4998
55.1474	279.932	-28.8027
55.1474	290.698	-29.09
55.1474	301.465	-29.3629
55.1474	312.231	-29.6221
55.1474	322.998	-29.8686
55.1474	333.765	-30.1029
55.1474	344.531	-30.3259
55.1474	355.298	-30.5379
55.1474	366.064	-30.7397
55.1474	376.831	-30.9316
55.1474	387.598	-31.1141
55.1474	398.364	-31.2876
55.1474	409.131	-31.4524
55.1474	419.897	-31.6089
55.1474	430.664	-31.7574
55.1474	441.431	-31.8982
55.1474	452.197	-32.0314
55.1474	462.964	-32.1574
55.1474	473.73	-32.2764
55.1474	484.497	-32.3884
55.1474	495.264	-32.4939
55.1474	506.03	-32.5928
55.1474	516.797	-32.6853
55.1474	527.563	-32.7716
55.1474	538.33	-32.8518
55.1474	549.097	-32.926
55.1474	559.863	-32.9943
55.1474	570.63	-33.0569
55.1474	581.396	-33.1137
55.1474	592.163	-33.1649
55.1474	602.93	-33.2106
55.1474	613.696	-33.2507
55.1474	624.463	-33.2854
55.1474	635.229	-33.3146
55.1474	645.996	-33.3385
55.1474	656.763	-33.3571
55.1474	667.529	-33.3703
55.1474	678.296	-33.3783
55.1474	689.062	-33.3809
55.1474	699.829	-33.3783
55.1474	710.596	-33.3703
55.1474	721.362	-33.3571
55.1474	732.129	-33.3385
55.1474	742.896	-33.3146
55.1474	753.662	-33.2854
55.1474	764.429	-33.2507
55.1474	775.195	-33.2106
55.1474	785.962	-33.1649
55.1474	796.729	-33.1137
55.1474	807.495	-33.0569
55.1474	818.262	-32.9943
55.1474	829.028	-32.926
55.1474	839.795	-32.8518
55.1474	850.562	-32.7716
55.1474	861.328	-32.6853
55.1474	872.095	-32.5928
55.1474	882.861	-32.4939
55.1474	893.628	-32.3884
55.1474	904.395	-32.2764
55.1474	915.161	-32.1574
55.1474	925.928	-32.0314
55.1474	936.694	-31.8982
55.1474	947.461	-31.7574
55.1474	958.228	-31.6089
55.1474	968.994	-31.4524
55.1474	979.761	-31.2876
55.1474	990.527	-31.1141
55.1474	1001.29	-30.9316
55.1474	1012.06	-30.7397
55.1474	1022.83	-30.5379
55.1474	1033.59	-30.3259
55.1474	1044.36	-30.1029
55.1474	1055.13	-29.8686
55.1474	1065.89	-29.6221
55.1474	1076.66	-29.3629
55.1474	1087.43	-29.09
55.1474	1098.19	-28.8027
55.1474	1108.96	-28.4998
55.1474	1119.73	-28.1802
55.1474	1130.49	-27.8427
55.1474	1141.26	-27.4858
55.1474	1152.03	-27.1078
55.1474	1162.79	-26.7068
55.1474	1173.56	-26.2806
55.1474	1184.33	-25.8267
55.1474	1195.09	-25.3421
55.1474	1205.86	-24.8235
55.1474	1216.63	-24.2669
55.1474	1227.39	-23.668
55.1474	1238.16	-23.0217
55.1474	1248.93	-22.3228
55.1474	1259.69	-21.5666
55.1474	1270.46	-20.7506
55.1474	1281.23	-19.8798
55.1474	1291.99	-18.9808
55.1474	1302.76	-18.1446
55.1474	1313.53	-17.6747
55.1474	1324.29	-18.4743
55.1474	1335.06	-11.1005
55.1474	1345.83	11.1095
55.1474	1356.59	28.5571
55.1474	1367.36	29.2796
58.0499	0	19.6393
58.0499	10.7666	29.2752
58.0499	21.5332	28.5466
58.0499	32.2998	11.1918
58.0499	43.0664	-10.9255
58.0499	53.833	-36.0331
58.0499	64.5996	-25.1688
58.0499	75.3662	-24.7232
58.0499	86.1328	-25.6343
58.0499	96.8994	-26.8803
58.0499	107.666	-28.1956
58.0499	118.433	-29.4911
58.0499	129.199	-30.7344
58.0499	139.966	-31.9149
58.0499	150.732	-33.0308
58.0499	161.499	-34.084
58.0499	172.266	-35.0782
58.0499	183.032	-36.0172
58.0499	193.799	-36.905
58.0499	204.565	-37.7455
58.0499	215.332	-38.5421
58.0499	226.099	-39.2981
58.0499	236.865	-40.0162
58.0499	247.632	-40.6992
58.0499	258.398	-41.3492
58.0499	269.165	-41.9685
58.0499	279.932	-42.5588
58.0499	290.698	-43.122
58.0499	301.465	-43.6594
58.0499	312.231	-44.1725
58.0499	322.998	-44.6626
58.0499	333.765	-45.1307
58.0499	344.531	-45.5778
58.0499	355.298	-46.005
58.0499	366.064	-46.4128
58.0499	376.831	-46.8023
58.0499	387.598	-47.1742
58.0499	398.364	-47.5288
58.0499	409.131	-47.8669
58.0499	419.897	-48.1891
58.0499	430.664	-48.4957
58.0499	441.431	-48.7873
58.0499	452.197	-49.0641
58.0499	462.964	-49.3266
58.0499	473.73	-49.5752
58.0499	484.497	-49.8099
58.0499	495.264	-50.0314
58.0499	506.03	-50.2397
58.0499	516.797	-50.4349
58.0499	527.563	-50.6175
58.0499	538.33	-50.7875
58.0499	549.097	-50.9452
58.0499	559.863	-51.0905
58.0499	570.63	-51.2238
58.0499	581.396	-51.3452
58.0499	592.163	-51.4546
58.0499	602.93	-51.5523
58.0499	613.696	-51.6384
58.0499	624.463	-51.7128
58.0499	635.229	-51.7757
58.0499	645.996	-51.827
58.0499	656.763	-51.867
58.0499	667.529	-51.8954
58.0499	678.296	-51.9125
58.0499	689.062	-51.9181
58.0499	699.829	-51.9125
58.0499	710.596	-51.8954
58.0499	721.362	-51.867
58.0499	732.129	-51.827
58.0499	742.896	-51.7757
58.0499	753.662	-51.7128
58.0499	764.429	-51.6384
58.0499	775.195	-51.5523
58.0499	785.962	-51.4546
58.0499	796.729	-51.3452
58.0499	807.495	-51.2238
58.0499	818.262	-51.0905
58.0499	829.028	-50.9452
58.0499	839.795	-50.7875
58.0499	850.562	-50.6175
58.0499	861.328	-50.4349
58.0499	872.095	-50.2397
58.0499	882.861	-50.0314
58.0499	893.628	-49.8099
58.0499	904.395	-49.5752
58.0499	915.161	-49.3266
58.0499	925.928	-49.0641
58.0499	936.694	-48.7873
58.0499	947.461	-48.4957
58.0499	958.228	-48.1891
58.0499	968.994	-47.8669
58.0499	979.761	-47.5288
58.0499	990.527	-47.1742
58.0499	1001.29	-46.8023
58.0499	1012.06	-46.4128
58.0499	1022.83	-46.005
58.0499	1033.59	-45.5778
58.0499	1044.36	-45.1307
58.0499	1055.13	-44.6626
58.0499	1065.89	-44.1725
58.0499	1076.66	-43.6594
58.0499	1087.43	-43.122
58.0499	1098.19	-42.5588
58.0499	1108.96	-41.9685
58.0499	1119.73	-41.3492
58.0499	1130.49	-40.6992
58.0499	1141.26	-40.0162
58.0499	1152.03	-39.2981
58.0499	1162.79	-38.5421
58.0499	1173.56	-37.7455
58.0499	1184.33	-36.905
58.0499	1195.09	-36.0172
58.0499	1205.86	-35.0782
58.0499	1216.63	-34.084
58.0499	1227.39	-33.0308
58.0499	1238.16	-31.9149
58.0499	1248.93	-30.7344
58.0499	1259.69	-29.4911
58.0499	1270.46	-28.1956
58.0499	1281.23	-26.8803
58.0499	1291.99	-25.6343
58.0499	1302.76	-24.7232
58.0499	1313.53	-25.1688
58.0499	1324.29	-36.0331
58.0499	1335.06	-10.9255
58.0499	1345.83	11.1918
58.0499	1356.59	28.5466
58.0499	1367.36	29.2752
60.9524	0	19.1367
60.9524	10.7666	29.2819
60.9524	21.5332	28.5624
60.9524	32.2998	11.0671
60.9524	43.0664	-11.1925
60.9524	53.833	-16.7121
60.9524	64.5996	-16.1558
60.9524	75.3662	-16.6914
60.9524	86.1328	-17.5216
60.9524	96.8994	-18.3945
60.9524	107.666	-19.2349
60.9524	118.433	-20.0216
60.9524	129.199	-20.7514
60.9524	139.966	-21.427
60.9524	150.732	-22.0531
60.9524	161.499	-22.6345
60.9524	172.266	-23.1759
60.9524	183.032	-23.6814
60.9524	193.799	-24.1545
60.9524	204.565	-24.5985
60.9524	215.332	-25.0159
60.9524	226.099	-25.4092
60.9524	236.865	-25.7804
60.9524	247.632	-26.1313
60.9524	258.398	-26.4634
60.9524	269.165	-26.7782
60.9524	279.932	-27.0768
60.9524	290.698	-27.3603
60.9524	301.465	-27.6297
60.9524	312.231	-27.8858
60.9524	322.998	-28.1294
60.9524	333.765	-28.3612
60.9524	344.531	-28.5818
60.9524	355.298	-28.7918
60.9524	366.064	-28.9916
60.9524	376.831	-29.1817
60.9524	387.598	-29.3626
60.9524	398.364	-29.5346
60.9524	409.131	-29.698
60.9524	419.897	-29.8533
60.9524	430.664	-30.0006
60.9524	441.431	-30.1403
60.9524	452.197	-30.2726
60.9524	462.964	-30.3976
60.9524	473.73	-30.5158
60.9524	484.497	-30.6271
60.9524	495.264	-30.7318
60.9524	506.03	-30.83
60.9524	516.797	-30.922
60.9524	527.563	-31.0077
60.9524	538.33	-31.0874
60.9524	549.097	-31.1612
60.9524	559.863	-31.2291
60.9524	570.63	-31.2913
60.9524	581.396	-31.3478
60.9524	592.163	-31.3987
60.9524	602.93	-31.4441
60.9524	613.696	-31.484
60.9524	624.463	-31.5185
60.9524	635.229	-31.5476
60.9524	645.996	-31.5713
60.9524	656.763	-31.5898
60.9524	667.529	-31.6029
60.9524	678.296	-31.6108
60.9524	689.062	-31.6135
60.9524	699.829	-31.6108
60.9524	710.596	-31.6029
60.9524	721.362	-31.5898
60.9524	732.129	-31.5713
60.9524	742.896	-31.5476
60.9524	753.662	-31.5185
60.9524	764.429	-31.484
60.9524	775.195	-31.4441
60.9524	785.962	-31.3987
60.9524	796.729	-31.3478
60.9524	807.495	-31.2913
60.9524	818.262	-31.2291
60.9524	829.028	-31.1612
60.9524	839.795	-31.0874
60.9524	850.562	-31.0077
60.9524	861.328	-30.922
60.9524	872.095	-30.83
60.9524	882.861	-30.7318
60.9524	893.628	-30.6271
60.9524	904.395	-30.5158
60.9524	915.161	-30.3976
60.9524	925.928	-30.2726
60.9524	936.694	-30.1403
60.9524	947.461	-30.0006
60.9524	958.228	-29.8533
60.9524	968.994	-29.698
60.9524	979.761	-29.5346
60.9524	990.527	-29.3626
60.9524	1001.29	-29.1817
60.9524	1012.06	-28.9916
60.9524	1022.83	-28.7918
60.9524	1033.59	-28.5818
60.9524	1044.36	-28.3612
60.9524	1055.13	-28.1294
60.9524	1065.89	-27.8858
60.9524	1076.66	-27.6297
60.9524	1087.43	-27.3603
60.9524	1098.19	-27.0768
60.9524	1108.96	-26.7782
60.9524	1119.73	-26.4634
60.9524	1130.49	-26.1313
60.9524	1141.26	-25.7804
60.9524	1152.03	-25.4092
60.9524	1162.79	-25.0159
60.9524	1173.56	-24.5985
60.9524	1184.33	-24.1545
60.9524	1195.09	-23.6814
60.9524	1205.86	-23.1759
60.9524	1216.63	-22.6345
60.9524	1227.39	-22.0531
60.9524	1238.16	-21.427
60.9524	1248.93	-20.7514
60.9524	1259.69	-20.0216
60.9524	1270.46	-19.2349
60.9524	1281.23	-18.3945
60.9524	1291.99	-17.5216
60.9524	1302.76	-16.6914
60.9524	1313.53	-16.1558
60.9524	1324.29	-16.7121
60.9524	1335.06	-11.1925
60.9524	1345.83	11.0671
60.9524	1356.59	28.5624
60.9524	1367.36	29.2819
63.8549	0	17.6977
63.8549	10.7666	29.2973
63.8549	21.5332	28.5985
63.8549	32.2998	10.766
63.8549	43.0664	-11.8764
63.8549	53.833	-11.5641
63.8549	64.5996	-11.3698
63.8549	75.3662	-12.0122
63.8549	86.1328	-12.8326
63.8549	96.8994	-13.6625
63.8549	107.666	-14.4539
63.8549	118.433	-15.1943
63.8549	129.199	-15.8829
63.8549	139.966	-16.5228
63.8549	150.732	-17.1182
63.8549	161.499	-17.6734
63.8549	172.266	-18.1922
63.8549	183.032	-18.6783
63.8549	193.799	-19.1347
63.8549	204.565	-19.5641
63.8549	215.332	-19.9689
63.8549	226.099	-20.3511
63.8549	236.865	-20.7125
63.8549	247.632	-21.0548
63.8549	258.398	-21.3793
63.8549	269.165	-21.6872
63.8549	279.932	-21.9798
63.8549	290.698	-22.2579
63.8549	301.465	-22.5224
63.8549	312.231	-22.7741
63.8549	322.998	-23.0137
63.8549	333.765	-23.2419
63.8549	344.531	-23.4591
63.8549	355.298	-23.6661
63.8549	366.064	-23.8632
63.8549	376.831	-24.0508
63.8549	387.598	-24.2294
63.8549	398.364	-24.3993
63.8549	409.131	-24.5609
63.8549	419.897	-24.7144
63.8549	430.664	-24.8601
63.8549	441.431	-24.9983
63.8549	452.197	-25.1292
63.8549	462.964	-25.253
63.8549	473.73	-25.37
63.8549	484.497	-25.4802
63.8549	495.264	-25.5839
63.8549	506.03	-25.6813
63.8549	516.797	-25.7724
63.8549	527.563	-25.8574
63.8549	538.33	-25.9364
63.8549	549.097	-26.0096
63.8549	559.863	-26.0769
63.8549	570.63	-26.1386
63.8549	581.396	-26.1946
63.8549	592.163	-26.2451
63.8549	602.93	-26.2902
63.8549	613.696	-26.3297
63.8549	624.463	-26.364
63.8549	635.229	-26.3928
63.8549	645.996	-26.4164
63.8549	656.763	-26.4347
63.8549	667.529	-26.4478
63.8549	678.296	-26.4556
63.8549	689.062	-26.4583
63.8549	699.829	-26.4556
63.8549	710.596	-26.4478
63.8549	721.362	-26.4347
63.8549	732.129	-26.4164
63.8549	742.896	-26.3928
63.8549	753.662	-26.364
63.8549	764.429	-26.3297
63.8549	775.195	-26.2902
63.8549	785.962	-26.2451
63.8549	796.729	-26.1946
63.8549	807.495	-26.1386
63.8549	818.262	-26.0769
63.8549	829.028	-26.0096
63.8549	839.795	-25.9364
63.8549	850.562	-25.8574
63.8549	861.328	-25.7724
63.8549	872.095	-25.6813
63.8549	882.861	-25.5839
63.8549	893.628	-25.4802
63.8549	904.395	-25.37
63.8549	915.161	-25.253
63.8549	925.928	-25.1292
63.8549	936.694	-24.9983
63.8549	947.461	-24.8601
63.8549	958.228	-24.7144
63.8549	968.994	-24.5609
63.8549	979.761	-24.3993
63.8549	990.527	-24.2294
63.8549	1001.29	-24.0508
63.8549	1012.06	-23.8632
63.8549	1022.83	-23.6661
63.8549	1033.59	-23.4591
63.8549	1044.36	-23.2419
63.8549	1055.13	-23.0137
63.8549	1065.89	-22.7741
63.8549	1076.66	-22.5224
63.8549	1087.43	-22.2579
63.8549	1098.19	-21.9798
63.8549	1108.96	-21.6872
63.8549	1119.73	-21.3793
63.8549	1130.49	-21.0548
63.8549	1141.26	-20.7125
63.8549	1152.03	-20.3511
63.8549	1162.79	-19.9689
63.8549	1173.56	-19.5641
63.8549	1184.33	-19.1347
63.8549	1195.09	-18.6783
63.8549	1205.86	-18.1922
63.8549	1216.63	-17.6734
63.8549	1227.39	-17.1182
63.8549	1238.16	-16.5228
63.8549	1248.93	-15.8829
63.8549	1259.69	-15.1943
63.8549	1270.46	-14.4539
63.8549	1281.23	-13.6625
63.8549	1291.99	-12.8326
63.8549	1302.76	-12.0122
63.8549	1313.53	-11.3698
63.8549	1324.29	-11.5641
63.8549	1335.06	-11.8764
63.8549	1345.83	10.766
63.8549	1356.59	28.5985
63.8549	1367.36	29.2973
66.7574	0	14.925
66.7574	10.7666	29.3157
66.7574	21.5332	28.6414
66.7574	32.2998	10.3745
66.7574	43.0664	-12.8722
66.7574	53.833	-8.92984
66.7574	64.5996	-8.8118
66.7574	75.3662	-9.47821
66.7574	86.1328	-10.2964
66.7574	96.8994	-11.1166
66.7574	107.666	-11.897
66.7574	118.433	-12.6272
66.7574	129.199	-13.3068
66.7574	139.966	-13.939
66.7574	150.732	-14.5279
66.7574	161.499	-15.0775
66.7574	172.266	-15.5916
66.7574	183.032	-16.0737
66.7574	193.799	-16.5266
66.7574	204.565	-16.9529
66.7574	215.332	-17.3551
66.7574	226.099	-17.735
66.7574	236.865	-18.0945
66.7574	247.632	-18.435
66.7574	258.398	-18.7579
66.7574	269.165	-19.0645
66.7574	279.932	-19.3558
66.7574	290.698	-19.6328
66.7574	301.465	-19.8963
66.7574	312.231	-20.1471
66.7574	322.998	-20.3859
66.7574	333.765	-20.6134
66.7574	344.531	-20.83
66.7574	355.298	-21.0363
66.7574	366.064	-21.2329
66.7574	376.831	-21.42
66.7574	387.598	-21.5981
66.7574	398.364	-21.7676
66.7574	409.131	-21.9288
66.7574	419.897	-22.0819
66.7574	430.664	-22.2273
66.7574	441.431	-22.3652
66.7574	452.197	-22.4959
66.7574	462.964	-22.6194
66.7574	473.73	-22.7362
66.7574	484.497	-22.8462
66.7574	495.264	-22.9497
66.7574	506.03	-23.0469
66.7574	516.797	-23.1379
66.7574	527.563	-23.2227
66.7574	538.33	-23.3016
66.7574	549.097	-23.3746
66.7574	559.863	-23.4419
66.7574	570.63	-23.5034
66.7574	581.396	-23.5594
66.7574	592.163	-23.6098
66.7574	602.93	-23.6547
66.7574	613.696	-23.6943
66.7574	624.463	-23.7284
66.7574	635.229	-23.7573
66.7574	645.996	-23.7808
66.7574	656.763	-23.7991
66.7574	667.529	-23.8121
66.7574	678.296	-23.82
66.7574	689.062	-23.8226
66.7574	699.829	-23.82
66.7574	710.596	-23.8121
66.7574	721.362	-23.7991
66.7574	732.129	-23.7808
66.7574	742.896	-23.7573
66.7574	753.662	-23.7284
66.7574	764.429	-23.6943
66.7574	775.195	-23.6547
66.7574	785.962	-23.6098
66.7574	796.729	-23.5594
66.7574	807.495	-23.5034
66.7574	818.262	-23.4419
66.7574	829.028	-23.3746
66.7574	839.795	-23.3016
66.7574	850.562	-23.2227
66.7574	861.328	-23.1379
66.7574	872.095	-23.0469
66.7574	882.861	-22.9497
66.7574	893.628	-22.8462
66.7574	904.395	-22.7362
66.7574	915.161	-22.6194
66.7574	925.928	-22.4959
66.7574	936.694	-22.3652
66.7574	947.461	-22.2273
66.7574	958.228	-22.0819
66.7574	968.994	-21.9288
66.7574	979.761	-21.7676
66.7574	990.527	-21.5981
66.7574	1001.29	-21.42
66.7574	1012.06	-21.2329
66.7574	1022.83	-21.0363
66.7574	1033.59	-20.83
66.7574	1044.36	-20.6134
66.7574	1055.13	-20.3859
66.7574	1065.89	-20.1471
66.7574	1076.66	-19.8963
66.7574	1087.43	-19.6328
66.7574	1098.19	-19.3558
66.7574	1108.96	-19.0645
66.7574	1119.73	-18.7579
66.7574	1130.49	-18.435
66.7574	1141.26	-18.0945
66.7574	1152.03	-17.735
66.7574	1162.79	-17.3551
66.7574	1173.56	-16.9529
66.7574	1184.33	-16.5266
66.7574	1195.09	-16.0737
66.7574	1205.86	-15.5916
66.7574	1216.63	-15.0775
66.7574	1227.39	-14.5279
66.7574	1238.16	-13.939
66.7574	1248.93	-13.3068
66.7574	1259.69	-12.6272
66.7574	1270.46	-11.897
66.7574	1281.23	-11.1166
66.7574	1291.99	-10.2964
66.7574	1302.76	-9.47821
66.7574	1313.53	-8.8118
66.7574	1324.29	-8.92984
66.7574	1335.06	-12.8722
66.7574	1345.83	10.3745
66.7574	1356.59	28.6414
66.7574	1367.36	29.3157
69.6599	0	9.4243
69.6599	10.7666	29.3304
69.6599	21.5332	28.6756
69.6599	32.2998	10.032
69.6599	43.0664	-13.8802
69.6599	53.833	-7.57679
69.6599	64.5996	-7.4835
69.6599	75.3662	-8.15783
69.6599	86.1328	-8.97523
69.6599	96.8994	-9.79222
69.6599	107.666	-10.5691
69.6599	118.433	-11.2959
69.6599	129.199	-11.9726
69.6599	139.966	-12.6023
69.6599	150.732	-13.189
69.6599	161.499	-13.7368
69.6599	172.266	-14.2494
69.6599	183.032	-14.7301
69.6599	193.799	-15.1819
69.6599	204.565	-15.6073
69.6599	215.332	-16.0086
69.6599	226.099	-16.3878
69.6599	236.865	-16.7466
69.6599	247.632	-17.0866
69.6599	258.398	-17.409
69.6599	269.165	-17.7152
69.6599	279.932	-18.0061
69.6599	290.698	-18.2827
69.6599	301.465	-18.5459
69.6599	312.231	-18.7964
69.6599	322.998	-19.0349
69.6599	333.765	-19.2622
69.6599	344.531	-19.4786
69.6599	355.298	-19.6847
69.6599	366.064	-19.8811
69.6599	376.831	-20.0681
69.6599	387.598	-20.246
69.6599	398.364	-20.4154
69.6599	409.131	-20.5764
69.6599	419.897	-20.7295
69.6599	430.664	-20.8748
69.6599	441.431	-21.0126
69.6599	452.197	-21.1431
69.6599	462.964	-21.2666
69.6599	473.73	-21.3833
69.6599	484.497	-21.4932
69.6599	495.264	-21.5967
69.6599	506.03	-21.6938
69.6599	516.797	-21.7847
69.6599	527.563	-21.8695
69.6599	538.33	-21.9484
69.6599	549.097	-22.0213
69.6599	559.863	-22.0885
69.6599	570.63	-22.1501
69.6599	581.396	-22.206
69.6599	592.163	-22.2564
69.6599	602.93	-22.3013
69.6599	613.696	-22.3408
69.6599	624.463	-22.3749
69.6599	635.229	-22.4038
69.6599	645.996	-22.4273
69.6599	656.763	-22.4456
69.6599	667.529	-22.4586
69.6599	678.296	-22.4664
69.6599	689.062	-22.469
69.6599	699.829	-22.4664
69.6599	710.596	-22.4586
69.6599	721.362	-22.4456
69.6599	732.129	-22.4273
69.6599	742.896	-22.4038
69.6599	753.662	-22.3749
69.6599	764.429	-22.3408
69.6599	775.195	-22.3013
69.6599	785.962	-22.2564
69.6599	796.729	-22.206
69.6599	807.495	-22.1501
69.6599	818.262	-22.0885
69.6599	829.028	-22.0213
69.6599	839.795	-21.9484
69.6599	850.562	-21.8695
69.6599	861.328	-21.7847
69.6599	872.095	-21.6938
69.6599	882.861	-21.5967
69.6599	893.628	-21.4932
69.6599	904.395	-21.3833
69.6599	915.161	-21.2666
69.6599	925.928	-21.1431
69.6599	936.694	-21.0126
69.6599	947.461	-20.8748
69.6599	958.228	-20.7295
69.6599	968.994	-20.5764
69.6599	979.761	-20.4154
69.6599	990.527	-20.246
69.6599	1001.29	-20.0681
69.6599	1012.06	-19.8811
69.6599	1022.83	-19.6847
69.6599	1033.59	-19.4786
69.6599	1044.36	-19.2622
69.6599	1055.13	-19.0349
69.6599	1065.89	-18.7964
69.6599	1076.66	-18.5459
69.6599	1087.43	-18.2827
69.6599	1098.19	-18.0061
69.6599	1108.96	-17.7152
69.6599	1119.73	-17.409
69.6599	1130.49	-17.0866
69.6599	1141.26	-16.7466
69.6599	1152.03	-16.3878
69.6599	1162.79	-16.0086
69.6599	1173.56	-15.6073
69.6599	1184.33	-15.1819
69.6599	1195.09	-14.7301
69.6599	1205.86	-14.2494
69.6599	1216.63	-13.7368
69.6599	1227.39	-13.189
69.6599	1238.16	-12.6023
69.6599	1248.93	-11.9726
69.6599	1259.69	-11.2959
69.6599	1270.46	-10.5691
69.6599	1281.23	-9.79222
69.6599	1291.99	-8.97523
69.6599	1302.76	-8.15783
69.6599	1313.53	-7.4835
69.6599	1324.29	-7.57679
69.6599	1335.06	-13.8802
69.6599	1345.83	10.032
69.6599	1356.59	28.6756
69.6599	1367.36	29.3304
72.5624	0	-23.3021
72.5624	10.7666	29.3362
72.5624	21.5332	28.6889
72.5624	32.2998	9.88992
72.5624	43.0664	-14.3496
72.5624	53.833	-7.14326
72.5624	64.5996	-7.05643
72.5624	75.3662	-7.73283
72.5624	86.1328	-8.55004
72.5624	96.8994	-9.3662
72.5624	107.666	-10.1421
72.5624	118.433	-10.868
72.5624	129.199	-11.544
72.5624	139.966	-12.173
72.5624	150.732	-12.7592
72.5624	161.499	-13.3066
72.5624	172.266	-13.8187
72.5624	183.032	-14.2991
72.5624	193.799	-14.7506
72.5624	204.565	-15.1757
72.5624	215.332	-15.5768
72.5624	226.099	-15.9558
72.5624	236.865	-16.3145
72.5624	247.632	-16.6543
72.5624	258.398	-16.9766
72.5624	269.165	-17.2826
72.5624	279.932	-17.5734
72.5624	290.698	-17.8499
72.5624	301.465	-18.113
72.5624	312.231	-18.3635
72.5624	322.998	-18.602
72.5624	333.765	-18.8291
72.5624	344.531	-19.0455
72.5624	355.298	-19.2516
72.5624	366.064	-19.4479
72.5624	376.831	-19.6348
72.5624	387.598	-19.8128
72.5624	398.364	-19.9821
72.5624	409.131	-20.1431
72.5624	419.897	-20.2961
72.5624	430.664	-20.4414
72.5624	441.431	-20.5791
72.5624	452.197	-20.7097
72.5624	462.964	-20.8331
72.5624	473.73	-20.9498
72.5624	484.497	-21.0597
72.5624	495.264	-21.1632
72.5624	506.03	-21.2603
72.5624	516.797	-21.3512
72.5624	527.563	-21.436
72.5624	538.33	-21.5148
72.5624	549.097	-21.5878
72.5624	559.863	-21.6549
72.5624	570.63	-21.7165
72.5624	581.396	-21.7724
72.5624	592.163	-21.8228
72.5624	602.93	-21.8677
72.5624	613.696	-21.9072
72.5624	624.463	-21.9413
72.5624	635.229	-21.9701
72.5624	645.996	-21.9937
72.5624	656.763	-22.0119
72.5624	667.529	-22.025
72.5624	678.296	-22.0328
72.5624	689.062	-22.0354
72.5624	699.829	-22.0328
72.5624	710.596	-22.025
72.5624	721.362	-22.0119
72.5624	732.129	-21.9937
72.5624	742.896	-21.9701
72.5624	753.662	-21.9413
72.5624	764.429	-21.9072
72.5624	775.195	-21.8677
72.5624	785.962	-21.8228
72.5624	796.729	-21.7724
72.5624	807.495	-21.7165
72.5624	818.262	-21.6549
72.5624	829.028	-21.5878
72.5624	839.795	-21.5148
72.5624	850.562	-21.436
72.5624	861.328	-21.3512
72.5624	872.095	-21.2603
72.5624	882.861	-21.1632
72.5624	893.628	-21.0597
72.5624	904.395	-20.9498
72.5624	915.161	-20.8331
72.5624	925.928	-20.7097
72.5624	936.694	-20.5791
72.5624	947.461	-20.4414
72.5624	958.228	-20.2961
72.5624	968.994	-20.1431
72.5624	979.761	-19.9821
72.5624	990.527	-19.8128
72.5624	1001.29	-19.6348
72.5624	1012.06	-19.4479
72.5624	1022.83	-19.2516
72.5624	1033.59	-19.0455
72.5624	1044.36	-18.8291
72.5624	1055.13	-18.602
72.5624	1065.89	-18.3635
72.5624	1076.66	-18.113
72.5624	1087.43	-17.8499
72.5624	1098.19	-17.5734
72.5624	1108.96	-17.2826
72.5624	1119.73	-16.9766
72.5624	1130.49	-16.6543
72.5624	1141.26	-16.3145
72.5624	1152.03	-15.9558
72.5624	1162.79	-15.5768
72.5624	1173.56	-15.1757
72.5624	1184.33	-14.7506
72.5624	1195.09	-14.2991
72.5624	1205.86	-13.8187
72.5624	1216.63	-13.3066
72.5624	1227.39	-12.7592
72.5624	1238.16	-12.173
72.5624	1248.93	-11.544
72.5624	1259.69	-10.868
72.5624	1270.46	-10.1421
72.5624	1281.23	-9.3662
72.5624	1291.99	-8.55004
72.5624	1302.76	-7.73283
72.5624	1313.53	-7.05643
72.5624	1324.29	-7.14326
72.5624	1335.06	-14.3496
72.5624	1345.83	9.88992
72.5624	1356.59	28.6889
72.5624	1367.36	29.3362
75.4649	0	9.03295
75.4649	10.7666	29.3309
75.4649	21.5332	28.6767
75.4649	32.2998	10.0199
75.4649	43.0664	-13.9188
75.4649	53.833	-7.53766
75.4649	64.5996	-7.44498
75.4649	75.3662	-8.1195
75.4649	86.1328	-8.93689
75.4649	96.8994	-9.7538
75.4649	107.666	-10.5306
75.4649	118.433	-11.2573
75.4649	129.199	-11.9339
75.4649	139.966	-12.5636
75.4649	150.732	-13.1503
75.4649	161.499	-13.698
75.4649	172.266	-14.2106
75.4649	183.032	-14.6913
75.4649	193.799	-15.143
75.4649	204.565	-15.5684
75.4649	215.332	-15.9697
75.4649	226.099	-16.3489
75.4649	236.865	-16.7076
75.4649	247.632	-17.0476
75.4649	258.398	-17.37
75.4649	269.165	-17.6761
75.4649	279.932	-17.967
75.4649	290.698	-18.2436
75.4649	301.465	-18.5068
75.4649	312.231	-18.7573
75.4649	322.998	-18.9959
75.4649	333.765	-19.2231
75.4649	344.531	-19.4395
75.4649	355.298	-19.6456
75.4649	366.064	-19.842
75.4649	376.831	-20.029
75.4649	387.598	-20.2069
75.4649	398.364	-20.3763
75.4649	409.131	-20.5373
75.4649	419.897	-20.6904
75.4649	430.664	-20.8356
75.4649	441.431	-20.9734
75.4649	452.197	-21.104
75.4649	462.964	-21.2275
75.4649	473.73	-21.3441
75.4649	484.497	-21.4541
75.4649	495.264	-21.5576
75.4649	506.03	-21.6547
75.4649	516.797	-21.7456
75.4649	527.563	-21.8304
75.4649	538.33	-21.9092
75.4649	549.097	-21.9822
75.4649	559.863	-22.0494
75.4649	570.63	-22.1109
75.4649	581.396	-22.1668
75.4649	592.163	-22.2172
75.4649	602.93	-22.2622
75.4649	613.696	-22.3017
75.4649	624.463	-22.3358
75.4649	635.229	-22.3646
75.4649	645.996	-22.3882
75.4649	656.763	-22.4064
75.4649	667.529	-22.4195
75.4649	678.296	-22.4273
75.4649	689.062	-22.4299
75.4649	699.829	-22.4273
75.4649	710.596	-22.4195
75.4649	721.362	-22.4064
75.4649	732.129	-22.3882
75.4649	742.896	-22.3646
75.4649	753.662	-22.3358
75.4649	764.429	-22.3017
75.4649	775.195	-22.2622
75.4649	785.962	-22.2172
75.4649	796.729	-22.1668
75.4649	807.495	-22.1109
75.4649	818.262	-22.0494
75.4649	829.028	-21.9822
75.4649	839.795	-21.9092
75.4649	850.562	-21.8304
75.4649	861.328	-21.7456
75.4649	872.095	-21.6547
75.4649	882.861	-21.5576
75.4649	893.628	-21.4541
75.4649	904.395	-21.3441
75.4649	915.161	-21.2275
75.4649	925.928	-21.104
75.4649	936.694	-20.9734
75.4649	947.461	-20.8356
75.4649	958.228	-20.6904
75.4649	968.994	-20.5373
75.4649	979.761	-20.3763
75.4649	990.527	-20.2069
75.4649	1001.29	-20.029
75.4649	1012.06	-19.842
75.4649	1022.83	-19.6456
75.4649	1033.59	-19.4395
75.4649	1044.36	-19.2231
75.4649	1055.13	-18.9959
75.4649	1065.89	-18.7573
75.4649	1076.66	-18.5068
75.4649	1087.43	-18.2436
75.4649	1098.19	-17.967
75.4649	1108.96	-17.6761
75.4649	1119.73	-17.37
75.4649	1130.49	-17.0476
75.4649	1141.26	-16.7076
75.4649	1152.03	-16.3489
75.4649	1162.79	-15.9697
75.4649	1173.56	-15.5684
75.4649	1184.33	-15.143
75.4649	1195.09	-14.6913
75.4649	1205.86	-14.2106
75.4649	1216.63	-13.698
75.4649	1227.39	-13.1503
75.4649	1238.16	-12.5636
75.4649	1248.93	-11.9339
75.4649	1259.69	-11.2573
75.4649	1270.46	-10.5306
75.4649	1281.23	-9.7538
75.4649	1291.99	-8.93689
75.4649	1302.76	-8.1195
75.4649	1313.53	-7.44498
75.4649	1324.29	-7.53766
75.4649	1335.06	-13.9188
75.4649	1345.83	10.0199
75.4649	1356.59	28.6767
75.4649	1367.36	29.3309
78.3673	0	14.7489
78.3673	10.7666	29.3165
78.3673	21.5332	28.6433
78.3673	32.2998	10.3562
78.3673	43.0664	-12.9223
78.3673	53.833	-8.84289
78.3673	64.5996	-8.72668
78.3673	75.3662	-9.39367
78.3673	86.1328	-10.2118
78.3673	96.8994	-11.0317
78.3673	107.666	-11.8119
78.3673	118.433	-12.5418
78.3673	129.199	-13.2213
78.3673	139.966	-13.8533
78.3673	150.732	-14.442
78.3673	161.499	-14.9915
78.3673	172.266	-15.5055
78.3673	183.032	-15.9874
78.3673	193.799	-16.4402
78.3673	204.565	-16.8665
78.3673	215.332	-17.2686
78.3673	226.099	-17.6485
78.3673	236.865	-18.0079
78.3673	247.632	-18.3484
78.3673	258.398	-18.6713
78.3673	269.165	-18.9778
78.3673	279.932	-19.2691
78.3673	290.698	-19.546
78.3673	301.465	-19.8095
78.3673	312.231	-20.0603
78.3673	322.998	-20.2991
78.3673	333.765	-20.5265
78.3673	344.531	-20.7432
78.3673	355.298	-20.9495
78.3673	366.064	-21.146
78.3673	376.831	-21.3331
78.3673	387.598	-21.5113
78.3673	398.364	-21.6807
78.3673	409.131	-21.8419
78.3673	419.897	-21.995
78.3673	430.664	-22.1404
78.3673	441.431	-22.2783
78.3673	452.197	-22.4089
78.3673	462.964	-22.5325
78.3673	473.73	-22.6492
78.3673	484.497	-22.7593
78.3673	495.264	-22.8628
78.3673	506.03	-22.96
78.3673	516.797	-23.0509
78.3673	527.563	-23.1358
78.3673	538.33	-23.2146
78.3673	549.097	-23.2877
78.3673	559.863	-23.3549
78.3673	570.63	-23.4164
78.3673	581.396	-23.4724
78.3673	592.163	-23.5228
78.3673	602.93	-23.5678
78.3673	613.696	-23.6073
78.3673	624.463	-23.6414
78.3673	635.229	-23.6703
78.3673	645.996	-23.6938
78.3673	656.763	-23.7121
78.3673	667.529	-23.7251
78.3673	678.296	-23.733
78.3673	689.062	-23.7356
78.3673	699.829	-23.733
78.3673	710.596	-23.7251
78.3673	721.362	-23.7121
78.3673	732.129	-23.6938
78.3673	742.896	-23.6703
78.3673	753.662	-23.6414
78.3673	764.429	-23.6073
78.3673	775.195	-23.5678
78.3673	785.962	-23.5228
78.3673	796.729	-23.4724
78.3673	807.495	-23.4164
78.3673	818.262	-23.3549
78.3673	829.028	-23.2877
78.3673	839.795	-23.2146
78.3673	850.562	-23.1358
78.3673	861.328	-23.0509
78.3673	872.095	-22.96
78.3673	882.861	-22.8628
78.3673	893.628	-22.7593
78.3673	904.395	-22.6492
78.3673	915.161	-22.5325
78.3673	925.928	-22.4089
78.3673	936.694	-22.2783
78.3673	947.461	-22.1404
78.3673	958.228	-21.995
78.3673	968.994	-21.8419
78.3673	979.761	-21.6807
78.3673	990.527	-21.5113
78.3673	1001.29	-21.3331
78.3673	1012.06	-21.146
78.3673	1022.83	-20.9495
78.3673	1033.59	-20.7432
78.3673	1044.36	-20.5265
78.3673	1055.13	-20.2991
78.3673	1065.89	-20.0603
78.3673	1076.66	-19.8095
78.3673	1087.43	-19.546
78.3673	1098.19	-19.2691
78.3673	1108.96	-18.9778
78.3673	1119.73	-18.6713
78.3673	1130.49	-18.3484
78.3673	1141.26	-18.0079
78.3673	1152.03	-17.6485
78.3673	1162.79	-17.2686
78.3673	1173.56	-16.8665
78.3673	1184.33	-16.4402
78.3673	1195.09	-15.9874
78.3673	1205.86	-15.5055
78.3673	1216.63	-14.9915
78.3673	1227.39	-14.442
78.3673	1238.16	-13.8533
78.3673	1248.93	-13.2213
78.3673	1259.69	-12.5418
78.3673	1270.46	-11.8119
78.3673	1281.23	-11.0317
78.3673	1291.99	-10.2118
78.3673	1302.76	-9.39367
78.3673	1313.53	-8.72668
78.3673	1324.29	-8.84289
78.3673	1335.06	-12.9223
78.3673	1345.83	10.3562
78.3673	1356.59	28.6433
78.3673	1367.36	29.3165
81.2698	0	17.6032
81.2698	10.7666	29.2981
81.2698	21.5332	28.6004
81.2698	32.2998	10.7489
81.2698	43.0664	-11.9172
81.2698	53.833	-11.402
81.2698	64.5996	-11.2138
81.2698	75.3662	-11.8581
81.2698	86.1328	-12.6784
81.2698	96.8994	-13.5075
81.2698	107.666	-14.298
81.2698	118.433	-15.0376
81.2698	129.199	-15.7255
81.2698	139.966	-16.3648
81.2698	150.732	-16.9597
81.2698	161.499	-17.5144
81.2698	172.266	-18.0329
81.2698	183.032	-18.5186
81.2698	193.799	-18.9747
81.2698	204.565	-19.4039
81.2698	215.332	-19.8084
81.2698	226.099	-20.1905
81.2698	236.865	-20.5517
81.2698	247.632	-20.8939
81.2698	258.398	-21.2182
81.2698	269.165	-21.5261
81.2698	279.932	-21.8185
81.2698	290.698	-22.0965
81.2698	301.465	-22.3609
81.2698	312.231	-22.6126
81.2698	322.998	-22.8521
81.2698	333.765	-23.0802
81.2698	344.531	-23.2975
81.2698	355.298	-23.5044
81.2698	366.064	-23.7014
81.2698	376.831	-23.889
81.2698	387.598	-24.0676
81.2698	398.364	-24.2375
81.2698	409.131	-24.399
81.2698	419.897	-24.5524
81.2698	430.664	-24.6981
81.2698	441.431	-24.8363
81.2698	452.197	-24.9672
81.2698	462.964	-25.091
81.2698	473.73	-25.2079
81.2698	484.497	-25.3182
81.2698	495.264	-25.4219
81.2698	506.03	-25.5192
81.2698	516.797	-25.6103
81.2698	527.563	-25.6953
81.2698	538.33	-25.7743
81.2698	549.097	-25.8475
81.2698	559.863	-25.9148
81.2698	570.63	-25.9765
81.2698	581.396	-26.0325
81.2698	592.163	-26.083
81.2698	602.93	-26.128
81.2698	613.696	-26.1676
81.2698	624.463	-26.2018
81.2698	635.229	-26.2307
81.2698	645.996	-26.2542
81.2698	656.763	-26.2726
81.2698	667.529	-26.2856
81.2698	678.296	-26.2935
81.2698	689.062	-26.2961
81.2698	699.829	-26.2935
81.2698	710.596	-26.2856
81.2698	721.362	-26.2726
81.2698	732.129	-26.2542
81.2698	742.896	-26.2307
81.2698	753.662	-26.2018
81.2698	764.429	-26.1676
81.2698	775.195	-26.128
81.2698	785.962	-26.083
81.2698	796.729	-26.0325
81.2698	807.495	-25.9765
81.2698	818.262	-25.9148
81.2698	829.028	-25.8475
81.2698	839.795	-25.7743
81.2698	850.562	-25.6953
81.2698	861.328	-25.6103
81.2698	872.095	-25.5192
81.2698	882.861	-25.4219
81.2698	893.628	-25.3182
81.2698	904.395	-25.2079
81.2698	915.161	-25.091
81.2698	925.928	-24.9672
81.2698	936.694	-24.8363
81.2698	947.461	-24.6981
81.2698	958.228	-24.5524
81.2698	968.994	-24.399
81.2698	979.761	-24.2375
81.2698	990.527	-24.0676
81.2698	1001.29	-23.889
81.2698	1012.06	-23.7014
81.2698	1022.83	-23.5044
81.2698	1033.59	-23.2975
81.2698	1044.36	-23.0802
81.2698	1055.13	-22.8521
81.2698	1065.89	-22.6126
81.2698	1076.66	-22.3609
81.2698	1087.43	-22.0965
81.2698	1098.19	-21.8185
81.2698	1108.96	-21.5261
81.2698	1119.73	-21.2182
81.2698	1130.49	-20.8939
81.2698	1141.26	-20.5517
81.2698	1152.03	-20.1905
81.2698	1162.79	-19.8084
81.2698	1173.56	-19.4039
81.2698	1184.33	-18.9747
81.2698	1195.09	-18.5186
81.2698	1205.86	-18.0329
81.2698	1216.63	-17.5144
81.2698	1227.39	-16.9597
81.2698	1238.16	-16.3648
81.2698	1248.93	-15.7255
81.2698	1259.69	-15.0376
81.2698	1270.46	-14.298
81.2698	1281.23	-13.5075
81.2698	1291.99	-12.6784
81.2698	1302.76	-11.8581
81.2698	1313.53	-11.2138
81.2698	1324.29	-11.402
81.2698	1335.06	-11.9172
81.2698	1345.83	10.7489
81.2698	1356.59	28.6004
81.2698	1367.36	29.2981
84.1723	0	19.0921
84.1723	10.7666	29.2824
84.1723	21.5332	28.5637
84.1723	32.2998	11.0565
84.1723	43.0664	-11.2154
84.1723	53.833	-16.369
84.1723	64.5996	-15.8509
84.1723	75.3662	-16.3972
84.1723	86.1328	-17.2265
84.1723	96.8994	-18.095
84.1723	107.666	-18.9305
84.1723	118.433	-19.7125
84.1723	129.199	-20.4381
84.1723	139.966	-21.11
84.1723	150.732	-21.7329
84.1723	161.499	-22.3115
84.1723	172.266	-22.8505
84.1723	183.032	-23.3539
84.1723	193.799	-23.8253
84.1723	204.565	-24.2677
84.1723	215.332	-24.6837
84.1723	226.099	-25.0759
84.1723	236.865	-25.446
84.1723	247.632	-25.796
84.1723	258.398	-26.1273
84.1723	269.165	-26.4413
84.1723	279.932	-26.7393
84.1723	290.698	-27.0222
84.1723	301.465	-27.2911
84.1723	312.231	-27.5467
84.1723	322.998	-27.7899
84.1723	333.765	-28.0213
84.1723	344.531	-28.2415
84.1723	355.298	-28.4511
84.1723	366.064	-28.6506
84.1723	376.831	-28.8405
84.1723	387.598	-29.0211
84.1723	398.364	-29.1929
84.1723	409.131	-29.3561
84.1723	419.897	-29.5112
84.1723	430.664	-29.6583
84.1723	441.431	-29.7979
84.1723	452.197	-29.93
84.1723	462.964	-30.0549
84.1723	473.73	-30.1729
84.1723	484.497	-30.2841
84.1723	495.264	-30.3887
84.1723	506.03	-30.4869
84.1723	516.797	-30.5787
84.1723	527.563	-30.6644
84.1723	538.33	-30.744
84.1723	549.097	-30.8177
84.1723	559.863	-30.8856
84.1723	570.63	-30.9477
84.1723	581.396	-31.0042
84.1723	592.163	-31.055
84.1723	602.93	-31.1003
84.1723	613.696	-31.1402
84.1723	624.463	-31.1747
84.1723	635.229	-31.2037
84.1723	645.996	-31.2275
84.1723	656.763	-31.2459
84.1723	667.529	-31.2591
84.1723	678.296	-31.267
84.1723	689.062	-31.2696
84.1723	699.829	-31.267
84.1723	710.596	-31.2591
84.1723	721.362	-31.2459
84.1723	732.129	-31.2275
84.1723	742.896	-31.2037
84.1723	753.662	-31.1747
84.1723	764.429	-31.1402
84.1723	775.195	-31.1003
84.1723	785.962	-31.055
84.1723	796.729	-31.0042
84.1723	807.495	-30.9477
84.1723	818.262	-30.8856
84.1723	829.028	-30.8177
84.1723	839.795	-30.744
84.1723	850.562	-30.6644
84.1723	861.328	-30.5787
84.1723	872.095	-30.4869
84.1723	882.861	-30.3887
84.1723	893.628	-30.2841
84.1723	904.395	-30.1729
84.1723	915.161	-30.0549
84.1723	925.928	-29.93
84.1723	936.694	-29.7979
84.1723	947.461	-29.6583
84.1723	958.228	-29.5112
84.1723	968.994	-29.3561
84.1723	979.761	-29.1929
84.1723	990.527	-29.0211
84.1723	1001.29	-28.8405
84.1723	1012.06	-28.6506
84.1723	1022.83	-28.4511
84.1723	1033.59	-28.2415
84.1723	1044.36	-28.0213
84.1723	1055.13	-27.7899
84.1723	1065.89	-27.5467
84.1723	1076.66	-27.2911
84.1723	1087.43	-27.0222
84.1723	1098.19	-26.7393
84.1723	1108.96	-26.4413
84.1723	1119.73	-26.1273
84.1723	1130.49	-25.796
84.1723	1141.26	-25.446
84.1723	1152.03	-25.0759
84.1723	1162.79	-24.6837
84.1723	1173.56	-24.2677
84.1723	1184.33	-23.8253
84.1723	1195.09	-23.3539
84.1723	1205.86	-22.8505
84.1723	1216.63	-22.3115
84.1723	1227.39	-21.7329
84.1723	1238.16	-21.11
84.1723	1248.93	-20.4381
84.1723	1259.69	-19.7125
84.1723	1270.46	-18.9305
84.1723	1281.23	-18.095
84.1723	1291.99	-17.2265
84.1723	1302.76	-16.3972
84.1723	1313.53	-15.8509
84.1723	1324.29	-16.369
84.1723	1335.06	-11.2154
84.1723	1345.83	11.0565
84.1723	1356.59	28.5637
84.1723	1367.36	29.2824
87.0748	0	19.6344
87.0748	10.7666	29.2752
87.0748	21.5332	28.5468
87.0748	32.2998	11.1905
87.0748	43.0664	-10.9282
87.0748	53.833	-33.3297
87.0748	64.5996	-24.8702
87.0748	75.3662	-24.4918
87.0748	86.1328	-25.3979
87.0748	96.8994	-26.6195
87.0748	107.666	-27.9009
87.0748	118.433	-29.1561
87.0748	129.199	-30.354
87.0748	139.966	-31.4848
87.0748	150.732	-32.5474
87.0748	161.499	-33.5439
87.0748	172.266	-34.4784
87.0748	183.032	-35.355
87.0748	193.799	-36.178
87.0748	204.565	-36.9514
87.0748	215.332	-37.679
87.0748	226.099	-38.3642
87.0748	236.865	-39.01
87.0748	247.632	-39.6194
87.0748	258.398	-40.1949
87.0748	269.165	-40.7388
87.0748	279.932	-41.253
87.0748	290.698	-41.7397
87.0748	301.465	-42.2004
87.0748	312.231	-42.6367
87.0748	322.998	-43.0501
87.0748	333.765	-43.4418
87.0748	344.531	-43.813
87.0748	355.298	-44.165
87.0748	366.064	-44.4984
87.0748	376.831	-44.8145
87.0748	387.598	-45.114
87.0748	398.364	-45.3975
87.0748	409.131	-45.6661
87.0748	419.897	-45.92
87.0748	430.664	-46.1601
87.0748	441.431	-46.387
87.0748	452.197	-46.601
87.0748	462.964	-46.8027
87.0748	473.73	-46.9925
87.0748	484.497	-47.1708
87.0748	495.264	-47.3381
87.0748	506.03	-47.4945
87.0748	516.797	-47.6405
87.0748	527.563	-47.7764
87.0748	538.33	-47.9023
87.0748	549.097	-48.0186
87.0748	559.863	-48.1254
87.0748	570.63	-48.223
87.0748	581.396	-48.3115
87.0748	592.163	-48.3912
87.0748	602.93	-48.4621
87.0748	613.696	-48.5243
87.0748	624.463	-48.578
87.0748	635.229	-48.6234
87.0748	645.996	-48.6603
87.0748	656.763	-48.689
87.0748	667.529	-48.7094
87.0748	678.296	-48.7217
87.0748	689.062	-48.7258
87.0748	699.829	-48.7217
87.0748	710.596	-48.7094
87.0748	721.362	-48.689
87.0748	732.129	-48.6603
87.0748	742.896	-48.6234
87.0748	753.662	-48.578
87.0748	764.429	-48.5243
87.0748	775.195	-48.4621
87.0748	785.962	-48.3912
87.0748	796.729	-48.3115
87.0748	807.495	-48.223
87.0748	818.262	-48.1254
87.0748	829.028	-48.0186
87.0748	839.795	-47.9023
87.0748	850.562	-47.7764
87.0748	861.328	-47.6405
87.0748	872.095	-47.4945
87.0748	882.861	-47.3381
87.0748	893.628	-47.1708
87.0748	904.395	-46.9925
87.0748	915.161	-46.8027
87.0748	925.928	-46.601
87.0748	936.694	-46.387
87.0748	947.461	-46.1601
87.0748	958.228	-45.92
87.0748	968.994	-45.6661
87.0748	979.761	-45.3975
87.0748	990.527	-45.114
87.0748	1001.29	-44.8145
87.0748	1012.06	-44.4984
87.0748	1022.83	-44.165
87.0748	1033.59	-43.813
87.0748	1044.36	-43.4418
87.0748	1055.13	-43.0501
87.0748	1065.89	-42.6367
87.0748	1076.66	-42.2004
87.0748	1087.43	-41.7397
87.0748	1098.19	-41.253
87.0748	1108.96	-40.7388
87.0748	1119.73	-40.1949
87.0748	1130.49	-39.6194
87.0748	1141.26	-39.01
87.0748	1152.03	-38.3642
87.0748	1162.79	-37.679
87.0748	1173.56	-36.9514
87.0748	1184.33	-36.178
87.0748	1195.09	-35.355
87.0748	1205.86	-34.4784
87.0748	1216.63	-33.5439
87.0748	1227.39	-32.5474
87.0748	1238.16	-31.4848
87.0748	1248.93	-30.354
87.0748	1259.69	-29.1561
87.0748	1270.46	-27.9009
87.0748	1281.23	-26.6195
87.0748	1291.99	-25.3979
87.0748	1302.76	-24.4918
87.0748	1313.53	-24.8702
87.0748	1324.29	-33.3297
87.0748	1335.06	-10.9282
87.0748	1345.83	11.1905
87.0748	1356.59	28.5468
87.0748	1367.36	29.2752
89.9773	0	19.3467
89.9773	10.7666	29.2792
89.9773	21.5332	28.556
89.9773	32.2998	11.1179
89.9773	43.0664	-11.0827
89.9773	53.833	-18.9249
89.9773	64.5996	-18.0484
89.9773	75.3662	-18.4985
89.9773	86.1328	-19.3364
89.9773	96.8994	-20.2433
89.9773	107.666	-21.1233
89.9773	118.433	-21.9483
89.9773	129.199	-22.7127
89.9773	139.966	-23.4187
89.9773	150.732	-24.0713
89.9773	161.499	-24.6758
89.9773	172.266	-25.2371
89.9773	183.032	-25.7599
89.9773	193.799	-26.2481
89.9773	204.565	-26.7052
89.9773	215.332	-27.1342
89.9773	226.099	-27.5377
89.9773	236.865	-27.9179
89.9773	247.632	-28.2767
89.9773	258.398	-28.616
89.9773	269.165	-28.9371
89.9773	279.932	-29.2414
89.9773	290.698	-29.53
89.9773	301.465	-29.804
89.9773	312.231	-30.0642
89.9773	322.998	-30.3116
89.9773	333.765	-30.5468
89.9773	344.531	-30.7705
89.9773	355.298	-30.9833
89.9773	366.064	-31.1857
89.9773	376.831	-31.3781
89.9773	387.598	-31.5612
89.9773	398.364	-31.7352
89.9773	409.131	-31.9004
89.9773	419.897	-32.0574
89.9773	430.664	-32.2062
89.9773	441.431	-32.3473
89.9773	452.197	-32.4809
89.9773	462.964	-32.6072
89.9773	473.73	-32.7264
89.9773	484.497	-32.8387
89.9773	495.264	-32.9444
89.9773	506.03	-33.0435
89.9773	516.797	-33.1362
89.9773	527.563	-33.2227
89.9773	538.33	-33.3031
89.9773	549.097	-33.3774
89.9773	559.863	-33.4459
89.9773	570.63	-33.5086
89.9773	581.396	-33.5655
89.9773	592.163	-33.6168
89.9773	602.93	-33.6625
89.9773	613.696	-33.7027
89.9773	624.463	-33.7375
89.9773	635.229	-33.7668
89.9773	645.996	-33.7907
89.9773	656.763	-33.8093
89.9773	667.529	-33.8226
89.9773	678.296	-33.8305
89.9773	689.062	-33.8332
89.9773	699.829	-33.8305
89.9773	710.596	-33.8226
89.9773	721.362	-33.8093
89.9773	732.129	-33.7907
89.9773	742.896	-33.7668
89.9773	753.662	-33.7375
89.9773	764.429	-33.7027
89.9773	775.195	-33.6625
89.9773	785.962	-33.6168
89.9773	796.729	-33.5655
89.9773	807.495	-33.5086
89.9773	818.262	-33.4459
89.9773	829.028	-33.3774
89.9773	839.795	-33.3031
89.9773	850.562	-33.2227
89.9773	861.328	-33.1362
89.9773	872.095	-33.0435
89.9773	882.861	-32.9444
89.9773	893.628	-32.8387
89.9773	904.395	-32.7264
89.9773	915.161	-32.6072
89.9773	925.928	-32.4809
89.9773	936.694	-32.3473
89.9773	947.461	-32.2062
89.9773	958.228	-32.0574
89.9773	968.994	-31.9004
89.9773	979.761	-31.7352
89.9773	990.527	-31.5612
89.9773	1001.29	-31.3781
89.9773	1012.06	-31.1857
89.9773	1022.83	-30.9833
89.9773	1033.59	-30.7705
89.9773	1044.36	-30.5468
89.9773	1055.13	-30.3116
89.9773	1065.89	-30.0642
89.9773	1076.66	-29.804
89.9773	1087.43	-29.53
89.9773	1098.19	-29.2414
89.9773	1108.96	-28.9371
89.9773	1119.73	-28.616
89.9773	1130.49	-28.2767
89.9773	1141.26	-27.9179
89.9773	1152.03	-27.5377
89.9773	1162.79	-27.1342
89.9773	1173.56	-26.7052
89.9773	1184.33	-26.2481
89.9773	1195.09	-25.7599
89.9773	1205.86	-25.2371
89.9773	1216.63	-24.6758
89.9773	1227.39	-24.0713
89.9773	1238.16	-23.4187
89.9773	1248.93	-22.7127
89.9773	1259.69	-21.9483
89.9773	1270.46	-21.1233
89.9773	1281.23	-20.2433
89.9773	1291.99	-19.3364
89.9773	1302.76	-18.4985
89.9773	1313.53	-18.0484
89.9773	1324.29	-18.9249
89.9773	1335.06	-11.0827
89.9773	1345.83	11.1179
89.9773	1356.59	28.556
89.9773	1367.36	29.2792

