0	0	-37.1514
0	10.7666	-10.7228
0	21.5332	23.0413
0	32.2998	28.8146
0	43.0664	19.9629
0	53.833	-18.0754
0	64.5996	-26.5744
0	75.3662	-13.8116
0	86.1328	6.09389
0	96.8994	9.38726
0	107.666	-3.62297
0	118.433	-33.3783
0	129.199	-25.2832
0	139.966	-15.5674
0	150.732	-1.11716
0	161.499	-0.306842
0	172.266	-18.9798
0	183.032	-28.5978
0	193.799	-27.2275
0	204.565	-17.3067
0	215.332	-5.54128
0	226.099	-7.69845
0	236.865	-28.4337
0	247.632	-29.685
0	258.398	-29.9707
0	269.165	-19.0426
0	279.932	-8.74736
0	290.698	-14.6539
0	301.465	-31.2123
0	312.231	-31.7151
0	322.998	-31.4367
0	333.765	-20.2532
0	344.531	-11.4816
0	355.298	-22.2584
0	366.064	-33.5883
0	376.831	-33.0497
0	387.598	-31.0279
0	398.364	-20.4099
0	409.131	-14.177
0	419.897	-31.5381
0	430.664	-34.4465
0	441.431	-33.6253
0	452.197	-30.8841
0	462.964	-19.8406
0	473.73	-17.0808
0	484.497	-37.5704
0	495.264	-34.514
0	506.03	-34.2569
0	516.797	-32.0477
0	527.563	-19.1993
0	538.33	-20.3398
0	549.097	-35.6379
0	559.863	-34.7957
0	570.63	-34.9937
0	581.396	-34.1545
0	592.163	-18.776
0	602.93	-24.0874
0	613.696	-34.9631
0	624.463	-35.1729
0	635.229	-35.3115
0	645.996	-33.1714
0	656.763	-18.5875
0	667.529	-28.5072
0	678.296	-35.1186
0	689.062	-35.3324
0	699.829	-35.1186
0	710.596	-28.5072
0	721.362	-18.5875
0	732.129	-33.1714
0	742.896	-35.3115
0	753.662	-35.1729
0	764.429	-34.9631
0	775.195	-24.0874
0	785.962	-18.776
0	796.729	-34.1545
0	807.495	-34.9937
0	818.262	-34.7957
0	829.028	-35.6379
0	839.795	-20.3398
0	850.562	-19.1993
0	861.328	-32.0477
0	872.095	-34.2569
0	882.861	-34.514
0	893.628	-37.5704
0	904.395	-17.0808
0	915.161	-19.8406
0	925.928	-30.8841
0	936.694	-33.6253
0	947.461	-34.4465
0	958.228	-31.5381
0	968.994	-14.177
0	979.761	-20.4099
0	990.527	-31.0279
0	1001.29	-33.0497
0	1012.06	-33.5883
0	1022.83	-22.2584
0	1033.59	-11.4816
0	1044.36	-20.2532
0	1055.13	-31.4367
0	1065.89	-31.7151
0	1076.66	-31.2123
0	1087.43	-14.6539
0	1098.19	-8.74736
0	1108.96	-19.0426
0	1119.73	-29.9707
0	1130.49	-29.685
0	1141.26	-28.4337
0	1152.03	-7.69845
0	1162.79	-5.54128
0	1173.56	-17.3067
0	1184.33	-27.2275
0	1195.09	-28.5978
0	1205.86	-18.9798
0	1216.63	-0.306842
0	1227.39	-1.11716
0	1238.16	-15.5674
0	1248.93	-25.2832
0	1259.69	-33.3783
0	1270.46	-3.62297
0	1281.23	9.38726
0	1291.99	6.09389
0	1302.76	-13.8116
0	1313.53	-26.5744
0	1324.29	-18.0754
0	1335.06	19.9629
0	1345.83	28.8146
0	1356.59	23.0413
0	1367.36	-10.7228
2.90249	0	-36.1366
2.90249	10.7666	-8.86872
2.90249	21.5332	22.9828
2.90249	32.2998	28.8279
2.90249	43.0664	19.8872
2.90249	53.833	-24.5207
2.90249	64.5996	-20.847
2.90249	75.3662	-15.3485
2.90249	86.1328	6.24741
2.90249	96.8994	9.14593
2.90249	107.666	-3.15522
2.90249	118.433	-22.9326
2.90249	129.199	-24.9948
2.90249	139.966	-23.2505
2.90249	150.732	-0.579423
2.90249	161.499	-1.36816
2.90249	172.266	-15.0495
2.90249	183.032	-27.2009
2.90249	193.799	-29.1864
2.90249	204.565	-17.4095
2.90249	215.332	-6.24295
2.90249	226.099	-8.21996
2.90249	236.865	-31.9905
2.90249	247.632	-31.7187
2.90249	258.398	-31.0688
2.90249	269.165	-18.2235
2.90249	279.932	-10.3041
2.90249	290.698	-14.981
2.90249	301.465	-32.9126
2.90249	312.231	-32.3676
2.90249	322.998	-31.8256
2.90249	333.765	-22.1206
2.90249	344.531	-12.9577
2.90249	355.298	-25.8882
2.90249	366.064	-33.649
2.90249	376.831	-33.3773
2.90249	387.598	-33.9887
2.90249	398.364	-20.1426
2.90249	409.131	-18.1595
2.90249	419.897	-28.4542
2.90249	430.664	-34.1014
2.90249	441.431	-34.7841
2.90249	452.197	-38.6103
2.90249	462.964	-20.7619
2.90249	473.73	-24.4235
2.90249	484.497	-31.779
2.90249	495.264	-35.3004
2.90249	506.03	-35.4426
2.90249	516.797	-30.4526
2.90249	527.563	-26.6994
2.90249	538.33	-25.7853
2.90249	549.097	-35.7309
2.90249	559.863	-35.9287
2.90249	570.63	-35.8116
2.90249	581.396	-32.3347
2.90249	592.163	-28.3974
2.90249	602.93	-30.7646
2.90249	613.696	-36.6011
2.90249	624.463	-36.0128
2.90249	635.229	-35.7095
2.90249	645.996	-53.5633
2.90249	656.763	-28.5657
2.90249	667.529	-34.5048
2.90249	678.296	-36.5508
2.90249	689.062	-35.9649
2.90249	699.829	-36.5508
2.90249	710.596	-34.5048
2.90249	721.362	-28.5657
2.90249	732.129	-53.5633
2.90249	742.896	-35.7095
2.90249	753.662	-36.0128
2.90249	764.429	-36.6011
2.90249	775.195	-30.7646
2.90249	785.962	-28.3974
2.90249	796.729	-32.3347
2.90249	807.495	-35.8116
2.90249	818.262	-35.9287
2.90249	829.028	-35.7309
2.90249	839.795	-25.7853
2.90249	850.562	-26.6994
2.90249	861.328	-30.4526
2.90249	872.095	-35.4426
2.90249	882.861	-35.3004
2.90249	893.628	-31.779
2.90249	904.395	-24.4235
2.90249	915.161	-20.7619
2.90249	925.928	-38.6103
2.90249	936.694	-34.7841
2.90249	947.461	-34.1014
2.90249	958.228	-28.4542
2.90249	968.994	-18.1595
2.90249	979.761	-20.1426
2.90249	990.527	-33.9887
2.90249	1001.29	-33.3773
2.90249	1012.06	-33.649
2.90249	1022.83	-25.8882
2.90249	1033.59	-12.9577
2.90249	1044.36	-22.1206
2.90249	1055.13	-31.8256
2.90249	1065.89	-32.3676
2.90249	1076.66	-32.9126
2.90249	1087.43	-14.981
2.90249	1098.19	-10.3041
2.90249	1108.96	-18.2235
2.90249	1119.73	-31.0688
2.90249	1130.49	-31.7187
2.90249	1141.26	-31.9905
2.90249	1152.03	-8.21996
2.90249	1162.79	-6.24295
2.90249	1173.56	-17.4095
2.90249	1184.33	-29.1864
2.90249	1195.09	-27.2009
2.90249	1205.86	-15.0495
2.90249	1216.63	-1.36816
2.90249	1227.39	-0.579423
2.90249	1238.16	-23.2505
2.90249	1248.93	-24.9948
2.90249	1259.69	-22.9326
2.90249	1270.46	-3.15522
2.90249	1281.23	9.14593
2.90249	1291.99	6.24741
2.90249	1302.76	-15.3485
2.90249	1313.53	-20.847
2.90249	1324.29	-24.5207
2.90249	1335.06	19.8872
2.90249	1345.83	28.8279
2.90249	1356.59	22.9828
2.90249	1367.36	-8.86872
5.80499	0	-57.9842
5.80499	10.7666	-8.44359
5.80499	21.5332	22.9722
5.80499	32.2998	28.8395
5.80499	43.0664	19.8715
5.80499	53.833	-29.0056
5.80499	64.5996	-20.6327
5.80499	75.3662	-26.1097
5.80499	86.1328	6.62163
5.80499	96.8994	8.94806
5.80499	107.666	-2.34186
5.80499	118.433	-21.7629
5.80499	129.199	-25.4568
5.80499	139.966	-15.5431
5.80499	150.732	-1.35126
5.80499	161.499	-0.436959
5.80499	172.266	-20.0494
5.80499	183.032	-29.8269
5.80499	193.799	-29.1536
5.80499	204.565	-21.8294
5.80499	215.332	-5.17225
5.80499	226.099	-9.12484
5.80499	236.865	-24.2785
5.80499	247.632	-30.3126
5.80499	258.398	-30.9153
5.80499	269.165	-17.2107
5.80499	279.932	-10.2437
5.80499	290.698	-14.0531
5.80499	301.465	-34.0403
5.80499	312.231	-32.6194
5.80499	322.998	-31.935
5.80499	333.765	-21.2284
5.80499	344.531	-12.3673
5.80499	355.298	-24.0256
5.80499	366.064	-33.7229
5.80499	376.831	-33.6431
5.80499	387.598	-36.8625
5.80499	398.364	-18.5025
5.80499	409.131	-17.6629
5.80499	419.897	-25.5977
5.80499	430.664	-34.1795
5.80499	441.431	-34.6656
5.80499	452.197	-30.7792
5.80499	462.964	-22.1981
5.80499	473.73	-19.1246
5.80499	484.497	-35.8479
5.80499	495.264	-35.4181
5.80499	506.03	-35.4418
5.80499	516.797	-40.2391
5.80499	527.563	-20.5739
5.80499	538.33	-24.97
5.80499	549.097	-34.8009
5.80499	559.863	-35.7128
5.80499	570.63	-35.786
5.80499	581.396	-29.0906
5.80499	592.163	-23.7919
5.80499	602.93	-26.1308
5.80499	613.696	-35.0435
5.80499	624.463	-36.0612
5.80499	635.229	-35.7806
5.80499	645.996	-32.7735
5.80499	656.763	-23.1721
5.80499	667.529	-28.3206
5.80499	678.296	-36.894
5.80499	689.062	-36.0918
5.80499	699.829	-36.894
5.80499	710.596	-28.3206
5.80499	721.362	-23.1721
5.80499	732.129	-32.7735
5.80499	742.896	-35.7806
5.80499	753.662	-36.0612
5.80499	764.429	-35.0435
5.80499	775.195	-26.1308
5.80499	785.962	-23.7919
5.80499	796.729	-29.0906
5.80499	807.495	-35.786
5.80499	818.262	-35.7128
5.80499	829.028	-34.8009
5.80499	839.795	-24.97
5.80499	850.562	-20.5739
5.80499	861.328	-40.2391
5.80499	872.095	-35.4418
5.80499	882.861	-35.4181
5.80499	893.628	-35.8479
5.80499	904.395	-19.1246
5.80499	915.161	-22.1981
5.80499	925.928	-30.7792
5.80499	936.694	-34.6656
5.80499	947.461	-34.1795
5.80499	958.228	-25.5977
5.80499	968.994	-17.6629
5.80499	979.761	-18.5025
5.80499	990.527	-36.8625
5.80499	1001.29	-33.6431
5.80499	1012.06	-33.7229
5.80499	1022.83	-24.0256
5.80499	1033.59	-12.3673
5.80499	1044.36	-21.2284
5.80499	1055.13	-31.935
5.80499	1065.89	-32.6194
5.80499	1076.66	-34.0403
5.80499	1087.43	-14.0531
5.80499	1098.19	-10.2437
5.80499	1108.96	-17.2107
5.80499	1119.73	-30.9153
5.80499	1130.49	-30.3126
5.80499	1141.26	-24.2785
5.80499	1152.03	-9.12484
5.80499	1162.79	-5.17225
5.80499	1173.56	-21.8294
5.80499	1184.33	-29.1536
5.80499	1195.09	-29.8269
5.80499	1205.86	-20.0494
5.80499	1216.63	-0.436959
5.80499	1227.39	-1.35126
5.80499	1238.16	-15.5431
5.80499	1248.93	-25.4568
5.80499	1259.69	-21.7629
5.80499	1270.46	-2.34186
5.80499	1281.23	8.94806
5.80499	1291.99	6.62163
5.80499	1302.76	-26.1097
5.80499	1313.53	-20.6327
5.80499	1324.29	-29.0056
5.80499	1335.06	19.8715
5.80499	1345.83	28.8395
5.80499	1356.59	22.9722
5.80499	1367.36	-8.44359
8.70748	0	-37.6426
8.70748	10.7666	-8.85051
8.70748	21.5332	23.0067
8.70748	32.2998	28.8439
8.70748	43.0664	19.9154
8.70748	53.833	-24.1989
8.70748	64.5996	-21.1964
8.70748	75.3662	-14.4017
8.70748	86.1328	6.35784
8.70748	96.8994	9.34807
8.70748	107.666	-3.02876
8.70748	118.433	-23.5343
8.70748	129.199	-24.4498
8.70748	139.966	-22.0265
8.70748	150.732	-0.138055
8.70748	161.499	-0.857773
8.70748	172.266	-14.2313
8.70748	183.032	-27.2724
8.70748	193.799	-29.0008
8.70748	204.565	-17.2396
8.70748	215.332	-5.11005
8.70748	226.099	-7.41851
8.70748	236.865	-27.3452
8.70748	247.632	-31.0472
8.70748	258.398	-32.366
8.70748	269.165	-16.2393
8.70748	279.932	-8.96235
8.70748	290.698	-12.7164
8.70748	301.465	-35.3063
8.70748	312.231	-32.469
8.70748	322.998	-31.3908
8.70748	333.765	-18.6307
8.70748	344.531	-10.8307
8.70748	355.298	-20.3036
8.70748	366.064	-31.7946
8.70748	376.831	-34.3887
8.70748	387.598	-30.3458
8.70748	398.364	-18.1529
8.70748	409.131	-13.5158
8.70748	419.897	-25.1109
8.70748	430.664	-34.3288
8.70748	441.431	-33.9114
8.70748	452.197	-42.1708
8.70748	462.964	-16.5042
8.70748	473.73	-17.4443
8.70748	484.497	-25.7276
8.70748	495.264	-36.4049
8.70748	506.03	-34.7986
8.70748	516.797	-29.656
8.70748	527.563	-17.6438
8.70748	538.33	-18.5534
8.70748	549.097	-33.0008
8.70748	559.863	-35.0629
8.70748	570.63	-37.566
8.70748	581.396	-25.0654
8.70748	592.163	-18.7842
8.70748	602.93	-19.6386
8.70748	613.696	-40.6846
8.70748	624.463	-35.4901
8.70748	635.229	-35.3431
8.70748	645.996	-26.6676
8.70748	656.763	-17.131
8.70748	667.529	-24.3642
8.70748	678.296	-33.2667
8.70748	689.062	-37.3446
8.70748	699.829	-33.2667
8.70748	710.596	-24.3642
8.70748	721.362	-17.131
8.70748	732.129	-26.6676
8.70748	742.896	-35.3431
8.70748	753.662	-35.4901
8.70748	764.429	-40.6846
8.70748	775.195	-19.6386
8.70748	785.962	-18.7842
8.70748	796.729	-25.0654
8.70748	807.495	-37.566
8.70748	818.262	-35.0629
8.70748	829.028	-33.0008
8.70748	839.795	-18.5534
8.70748	850.562	-17.6438
8.70748	861.328	-29.656
8.70748	872.095	-34.7986
8.70748	882.861	-36.4049
8.70748	893.628	-25.7276
8.70748	904.395	-17.4443
8.70748	915.161	-16.5042
8.70748	925.928	-42.1708
8.70748	936.694	-33.9114
8.70748	947.461	-34.3288
8.70748	958.228	-25.1109
8.70748	968.994	-13.5158
8.70748	979.761	-18.1529
8.70748	990.527	-30.3458
8.70748	1001.29	-34.3887
8.70748	1012.06	-31.7946
8.70748	1022.83	-20.3036
8.70748	1033.59	-10.8307
8.70748	1044.36	-18.6307
8.70748	1055.13	-31.3908
8.70748	1065.89	-32.469
8.70748	1076.66	-35.3063
8.70748	1087.43	-12.7164
8.70748	1098.19	-8.96235
8.70748	1108.96	-16.2393
8.70748	1119.73	-32.366
8.70748	1130.49	-31.0472
8.70748	1141.26	-27.3452
8.70748	1152.03	-7.41851
8.70748	1162.79	-5.11005
8.70748	1173.56	-17.2396
8.70748	1184.33	-29.0008
8.70748	1195.09	-27.2724
8.70748	1205.86	-14.2313
8.70748	1216.63	-0.857773
8.70748	1227.39	-0.138055
8.70748	1238.16	-22.0265
8.70748	1248.93	-24.4498
8.70748	1259.69	-23.5343
8.70748	1270.46	-3.02876
8.70748	1281.23	9.34807
8.70748	1291.99	6.35784
8.70748	1302.76	-14.4017
8.70748	1313.53	-21.1964
8.70748	1324.29	-24.1989
8.70748	1335.06	19.9154
8.70748	1345.83	28.8439
8.70748	1356.59	23.0067
8.70748	1367.36	-8.85051
11.61	0	-32.8827
11.61	10.7666	-11.1113
11.61	21.5332	23.0413
11.61	32.2998	28.8029
11.61	43.0664	19.9651
11.61	53.833	-17.3466
11.61	64.5996	-28.5259
11.61	75.3662	-14.2108
11.61	86.1328	6.05576
11.61	96.8994	9.2931
11.61	107.666	-3.61018
11.61	118.433	-38.3085
11.61	129.199	-26.3467
11.61	139.966	-15.6241
11.61	150.732	-1.34915
11.61	161.499	-0.502848
11.61	172.266	-19.5047
11.61	183.032	-30.1311
11.61	193.799	-27.8002
11.61	204.565	-16.9071
11.61	215.332	-6.14954
11.61	226.099	-7.95752
11.61	236.865	-30.8308
11.61	247.632	-30.5233
11.61	258.398	-30.4103
11.61	269.165	-18.3486
11.61	279.932	-9.808
11.61	290.698	-14.9638
11.61	301.465	-31.8104
11.61	312.231	-32.4074
11.61	322.998	-32.6404
11.61	333.765	-20.0119
11.61	344.531	-12.9464
11.61	355.298	-22.8931
11.61	366.064	-33.9988
11.61	376.831	-34.0448
11.61	387.598	-32.1109
11.61	398.364	-21.7319
11.61	409.131	-15.9863
11.61	419.897	-34.8389
11.61	430.664	-35.5506
11.61	441.431	-34.5597
11.61	452.197	-30.5207
11.61	462.964	-23.0518
11.61	473.73	-19.3232
11.61	484.497	-39.614
11.61	495.264	-35.4701
11.61	506.03	-34.8094
11.61	516.797	-29.9115
11.61	527.563	-23.5271
11.61	538.33	-23.4559
11.61	549.097	-34.4924
11.61	559.863	-35.4366
11.61	570.63	-35.5903
11.61	581.396	-30.949
11.61	592.163	-23.3485
11.61	602.93	-29.2813
11.61	613.696	-34.3945
11.61	624.463	-35.9472
11.61	635.229	-36.3941
11.61	645.996	-34.566
11.61	656.763	-23.0876
11.61	667.529	-37.4583
11.61	678.296	-35.7702
11.61	689.062	-36.3124
11.61	699.829	-35.7702
11.61	710.596	-37.4583
11.61	721.362	-23.0876
11.61	732.129	-34.566
11.61	742.896	-36.3941
11.61	753.662	-35.9472
11.61	764.429	-34.3945
11.61	775.195	-29.2813
11.61	785.962	-23.3485
11.61	796.729	-30.949
11.61	807.495	-35.5903
11.61	818.262	-35.4366
11.61	829.028	-34.4924
11.61	839.795	-23.4559
11.61	850.562	-23.5271
11.61	861.328	-29.9115
11.61	872.095	-34.8094
11.61	882.861	-35.4701
11.61	893.628	-39.614
11.61	904.395	-19.3232
11.61	915.161	-23.0518
11.61	925.928	-30.5207
11.61	936.694	-34.5597
11.61	947.461	-35.5506
11.61	958.228	-34.8389
11.61	968.994	-15.9863
11.61	979.761	-21.7319
11.61	990.527	-32.1109
11.61	1001.29	-34.0448
11.61	1012.06	-33.9988
11.61	1022.83	-22.8931
11.61	1033.59	-12.9464
11.61	1044.36	-20.0119
11.61	1055.13	-32.6404
11.61	1065.89	-32.4074
11.61	1076.66	-31.8104
11.61	1087.43	-14.9638
11.61	1098.19	-9.808
11.61	1108.96	-18.3486
11.61	1119.73	-30.4103
11.61	1130.49	-30.5233
11.61	1141.26	-30.8308
11.61	1152.03	-7.95752
11.61	1162.79	-6.14954
11.61	1173.56	-16.9071
11.61	1184.33	-27.8002
11.61	1195.09	-30.1311
11.61	1205.86	-19.5047
11.61	1216.63	-0.502848
11.61	1227.39	-1.34915
11.61	1238.16	-15.6241
11.61	1248.93	-26.3467
11.61	1259.69	-38.3085
11.61	1270.46	-3.61018
11.61	1281.23	9.2931
11.61	1291.99	6.05576
11.61	1302.76	-14.2108
11.61	1313.53	-28.5259
11.61	1324.29	-17.3466
11.61	1335.06	19.9651
11.61	1345.83	28.8029
11.61	1356.59	23.0413
11.61	1367.36	-11.1113
14.5125	0	-32.2157
14.5125	10.7666	-11.1917
14.5125	21.5332	23.0403
14.5125	32.2998	28.7995
14.5125	43.0664	19.9646
14.5125	53.833	-17.2079
14.5125	64.5996	-28.9901
14.5125	75.3662	-14.3121
14.5125	86.1328	6.04046
14.5125	96.8994	9.26401
14.5125	107.666	-3.61494
14.5125	118.433	-39.731
14.5125	129.199	-26.6277
14.5125	139.966	-15.6937
14.5125	150.732	-1.4169
14.5125	161.499	-0.574051
14.5125	172.266	-19.6594
14.5125	183.032	-30.5587
14.5125	193.799	-27.9917
14.5125	204.565	-16.933
14.5125	215.332	-6.32804
14.5125	226.099	-8.07239
14.5125	236.865	-32.185
14.5125	247.632	-30.7913
14.5125	258.398	-30.5097
14.5125	269.165	-18.3441
14.5125	279.932	-10.1617
14.5125	290.698	-15.1064
14.5125	301.465	-32.3493
14.5125	312.231	-32.5739
14.5125	322.998	-32.7801
14.5125	333.765	-20.0639
14.5125	344.531	-13.5309
14.5125	355.298	-23.0251
14.5125	366.064	-34.1529
14.5125	376.831	-34.2134
14.5125	387.598	-32.4558
14.5125	398.364	-22.1101
14.5125	409.131	-16.8512
14.5125	419.897	-35.0579
14.5125	430.664	-35.6712
14.5125	441.431	-34.8184
14.5125	452.197	-30.8851
14.5125	462.964	-24.3175
14.5125	473.73	-20.5481
14.5125	484.497	-42.2056
14.5125	495.264	-35.7407
14.5125	506.03	-35.0812
14.5125	516.797	-30.1668
14.5125	527.563	-26.2114
14.5125	538.33	-25.2717
14.5125	549.097	-35.3903
14.5125	559.863	-35.731
14.5125	570.63	-35.7628
14.5125	581.396	-31.0359
14.5125	592.163	-27.2497
14.5125	602.93	-32.765
14.5125	613.696	-34.9745
14.5125	624.463	-36.1583
14.5125	635.229	-36.4816
14.5125	645.996	-34.7451
14.5125	656.763	-27.5325
14.5125	667.529	-57.5332
14.5125	678.296	-36.0493
14.5125	689.062	-36.461
14.5125	699.829	-36.0493
14.5125	710.596	-57.5332
14.5125	721.362	-27.5325
14.5125	732.129	-34.7451
14.5125	742.896	-36.4816
14.5125	753.662	-36.1583
14.5125	764.429	-34.9745
14.5125	775.195	-32.765
14.5125	785.962	-27.2497
14.5125	796.729	-31.0359
14.5125	807.495	-35.7628
14.5125	818.262	-35.731
14.5125	829.028	-35.3903
14.5125	839.795	-25.2717
14.5125	850.562	-26.2114
14.5125	861.328	-30.1668
14.5125	872.095	-35.0812
14.5125	882.861	-35.7407
14.5125	893.628	-42.2056
14.5125	904.395	-20.5481
14.5125	915.161	-24.3175
14.5125	925.928	-30.8851
14.5125	936.694	-34.8184
14.5125	947.461	-35.6712
14.5125	958.228	-35.0579
14.5125	968.994	-16.8512
14.5125	979.761	-22.1101
14.5125	990.527	-32.4558
14.5125	1001.29	-34.2134
14.5125	1012.06	-34.1529
14.5125	1022.83	-23.0251
14.5125	1033.59	-13.5309
14.5125	1044.36	-20.0639
14.5125	1055.13	-32.7801
14.5125	1065.89	-32.5739
14.5125	1076.66	-32.3493
14.5125	1087.43	-15.1064
14.5125	1098.19	-10.1617
14.5125	1108.96	-18.3441
14.5125	1119.73	-30.5097
14.5125	1130.49	-30.7913
14.5125	1141.26	-32.185
14.5125	1152.03	-8.07239
14.5125	1162.79	-6.32804
14.5125	1173.56	-16.933
14.5125	1184.33	-27.9917
14.5125	1195.09	-30.5587
14.5125	1205.86	-19.6594
14.5125	1216.63	-0.574051
14.5125	1227.39	-1.4169
14.5125	1238.16	-15.6937
14.5125	1248.93	-26.6277
14.5125	1259.69	-39.731
14.5125	1270.46	-3.61494
14.5125	1281.23	9.26401
14.5125	1291.99	6.04046
14.5125	1302.76	-14.3121
14.5125	1313.53	-28.9901
14.5125	1324.29	-17.2079
14.5125	1335.06	19.9646
14.5125	1345.83	28.7995
14.5125	1356.59	23.0403
14.5125	1367.36	-11.1917
17.415	0	-36.2577
17.415	10.7666	-9.00028
17.415	21.5332	22.9998
17.415	32.2998	28.8385
17.415	43.0664	19.9063
17.415	53.833	-23.6333
17.415	64.5996	-21.0341
17.415	75.3662	-14.5439
17.415	86.1328	6.28844
17.415	96.8994	9.30783
17.415	107.666	-3.18135
17.415	118.433	-23.329
17.415	129.199	-24.6472
17.415	139.966	-22.7342
17.415	150.732	-0.268256
17.415	161.499	-1.01016
17.415	172.266	-14.6365
17.415	183.032	-26.6974
17.415	193.799	-29.3943
17.415	204.565	-18.0495
17.415	215.332	-5.30368
17.415	226.099	-7.79166
17.415	236.865	-28.2546
17.415	247.632	-31.7388
17.415	258.398	-31.0815
17.415	269.165	-16.7391
17.415	279.932	-9.40847
17.415	290.698	-13.2643
17.415	301.465	-34.0198
17.415	312.231	-32.6608
17.415	322.998	-32.5382
17.415	333.765	-19.2373
17.415	344.531	-11.4367
17.415	355.298	-21.5102
17.415	366.064	-33.3992
17.415	376.831	-33.4166
17.415	387.598	-31.4484
17.415	398.364	-19.3417
17.415	409.131	-14.2356
17.415	419.897	-26.9878
17.415	430.664	-34.4857
17.415	441.431	-34.4447
17.415	452.197	-38.711
17.415	462.964	-17.4591
17.415	473.73	-18.7055
17.415	484.497	-27.4935
17.415	495.264	-34.8117
17.415	506.03	-35.798
17.415	516.797	-32.9418
17.415	527.563	-18.651
17.415	538.33	-19.9602
17.415	549.097	-36.2601
17.415	559.863	-36.2026
17.415	570.63	-35.5397
17.415	581.396	-26.5783
17.415	592.163	-20.3551
17.415	602.93	-21.1106
17.415	613.696	-37.2753
17.415	624.463	-35.9759
17.415	635.229	-36.2843
17.415	645.996	-28.2352
17.415	656.763	-18.4705
17.415	667.529	-26.8734
17.415	678.296	-35.066
17.415	689.062	-35.9851
17.415	699.829	-35.066
17.415	710.596	-26.8734
17.415	721.362	-18.4705
17.415	732.129	-28.2352
17.415	742.896	-36.2843
17.415	753.662	-35.9759
17.415	764.429	-37.2753
17.415	775.195	-21.1106
17.415	785.962	-20.3551
17.415	796.729	-26.5783
17.415	807.495	-35.5397
17.415	818.262	-36.2026
17.415	829.028	-36.2601
17.415	839.795	-19.9602
17.415	850.562	-18.651
17.415	861.328	-32.9418
17.415	872.095	-35.798
17.415	882.861	-34.8117
17.415	893.628	-27.4935
17.415	904.395	-18.7055
17.415	915.161	-17.4591
17.415	925.928	-38.711
17.415	936.694	-34.4447
17.415	947.461	-34.4857
17.415	958.228	-26.9878
17.415	968.994	-14.2356
17.415	979.761	-19.3417
17.415	990.527	-31.4484
17.415	1001.29	-33.4166
17.415	1012.06	-33.3992
17.415	1022.83	-21.5102
17.415	1033.59	-11.4367
17.415	1044.36	-19.2373
17.415	1055.13	-32.5382
17.415	1065.89	-32.6608
17.415	1076.66	-34.0198
17.415	1087.43	-13.2643
17.415	1098.19	-9.40847
17.415	1108.96	-16.7391
17.415	1119.73	-31.0815
17.415	1130.49	-31.7388
17.415	1141.26	-28.2546
17.415	1152.03	-7.79166
17.415	1162.79	-5.30368
17.415	1173.56	-18.0495
17.415	1184.33	-29.3943
17.415	1195.09	-26.6974
17.415	1205.86	-14.6365
17.415	1216.63	-1.01016
17.415	1227.39	-0.268256
17.415	1238.16	-22.7342
17.415	1248.93	-24.6472
17.415	1259.69	-23.329
17.415	1270.46	-3.18135
17.415	1281.23	9.30783
17.415	1291.99	6.28844
17.415	1302.76	-14.5439
17.415	1313.53	-21.0341
17.415	1324.29	-23.6333
17.415	1335.06	19.9063
17.415	1345.83	28.8385
17.415	1356.59	22.9998
17.415	1367.36	-9.00028
20.3175	0	-54.7901
20.3175	10.7666	-8.44034
20.3175	21.5332	22.977
20.3175	32.2998	28.8443
20.3175	43.0664	19.8766
20.3175	53.833	-28.9844
20.3175	64.5996	-20.6324
20.3175	75.3662	-25.8373
20.3175	86.1328	6.66069
20.3175	96.8994	8.99567
20.3175	107.666	-2.30111
20.3175	118.433	-21.7606
20.3175	129.199	-25.4568
20.3175	139.966	-15.4905
20.3175	150.732	-1.21976
20.3175	161.499	-0.314323
20.3175	172.266	-19.7545
20.3175	183.032	-29.8247
20.3175	193.799	-29.1533
20.3175	204.565	-21.4343
20.3175	215.332	-4.95393
20.3175	226.099	-8.78621
20.3175	236.865	-24.1719
20.3175	247.632	-30.3123
20.3175	258.398	-30.9148
20.3175	269.165	-16.9767
20.3175	279.932	-9.73598
20.3175	290.698	-13.6278
20.3175	301.465	-33.9477
20.3175	312.231	-32.6194
20.3175	322.998	-31.9338
20.3175	333.765	-20.3873
20.3175	344.531	-11.7491
20.3175	355.298	-22.543
20.3175	366.064	-33.721
20.3175	376.831	-33.6431
20.3175	387.598	-36.7701
20.3175	398.364	-17.8538
20.3175	409.131	-16.2551
20.3175	419.897	-24.7514
20.3175	430.664	-34.1787
20.3175	441.431	-34.6655
20.3175	452.197	-30.645
20.3175	462.964	-20.4567
20.3175	473.73	-17.725
20.3175	484.497	-33.4641
20.3175	495.264	-35.417
20.3175	506.03	-35.4414
20.3175	516.797	-37.2555
20.3175	527.563	-19.071
20.3175	538.33	-22.0074
20.3175	549.097	-34.1966
20.3175	559.863	-35.7125
20.3175	570.63	-35.7851
20.3175	581.396	-28.2797
20.3175	592.163	-20.8088
20.3175	602.93	-23.586
20.3175	613.696	-34.921
20.3175	624.463	-36.0612
20.3175	635.229	-35.7806
20.3175	645.996	-29.603
20.3175	656.763	-20.3547
20.3175	667.529	-25.8827
20.3175	678.296	-36.878
20.3175	689.062	-36.0918
20.3175	699.829	-36.878
20.3175	710.596	-25.8827
20.3175	721.362	-20.3547
20.3175	732.129	-29.603
20.3175	742.896	-35.7806
20.3175	753.662	-36.0612
20.3175	764.429	-34.921
20.3175	775.195	-23.586
20.3175	785.962	-20.8088
20.3175	796.729	-28.2797
20.3175	807.495	-35.7851
20.3175	818.262	-35.7125
20.3175	829.028	-34.1966
20.3175	839.795	-22.0074
20.3175	850.562	-19.071
20.3175	861.328	-37.2555
20.3175	872.095	-35.4414
20.3175	882.861	-35.417
20.3175	893.628	-33.4641
20.3175	904.395	-17.725
20.3175	915.161	-20.4567
20.3175	925.928	-30.645
20.3175	936.694	-34.6655
20.3175	947.461	-34.1787
20.3175	958.228	-24.7514
20.3175	968.994	-16.2551
20.3175	979.761	-17.8538
20.3175	990.527	-36.7701
20.3175	1001.29	-33.6431
20.3175	1012.06	-33.721
20.3175	1022.83	-22.543
20.3175	1033.59	-11.7491
20.3175	1044.36	-20.3873
20.3175	1055.13	-31.9338
20.3175	1065.89	-32.6194
20.3175	1076.66	-33.9477
20.3175	1087.43	-13.6278
20.3175	1098.19	-9.73598
20.3175	1108.96	-16.9767
20.3175	1119.73	-30.9148
20.3175	1130.49	-30.3123
20.3175	1141.26	-24.1719
20.3175	1152.03	-8.78621
20.3175	1162.79	-4.95393
20.3175	1173.56	-21.4343
20.3175	1184.33	-29.1533
20.3175	1195.09	-29.8247
20.3175	1205.86	-19.7545
20.3175	1216.63	-0.314323
20.3175	1227.39	-1.21976
20.3175	1238.16	-15.4905
20.3175	1248.93	-25.4568
20.3175	1259.69	-21.7606
20.3175	1270.46	-2.30111
20.3175	1281.23	8.99567
20.3175	1291.99	6.66069
20.3175	1302.76	-25.8373
20.3175	1313.53	-20.6324
20.3175	1324.29	-28.9844
20.3175	1335.06	19.8766
20.3175	1345.83	28.8443
20.3175	1356.59	22.977
20.3175	1367.36	-8.44034
23.22	0	-36.1845
23.22	10.7666	-8.8486
23.22	21.5332	22.9819
23.22	32.2998	28.828
23.22	43.0664	19.886
23.22	53.833	-24.6603
23.22	64.5996	-20.8209
23.22	75.3662	-15.4785
23.22	86.1328	6.25789
23.22	96.8994	9.13451
23.22	107.666	-3.12394
23.22	118.433	-22.8671
23.22	129.199	-25.0566
23.22	139.966	-23.0878
23.22	150.732	-0.595271
23.22	161.499	-1.36671
23.22	172.266	-15.0985
23.22	183.032	-27.2977
23.22	193.799	-29.1352
23.22	204.565	-17.2801
23.22	215.332	-6.30884
23.22	226.099	-8.17786
23.22	236.865	-33.4245
23.22	247.632	-31.6841
23.22	258.398	-31.0663
23.22	269.165	-18.4348
23.22	279.932	-10.2361
23.22	290.698	-15.1846
23.22	301.465	-32.4268
23.22	312.231	-32.3132
23.22	322.998	-31.8193
23.22	333.765	-22.1704
23.22	344.531	-13.0065
23.22	355.298	-26.0094
23.22	366.064	-33.6531
23.22	376.831	-33.4174
23.22	387.598	-34.4095
23.22	398.364	-19.8788
23.22	409.131	-18.6478
23.22	419.897	-27.5455
23.22	430.664	-34.0943
23.22	441.431	-34.8357
23.22	452.197	-37.1476
23.22	462.964	-21.2007
23.22	473.73	-23.8663
23.22	484.497	-33.0362
23.22	495.264	-35.3914
23.22	506.03	-35.3544
23.22	516.797	-30.2483
23.22	527.563	-27.7228
23.22	538.33	-25.7101
23.22	549.097	-36.1074
23.22	559.863	-35.8457
23.22	570.63	-35.856
23.22	581.396	-34.4543
23.22	592.163	-26.8605
23.22	602.93	-38.5522
23.22	613.696	-35.874
23.22	624.463	-36.0077
23.22	635.229	-35.7346
23.22	645.996	-38.2465
23.22	656.763	-31.9557
23.22	667.529	-32.7038
23.22	678.296	-36.7209
23.22	689.062	-36.0297
23.22	699.829	-36.7209
23.22	710.596	-32.7038
23.22	721.362	-31.9557
23.22	732.129	-38.2465
23.22	742.896	-35.7346
23.22	753.662	-36.0077
23.22	764.429	-35.874
23.22	775.195	-38.5522
23.22	785.962	-26.8605
23.22	796.729	-34.4543
23.22	807.495	-35.856
23.22	818.262	-35.8457
23.22	829.028	-36.1074
23.22	839.795	-25.7101
23.22	850.562	-27.7228
23.22	861.328	-30.2483
23.22	872.095	-35.3544
23.22	882.861	-35.3914
23.22	893.628	-33.0362
23.22	904.395	-23.8663
23.22	915.161	-21.2007
23.22	925.928	-37.1476
23.22	936.694	-34.8357
23.22	947.461	-34.0943
23.22	958.228	-27.5455
23.22	968.994	-18.6478
23.22	979.761	-19.8788
23.22	990.527	-34.4095
23.22	1001.29	-33.4174
23.22	1012.06	-33.6531
23.22	1022.83	-26.0094
23.22	1033.59	-13.0065
23.22	1044.36	-22.1704
23.22	1055.13	-31.8193
23.22	1065.89	-32.3132
23.22	1076.66	-32.4268
23.22	1087.43	-15.1846
23.22	1098.19	-10.2361
23.22	1108.96	-18.4348
23.22	1119.73	-31.0663
23.22	1130.49	-31.6841
23.22	1141.26	-33.4245
23.22	1152.03	-8.17786
23.22	1162.79	-6.30884
23.22	1173.56	-17.2801
23.22	1184.33	-29.1352
23.22	1195.09	-27.2977
23.22	1205.86	-15.0985
23.22	1216.63	-1.36671
23.22	1227.39	-0.595271
23.22	1238.16	-23.0878
23.22	1248.93	-25.0566
23.22	1259.69	-22.8671
23.22	1270.46	-3.12394
23.22	1281.23	9.13451
23.22	1291.99	6.25789
23.22	1302.76	-15.4785
23.22	1313.53	-20.8209
23.22	1324.29	-24.6603
23.22	1335.06	19.886
23.22	1345.83	28.828
23.22	1356.59	22.9819
23.22	1367.36	-8.8486
26.1224	0	-38.0192
26.1224	10.7666	-10.665
26.1224	21.5332	23.0347
26.1224	32.2998	28.8098
26.1224	43.0664	19.9555
26.1224	53.833	-18.2079
26.1224	64.5996	-26.275
26.1224	75.3662	-13.7881
26.1224	86.1328	6.04138
26.1224	96.8994	9.34094
26.1224	107.666	-3.69459
26.1224	118.433	-32.7042
26.1224	129.199	-25.1548
26.1224	139.966	-15.6793
26.1224	150.732	-1.24181
26.1224	161.499	-0.45823
26.1224	172.266	-19.0574
26.1224	183.032	-28.3724
26.1224	193.799	-27.224
26.1224	204.565	-17.6404
26.1224	215.332	-5.76782
26.1224	226.099	-8.05941
26.1224	236.865	-28.0197
26.1224	247.632	-29.6182
26.1224	258.398	-30.046
26.1224	269.165	-19.6698
26.1224	279.932	-9.13857
26.1224	290.698	-15.4036
26.1224	301.465	-31.0606
26.1224	312.231	-31.7236
26.1224	322.998	-31.4623
26.1224	333.765	-21.1279
26.1224	344.531	-12.1444
26.1224	355.298	-23.7457
26.1224	366.064	-33.5746
26.1224	376.831	-33.0513
26.1224	387.598	-31.2112
26.1224	398.364	-21.4069
26.1224	409.131	-15.2576
26.1224	419.897	-34.2433
26.1224	430.664	-34.3461
26.1224	441.431	-33.7018
26.1224	452.197	-31.5527
26.1224	462.964	-21.0247
26.1224	473.73	-18.7472
26.1224	484.497	-37.6802
26.1224	495.264	-34.5239
26.1224	506.03	-34.4578
26.1224	516.797	-33.6432
26.1224	527.563	-20.7497
26.1224	538.33	-22.7201
26.1224	549.097	-35.896
26.1224	559.863	-34.9606
26.1224	570.63	-35.1728
26.1224	581.396	-37.8351
26.1224	592.163	-20.7858
26.1224	602.93	-27.1555
26.1224	613.696	-35.468
26.1224	624.463	-35.3395
26.1224	635.229	-35.3919
26.1224	645.996	-37.9582
26.1224	656.763	-20.9371
26.1224	667.529	-32.1648
26.1224	678.296	-35.3665
26.1224	689.062	-35.451
26.1224	699.829	-35.3665
26.1224	710.596	-32.1648
26.1224	721.362	-20.9371
26.1224	732.129	-37.9582
26.1224	742.896	-35.3919
26.1224	753.662	-35.3395
26.1224	764.429	-35.468
26.1224	775.195	-27.1555
26.1224	785.962	-20.7858
26.1224	796.729	-37.8351
26.1224	807.495	-35.1728
26.1224	818.262	-34.9606
26.1224	829.028	-35.896
26.1224	839.795	-22.7201
26.1224	850.562	-20.7497
26.1224	861.328	-33.6432
26.1224	872.095	-34.4578
26.1224	882.861	-34.5239
26.1224	893.628	-37.6802
26.1224	904.395	-18.7472
26.1224	915.161	-21.0247
26.1224	925.928	-31.5527
26.1224	936.694	-33.7018
26.1224	947.461	-34.3461
26.1224	958.228	-34.2433
26.1224	968.994	-15.2576
26.1224	979.761	-21.4069
26.1224	990.527	-31.2112
26.1224	1001.29	-33.0513
26.1224	1012.06	-33.5746
26.1224	1022.83	-23.7457
26.1224	1033.59	-12.1444
26.1224	1044.36	-21.1279
26.1224	1055.13	-31.4623
26.1224	1065.89	-31.7236
26.1224	1076.66	-31.0606
26.1224	1087.43	-15.4036
26.1224	1098.19	-9.13857
26.1224	1108.96	-19.6698
26.1224	1119.73	-30.046
26.1224	1130.49	-29.6182
26.1224	1141.26	-28.0197
26.1224	1152.03	-8.05941
26.1224	1162.79	-5.76782
26.1224	1173.56	-17.6404
26.1224	1184.33	-27.224
26.1224	1195.09	-28.3724
26.1224	1205.86	-19.0574
26.1224	1216.63	-0.45823
26.1224	1227.39	-1.24181
26.1224	1238.16	-15.6793
26.1224	1248.93	-25.1548
26.1224	1259.69	-32.7042
26.1224	1270.46	-3.69459
26.1224	1281.23	9.34094
26.1224	1291.99	6.04138
26.1224	1302.76	-13.7881
26.1224	1313.53	-26.275
26.1224	1324.29	-18.2079
26.1224	1335.06	19.9555
26.1224	1345.83	28.8098
26.1224	1356.59	23.0347
26.1224	1367.36	-10.665
29.0249	0	-29.9837
29.0249	10.7666	-11.5431
29.0249	21.5332	23.0661
29.0249	32.2998	28.8119
29.0249	43.0664	19.9954
29.0249	53.833	-16.544
29.0249	64.5996	-31.6188
29.0249	75.3662	-14.614
29.0249	86.1328	6.24049
29.0249	96.8994	9.38421
29.0249	107.666	-3.25985
29.0249	118.433	-50.7644
29.0249	129.199	-27.899
29.0249	139.966	-15.5532
29.0249	150.732	-0.950175
29.0249	161.499	-0.172982
29.0249	172.266	-18.4873
29.0249	183.032	-33.7311
29.0249	193.799	-28.6829
29.0249	204.565	-16.1053
29.0249	215.332	-5.54177
29.0249	226.099	-7.07311
29.0249	236.865	-37.8587
29.0249	247.632	-32.9018
29.0249	258.398	-30.6505
29.0249	269.165	-16.5573
29.0249	279.932	-8.98932
29.0249	290.698	-12.906
29.0249	301.465	-37.8159
29.0249	312.231	-34.2218
29.0249	322.998	-33.0329
29.0249	333.765	-17.0169
29.0249	344.531	-11.8168
29.0249	355.298	-18.33
29.0249	366.064	-36.4697
29.0249	376.831	-36.0373
29.0249	387.598	-33.5948
29.0249	398.364	-17.505
29.0249	409.131	-14.2584
29.0249	419.897	-23.7196
29.0249	430.664	-37.9155
29.0249	441.431	-37.2238
29.0249	452.197	-31.2405
29.0249	462.964	-17.9989
29.0249	473.73	-16.4337
29.0249	484.497	-29.298
29.0249	495.264	-39.2597
29.0249	506.03	-37.4177
29.0249	516.797	-28.3824
29.0249	527.563	-18.4504
29.0249	538.33	-18.4156
29.0249	549.097	-34.8124
29.0249	559.863	-39.5955
29.0249	570.63	-37.3244
29.0249	581.396	-25.9553
29.0249	592.163	-18.7997
29.0249	602.93	-20.2658
29.0249	613.696	-38.2169
29.0249	624.463	-39.4236
29.0249	635.229	-37.5776
29.0249	645.996	-23.9067
29.0249	656.763	-18.9913
29.0249	667.529	-22.0601
29.0249	678.296	-38.2624
29.0249	689.062	-39.3138
29.0249	699.829	-38.2624
29.0249	710.596	-22.0601
29.0249	721.362	-18.9913
29.0249	732.129	-23.9067
29.0249	742.896	-37.5776
29.0249	753.662	-39.4236
29.0249	764.429	-38.2169
29.0249	775.195	-20.2658
29.0249	785.962	-18.7997
29.0249	796.729	-25.9553
29.0249	807.495	-37.3244
29.0249	818.262	-39.5955
29.0249	829.028	-34.8124
29.0249	839.795	-18.4156
29.0249	850.562	-18.4504
29.0249	861.328	-28.3824
29.0249	872.095	-37.4177
29.0249	882.861	-39.2597
29.0249	893.628	-29.298
29.0249	904.395	-16.4337
29.0249	915.161	-17.9989
29.0249	925.928	-31.2405
29.0249	936.694	-37.2238
29.0249	947.461	-37.9155
29.0249	958.228	-23.7196
29.0249	968.994	-14.2584
29.0249	979.761	-17.505
29.0249	990.527	-33.5948
29.0249	1001.29	-36.0373
29.0249	1012.06	-36.4697
29.0249	1022.83	-18.33
29.0249	1033.59	-11.8168
29.0249	1044.36	-17.0169
29.0249	1055.13	-33.0329
29.0249	1065.89	-34.2218
29.0249	1076.66	-37.8159
29.0249	1087.43	-12.906
29.0249	1098.19	-8.98932
29.0249	1108.96	-16.5573
29.0249	1119.73	-30.6505
29.0249	1130.49	-32.9018
29.0249	1141.26	-37.8587
29.0249	1152.03	-7.07311
29.0249	1162.79	-5.54177
29.0249	1173.56	-16.1053
29.0249	1184.33	-28.6829
29.0249	1195.09	-33.7311
29.0249	1205.86	-18.4873
29.0249	1216.63	-0.172982
29.0249	1227.39	-0.950175
29.0249	1238.16	-15.5532
29.0249	1248.93	-27.899
29.0249	1259.69	-50.7644
29.0249	1270.46	-3.25985
29.0249	1281.23	9.38421
29.0249	1291.99	6.24049
29.0249	1302.76	-14.614
29.0249	1313.53	-31.6188
29.0249	1324.29	-16.544
29.0249	1335.06	19.9954
29.0249	1345.83	28.8119
29.0249	1356.59	23.0661
29.0249	1367.36	-11.5431
31.9274	0	-36.8351
31.9274	10.7666	-9.15927
31.9274	21.5332	22.9938
31.9274	32.2998	28.8253
31.9274	43.0664	19.9014
31.9274	53.833	-22.8558
31.9274	64.5996	-21.3301
31.9274	75.3662	-14.1517
31.9274	86.1328	6.1302
31.9274	96.8994	9.24899
31.9274	107.666	-3.46587
31.9274	118.433	-23.8808
31.9274	129.199	-24.3023
31.9274	139.966	-21.9147
31.9274	150.732	-0.564169
31.9274	161.499	-1.26302
31.9274	172.266	-15.0717
31.9274	183.032	-26.3337
31.9274	193.799	-29.2211
31.9274	204.565	-19.8663
31.9274	215.332	-5.54378
31.9274	226.099	-8.86266
31.9274	236.865	-25.7635
31.9274	247.632	-31.2337
31.9274	258.398	-31.3933
31.9274	269.165	-17.4202
31.9274	279.932	-10.4345
31.9274	290.698	-14.3226
31.9274	301.465	-34.3379
31.9274	312.231	-33.0804
31.9274	322.998	-33.083
31.9274	333.765	-19.0423
31.9274	344.531	-13.7072
31.9274	355.298	-21.3002
31.9274	366.064	-33.9766
31.9274	376.831	-33.818
31.9274	387.598	-31.5699
31.9274	398.364	-22.3512
31.9274	409.131	-16.1425
31.9274	419.897	-35.8959
31.9274	430.664	-34.9188
31.9274	441.431	-34.2467
31.9274	452.197	-32.9604
31.9274	462.964	-21.5837
31.9274	473.73	-20.6405
31.9274	484.497	-35.9355
31.9274	495.264	-34.8438
31.9274	506.03	-35.2346
31.9274	516.797	-54.1993
31.9274	527.563	-21.1693
31.9274	538.33	-28.5293
31.9274	549.097	-34.1405
31.9274	559.863	-35.525
31.9274	570.63	-35.9387
31.9274	581.396	-32.4178
31.9274	592.163	-23.8232
31.9274	602.93	-32.1195
31.9274	613.696	-34.7135
31.9274	624.463	-36.1495
31.9274	635.229	-36.5183
31.9274	645.996	-28.7714
31.9274	656.763	-28.7673
31.9274	667.529	-29.478
31.9274	678.296	-35.9627
31.9274	689.062	-36.4403
31.9274	699.829	-35.9627
31.9274	710.596	-29.478
31.9274	721.362	-28.7673
31.9274	732.129	-28.7714
31.9274	742.896	-36.5183
31.9274	753.662	-36.1495
31.9274	764.429	-34.7135
31.9274	775.195	-32.1195
31.9274	785.962	-23.8232
31.9274	796.729	-32.4178
31.9274	807.495	-35.9387
31.9274	818.262	-35.525
31.9274	829.028	-34.1405
31.9274	839.795	-28.5293
31.9274	850.562	-21.1693
31.9274	861.328	-54.1993
31.9274	872.095	-35.2346
31.9274	882.861	-34.8438
31.9274	893.628	-35.9355
31.9274	904.395	-20.6405
31.9274	915.161	-21.5837
31.9274	925.928	-32.9604
31.9274	936.694	-34.2467
31.9274	947.461	-34.9188
31.9274	958.228	-35.8959
31.9274	968.994	-16.1425
31.9274	979.761	-22.3512
31.9274	990.527	-31.5699
31.9274	1001.29	-33.818
31.9274	1012.06	-33.9766
31.9274	1022.83	-21.3002
31.9274	1033.59	-13.7072
31.9274	1044.36	-19.0423
31.9274	1055.13	-33.083
31.9274	1065.89	-33.0804
31.9274	1076.66	-34.3379
31.9274	1087.43	-14.3226
31.9274	1098.19	-10.4345
31.9274	1108.96	-17.4202
31.9274	1119.73	-31.3933
31.9274	1130.49	-31.2337
31.9274	1141.26	-25.7635
31.9274	1152.03	-8.86266
31.9274	1162.79	-5.54378
31.9274	1173.56	-19.8663
31.9274	1184.33	-29.2211
31.9274	1195.09	-26.3337
31.9274	1205.86	-15.0717
31.9274	1216.63	-1.26302
31.9274	1227.39	-0.564169
31.9274	1238.16	-21.9147
31.9274	1248.93	-24.3023
31.9274	1259.69	-23.8808
31.9274	1270.46	-3.46587
31.9274	1281.23	9.24899
31.9274	1291.99	6.1302
31.9274	1302.76	-14.1517
31.9274	1313.53	-21.3301
31.9274	1324.29	-22.8558
31.9274	1335.06	19.9014
31.9274	1345.83	28.8253
31.9274	1356.59	22.9938
31.9274	1367.36	-9.15927
34.8299	0	-46.3829
34.8299	10.7666	-8.46372
34.8299	21.5332	22.9699
34.8299	32.2998	28.8361
34.8299	43.0664	19.8693
34.8299	53.833	-28.6955
34.8299	64.5996	-20.6239
34.8299	75.3662	-23.988
34.8299	86.1328	6.57813
34.8299	96.8994	8.93192
34.8299	107.666	-2.4073
34.8299	118.433	-21.8095
34.8299	129.199	-25.5092
34.8299	139.966	-15.9417
34.8299	150.732	-1.34737
34.8299	161.499	-0.583752
34.8299	172.266	-19.467
34.8299	183.032	-29.6978
34.8299	193.799	-29.0015
34.8299	204.565	-20.4869
34.8299	215.332	-5.48633
34.8299	226.099	-9.07022
34.8299	236.865	-25.0307
34.8299	247.632	-30.3425
34.8299	258.398	-30.963
34.8299	269.165	-18.2094
34.8299	279.932	-10.1746
34.8299	290.698	-14.8758
34.8299	301.465	-33.1938
34.8299	312.231	-32.5926
34.8299	322.998	-32.6337
34.8299	333.765	-19.969
34.8299	344.531	-13.3902
34.8299	355.298	-22.9458
34.8299	366.064	-33.4754
34.8299	376.831	-33.6666
34.8299	387.598	-33.2245
34.8299	398.364	-20.3936
34.8299	409.131	-17.5471
34.8299	419.897	-28.1985
34.8299	430.664	-34.4926
34.8299	441.431	-34.7192
34.8299	452.197	-34.9296
34.8299	462.964	-21.2917
34.8299	473.73	-21.8589
34.8299	484.497	-34.4315
34.8299	495.264	-35.2959
34.8299	506.03	-35.2891
34.8299	516.797	-31.2368
34.8299	527.563	-24.1253
34.8299	538.33	-25.8821
34.8299	549.097	-34.4426
34.8299	559.863	-35.7123
34.8299	570.63	-35.8102
34.8299	581.396	-36.2703
34.8299	592.163	-24.8208
34.8299	602.93	-30.1936
34.8299	613.696	-37.2722
34.8299	624.463	-36.0366
34.8299	635.229	-36.3585
34.8299	645.996	-30.2206
34.8299	656.763	-28.334
34.8299	667.529	-34.5521
34.8299	678.296	-35.377
34.8299	689.062	-36.1524
34.8299	699.829	-35.377
34.8299	710.596	-34.5521
34.8299	721.362	-28.334
34.8299	732.129	-30.2206
34.8299	742.896	-36.3585
34.8299	753.662	-36.0366
34.8299	764.429	-37.2722
34.8299	775.195	-30.1936
34.8299	785.962	-24.8208
34.8299	796.729	-36.2703
34.8299	807.495	-35.8102
34.8299	818.262	-35.7123
34.8299	829.028	-34.4426
34.8299	839.795	-25.8821
34.8299	850.562	-24.1253
34.8299	861.328	-31.2368
34.8299	872.095	-35.2891
34.8299	882.861	-35.2959
34.8299	893.628	-34.4315
34.8299	904.395	-21.8589
34.8299	915.161	-21.2917
34.8299	925.928	-34.9296
34.8299	936.694	-34.7192
34.8299	947.461	-34.4926
34.8299	958.228	-28.1985
34.8299	968.994	-17.5471
34.8299	979.761	-20.3936
34.8299	990.527	-33.2245
34.8299	1001.29	-33.6666
34.8299	1012.06	-33.4754
34.8299	1022.83	-22.9458
34.8299	1033.59	-13.3902
34.8299	1044.36	-19.969
34.8299	1055.13	-32.6337
34.8299	1065.89	-32.5926
34.8299	1076.66	-33.1938
34.8299	1087.43	-14.8758
34.8299	1098.19	-10.1746
34.8299	1108.96	-18.2094
34.8299	1119.73	-30.963
34.8299	1130.49	-30.3425
34.8299	1141.26	-25.0307
34.8299	1152.03	-9.07022
34.8299	1162.79	-5.48633
34.8299	1173.56	-20.4869
34.8299	1184.33	-29.0015
34.8299	1195.09	-29.6978
34.8299	1205.86	-19.467
34.8299	1216.63	-0.583752
34.8299	1227.39	-1.34737
34.8299	1238.16	-15.9417
34.8299	1248.93	-25.5092
34.8299	1259.69	-21.8095
34.8299	1270.46	-2.4073
34.8299	1281.23	8.93192
34.8299	1291.99	6.57813
34.8299	1302.76	-23.988
34.8299	1313.53	-20.6239
34.8299	1324.29	-28.6955
34.8299	1335.06	19.8693
34.8299	1345.83	28.8361
34.8299	1356.59	22.9699
34.8299	1367.36	-8.46372
37.7324	0	-36.9245
37.7324	10.7666	-8.73033
37.7324	21.5332	22.9935
37.7324	32.2998	28.845
37.7324	43.0664	19.8973
37.7324	53.833	-25.4486
37.7324	64.5996	-20.7648
37.7324	75.3662	-16.4004
37.7324	86.1328	6.46207
37.7324	96.8994	9.23057
37.7324	107.666	-2.81184
37.7324	118.433	-22.5123
37.7324	129.199	-25.3576
37.7324	139.966	-20.9603
37.7324	150.732	-0.318809
37.7324	161.499	-0.845674
37.7324	172.266	-14.9976
37.7324	183.032	-27.6587
37.7324	193.799	-28.6936
37.7324	204.565	-16.2444
37.7324	215.332	-5.6715
37.7324	226.099	-7.15861
37.7324	236.865	-38.7968
37.7324	247.632	-31.4661
37.7324	258.398	-30.9779
37.7324	269.165	-18.76
37.7324	279.932	-8.43911
37.7324	290.698	-14.2324
37.7324	301.465	-31.7673
37.7324	312.231	-32.3156
37.7324	322.998	-32.4606
37.7324	333.765	-18.9962
37.7324	344.531	-11.1794
37.7324	355.298	-21.1357
37.7324	366.064	-33.1327
37.7324	376.831	-33.6716
37.7324	387.598	-37.5107
37.7324	398.364	-16.8459
37.7324	409.131	-15.3323
37.7324	419.897	-23.011
37.7324	430.664	-33.8442
37.7324	441.431	-34.5772
37.7324	452.197	-30.6932
37.7324	462.964	-18.7722
37.7324	473.73	-16.5701
37.7324	484.497	-30.8544
37.7324	495.264	-35.5997
37.7324	506.03	-35.1394
37.7324	516.797	-29.8363
37.7324	527.563	-18.8589
37.7324	538.33	-18.6952
37.7324	549.097	-40.5094
37.7324	559.863	-36.0078
37.7324	570.63	-36.359
37.7324	581.396	-35.1648
37.7324	592.163	-17.3641
37.7324	602.93	-23.9177
37.7324	613.696	-33.6556
37.7324	624.463	-35.9443
37.7324	635.229	-36.3324
37.7324	645.996	-24.9282
37.7324	656.763	-19.0757
37.7324	667.529	-23.4921
37.7324	678.296	-35.4823
37.7324	689.062	-35.9506
37.7324	699.829	-35.4823
37.7324	710.596	-23.4921
37.7324	721.362	-19.0757
37.7324	732.129	-24.9282
37.7324	742.896	-36.3324
37.7324	753.662	-35.9443
37.7324	764.429	-33.6556
37.7324	775.195	-23.9177
37.7324	785.962	-17.3641
37.7324	796.729	-35.1648
37.7324	807.495	-36.359
37.7324	818.262	-36.0078
37.7324	829.028	-40.5094
37.7324	839.795	-18.6952
37.7324	850.562	-18.8589
37.7324	861.328	-29.8363
37.7324	872.095	-35.1394
37.7324	882.861	-35.5997
37.7324	893.628	-30.8544
37.7324	904.395	-16.5701
37.7324	915.161	-18.7722
37.7324	925.928	-30.6932
37.7324	936.694	-34.5772
37.7324	947.461	-33.8442
37.7324	958.228	-23.011
37.7324	968.994	-15.3323
37.7324	979.761	-16.8459
37.7324	990.527	-37.5107
37.7324	1001.29	-33.6716
37.7324	1012.06	-33.1327
37.7324	1022.83	-21.1357
37.7324	1033.59	-11.1794
37.7324	1044.36	-18.9962
37.7324	1055.13	-32.4606
37.7324	1065.89	-32.3156
37.7324	1076.66	-31.7673
37.7324	1087.43	-14.2324
37.7324	1098.19	-8.43911
37.7324	1108.96	-18.76
37.7324	1119.73	-30.9779
37.7324	1130.49	-31.4661
37.7324	1141.26	-38.7968
37.7324	1152.03	-7.15861
37.7324	1162.79	-5.6715
37.7324	1173.56	-16.2444
37.7324	1184.33	-28.6936
37.7324	1195.09	-27.6587
37.7324	1205.86	-14.9976
37.7324	1216.63	-0.845674
37.7324	1227.39	-0.318809
37.7324	1238.16	-20.9603
37.7324	1248.93	-25.3576
37.7324	1259.69	-22.5123
37.7324	1270.46	-2.81184
37.7324	1281.23	9.23057
37.7324	1291.99	6.46207
37.7324	1302.76	-16.4004
37.7324	1313.53	-20.7648
37.7324	1324.29	-25.4486
37.7324	1335.06	19.8973
37.7324	1345.83	28.845
37.7324	1356.59	22.9935
37.7324	1367.36	-8.73033
40.6349	0	-45.5118
40.6349	10.7666	-10.3252
40.6349	21.5332	23.0289
40.6349	32.2998	28.8154
40.6349	43.0664	19.9472
40.6349	53.833	-18.9677
40.6349	64.5996	-24.7883
40.6349	75.3662	-13.5325
40.6349	86.1328	6.04091
40.6349	96.8994	9.3692
40.6349	107.666	-3.72527
40.6349	118.433	-29.7098
40.6349	129.199	-24.4315
40.6349	139.966	-15.9415
40.6349	150.732	-1.09251
40.6349	161.499	-0.496289
40.6349	172.266	-17.9715
40.6349	183.032	-27.1766
40.6349	193.799	-27.1349
40.6349	204.565	-18.6283
40.6349	215.332	-5.38888
40.6349	226.099	-8.36115
40.6349	236.865	-25.143
40.6349	247.632	-29.187
40.6349	258.398	-30.4445
40.6349	269.165	-20.8103
40.6349	279.932	-8.68493
40.6349	290.698	-16.0314
40.6349	301.465	-29.9557
40.6349	312.231	-31.73
40.6349	322.998	-31.5759
40.6349	333.765	-20.6731
40.6349	344.531	-11.9621
40.6349	355.298	-22.9462
40.6349	366.064	-33.4608
40.6349	376.831	-33.0233
40.6349	387.598	-32.0773
40.6349	398.364	-19.3569
40.6349	409.131	-15.801
40.6349	419.897	-26.1768
40.6349	430.664	-33.7828
40.6349	441.431	-34.0643
40.6349	452.197	-35.9584
40.6349	462.964	-18.6894
40.6349	473.73	-20.3235
40.6349	484.497	-28.5253
40.6349	495.264	-34.47
40.6349	506.03	-35.6292
40.6349	516.797	-52.3908
40.6349	527.563	-19.1687
40.6349	538.33	-23.9107
40.6349	549.097	-32.8533
40.6349	559.863	-35.867
40.6349	570.63	-36.218
40.6349	581.396	-32.2409
40.6349	592.163	-20.841
40.6349	602.93	-24.4739
40.6349	613.696	-37.8332
40.6349	624.463	-36.3171
40.6349	635.229	-35.8401
40.6349	645.996	-26.9203
40.6349	656.763	-23.024
40.6349	667.529	-24.8044
40.6349	678.296	-36.8696
40.6349	689.062	-36.1337
40.6349	699.829	-36.8696
40.6349	710.596	-24.8044
40.6349	721.362	-23.024
40.6349	732.129	-26.9203
40.6349	742.896	-35.8401
40.6349	753.662	-36.3171
40.6349	764.429	-37.8332
40.6349	775.195	-24.4739
40.6349	785.962	-20.841
40.6349	796.729	-32.2409
40.6349	807.495	-36.218
40.6349	818.262	-35.867
40.6349	829.028	-32.8533
40.6349	839.795	-23.9107
40.6349	850.562	-19.1687
40.6349	861.328	-52.3908
40.6349	872.095	-35.6292
40.6349	882.861	-34.47
40.6349	893.628	-28.5253
40.6349	904.395	-20.3235
40.6349	915.161	-18.6894
40.6349	925.928	-35.9584
40.6349	936.694	-34.0643
40.6349	947.461	-33.7828
40.6349	958.228	-26.1768
40.6349	968.994	-15.801
40.6349	979.761	-19.3569
40.6349	990.527	-32.0773
40.6349	1001.29	-33.0233
40.6349	1012.06	-33.4608
40.6349	1022.83	-22.9462
40.6349	1033.59	-11.9621
40.6349	1044.36	-20.6731
40.6349	1055.13	-31.5759
40.6349	1065.89	-31.73
40.6349	1076.66	-29.9557
40.6349	1087.43	-16.0314
40.6349	1098.19	-8.68493
40.6349	1108.96	-20.8103
40.6349	1119.73	-30.4445
40.6349	1130.49	-29.187
40.6349	1141.26	-25.143
40.6349	1152.03	-8.36115
40.6349	1162.79	-5.38888
40.6349	1173.56	-18.6283
40.6349	1184.33	-27.1349
40.6349	1195.09	-27.1766
40.6349	1205.86	-17.9715
40.6349	1216.63	-0.496289
40.6349	1227.39	-1.09251
40.6349	1238.16	-15.9415
40.6349	1248.93	-24.4315
40.6349	1259.69	-29.7098
40.6349	1270.46	-3.72527
40.6349	1281.23	9.3692
40.6349	1291.99	6.04091
40.6349	1302.76	-13.5325
40.6349	1313.53	-24.7883
40.6349	1324.29	-18.9677
40.6349	1335.06	19.9472
40.6349	1345.83	28.8154
40.6349	1356.59	23.0289
40.6349	1367.36	-10.3252
43.5374	0	-28.0957
43.5374	10.7666	-11.908
43.5374	21.5332	23.0525
43.5374	32.2998	28.7921
43.5374	43.0664	19.9814
43.5374	53.833	-16.1278
43.5374	64.5996	-35.9502
43.5374	75.3662	-15.2564
43.5374	86.1328	6.11472
43.5374	96.8994	9.20117
43.5374	107.666	-3.38817
43.5374	118.433	-40.7774
43.5374	129.199	-30.074
43.5374	139.966	-16.3295
43.5374	150.732	-1.33715
43.5374	161.499	-0.694835
43.5374	172.266	-18.9488
43.5374	183.032	-35.974
43.5374	193.799	-30.6998
43.5374	204.565	-17.0717
43.5374	215.332	-6.39426
43.5374	226.099	-8.13787
43.5374	236.865	-41.44
43.5374	247.632	-34.4515
43.5374	258.398	-32.9368
43.5374	269.165	-17.8168
43.5374	279.932	-10.5934
43.5374	290.698	-14.7713
43.5374	301.465	-37.3765
43.5374	312.231	-35.7004
43.5374	322.998	-36.7787
43.5374	333.765	-18.7538
43.5374	344.531	-14.578
43.5374	355.298	-21.3485
43.5374	366.064	-36.5921
43.5374	376.831	-38.0132
43.5374	387.598	-42.1133
43.5374	398.364	-20.0258
43.5374	409.131	-18.7675
43.5374	419.897	-28.3944
43.5374	430.664	-38.7158
43.5374	441.431	-40.4923
43.5374	452.197	-41.3526
43.5374	462.964	-21.806
43.5374	473.73	-23.6092
43.5374	484.497	-36.1394
43.5374	495.264	-41.1183
43.5374	506.03	-42.1239
43.5374	516.797	-37.538
43.5374	527.563	-24.3959
43.5374	538.33	-29.8936
43.5374	549.097	-42.1711
43.5374	559.863	-42.4886
43.5374	570.63	-42.7002
43.5374	581.396	-35.9036
43.5374	592.163	-28.5118
43.5374	602.93	-39.5064
43.5374	613.696	-43.0408
43.5374	624.463	-42.8844
43.5374	635.229	-42.8403
43.5374	645.996	-36.585
43.5374	656.763	-36.6929
43.5374	667.529	-40.8308
43.5374	678.296	-42.8879
43.5374	689.062	-42.9418
43.5374	699.829	-42.8879
43.5374	710.596	-40.8308
43.5374	721.362	-36.6929
43.5374	732.129	-36.585
43.5374	742.896	-42.8403
43.5374	753.662	-42.8844
43.5374	764.429	-43.0408
43.5374	775.195	-39.5064
43.5374	785.962	-28.5118
43.5374	796.729	-35.9036
43.5374	807.495	-42.7002
43.5374	818.262	-42.4886
43.5374	829.028	-42.1711
43.5374	839.795	-29.8936
43.5374	850.562	-24.3959
43.5374	861.328	-37.538
43.5374	872.095	-42.1239
43.5374	882.861	-41.1183
43.5374	893.628	-36.1394
43.5374	904.395	-23.6092
43.5374	915.161	-21.806
43.5374	925.928	-41.3526
43.5374	936.694	-40.4923
43.5374	947.461	-38.7158
43.5374	958.228	-28.3944
43.5374	968.994	-18.7675
43.5374	979.761	-20.0258
43.5374	990.527	-42.1133
43.5374	1001.29	-38.0132
43.5374	1012.06	-36.5921
43.5374	1022.83	-21.3485
43.5374	1033.59	-14.578
43.5374	1044.36	-18.7538
43.5374	1055.13	-36.7787
43.5374	1065.89	-35.7004
43.5374	1076.66	-37.3765
43.5374	1087.43	-14.7713
43.5374	1098.19	-10.5934
43.5374	1108.96	-17.8168
43.5374	1119.73	-32.9368
43.5374	1130.49	-34.4515
43.5374	1141.26	-41.44
43.5374	1152.03	-8.13787
43.5374	1162.79	-6.39426
43.5374	1173.56	-17.0717
43.5374	1184.33	-30.6998
43.5374	1195.09	-35.974
43.5374	1205.86	-18.9488
43.5374	1216.63	-0.694835
43.5374	1227.39	-1.33715
43.5374	1238.16	-16.3295
43.5374	1248.93	-30.074
43.5374	1259.69	-40.7774
43.5374	1270.46	-3.38817
43.5374	1281.23	9.20117
43.5374	1291.99	6.11472
43.5374	1302.76	-15.2564
43.5374	1313.53	-35.9502
43.5374	1324.29	-16.1278
43.5374	1335.06	19.9814
43.5374	1345.83	28.7921
43.5374	1356.59	23.0525
43.5374	1367.36	-11.908
46.4399	0	-38.3119
46.4399	10.7666	-9.35319
46.4399	21.5332	23.0043
46.4399	32.2998	28.8275
46.4399	43.0664	19.9141
46.4399	53.833	-21.9706
46.4399	64.5996	-21.7431
46.4399	75.3662	-13.722
46.4399	86.1328	6.11872
46.4399	96.8994	9.32663
46.4399	107.666	-3.53835
46.4399	118.433	-24.5702
46.4399	129.199	-24.0254
46.4399	139.966	-19.8982
46.4399	150.732	-0.544585
46.4399	161.499	-1.0151
46.4399	172.266	-15.2234
46.4399	183.032	-26.0777
46.4399	193.799	-28.8914
46.4399	204.565	-21.198
46.4399	215.332	-5.0943
46.4399	226.099	-8.83763
46.4399	236.865	-24.5516
46.4399	247.632	-30.6459
46.4399	258.398	-31.3458
46.4399	269.165	-17.7732
46.4399	279.932	-9.63698
46.4399	290.698	-14.1491
46.4399	301.465	-34.149
46.4399	312.231	-33.014
46.4399	322.998	-33.823
46.4399	333.765	-17.5688
46.4399	344.531	-13.4177
46.4399	355.298	-19.5673
46.4399	366.064	-33.5098
46.4399	376.831	-34.1918
46.4399	387.598	-33.2355
46.4399	398.364	-19.9792
46.4399	409.131	-15.3889
46.4399	419.897	-29.8068
46.4399	430.664	-35.1842
46.4399	441.431	-34.5033
46.4399	452.197	-30.3152
46.4399	462.964	-21.3861
46.4399	473.73	-18.0478
46.4399	484.497	-35.7971
46.4399	495.264	-35.1916
46.4399	506.03	-34.9982
46.4399	516.797	-33.0869
46.4399	527.563	-19.7877
46.4399	538.33	-23.3936
46.4399	549.097	-31.9611
46.4399	559.863	-35.3509
46.4399	570.63	-36.0756
46.4399	581.396	-39.0293
46.4399	592.163	-19.9889
46.4399	602.93	-26.7923
46.4399	613.696	-35.6015
46.4399	624.463	-36.1502
46.4399	635.229	-35.8246
46.4399	645.996	-27.6068
46.4399	656.763	-22.7497
46.4399	667.529	-25.132
46.4399	678.296	-37.0714
46.4399	689.062	-36.1841
46.4399	699.829	-37.0714
46.4399	710.596	-25.132
46.4399	721.362	-22.7497
46.4399	732.129	-27.6068
46.4399	742.896	-35.8246
46.4399	753.662	-36.1502
46.4399	764.429	-35.6015
46.4399	775.195	-26.7923
46.4399	785.962	-19.9889
46.4399	796.729	-39.0293
46.4399	807.495	-36.0756
46.4399	818.262	-35.3509
46.4399	829.028	-31.9611
46.4399	839.795	-23.3936
46.4399	850.562	-19.7877
46.4399	861.328	-33.0869
46.4399	872.095	-34.9982
46.4399	882.861	-35.1916
46.4399	893.628	-35.7971
46.4399	904.395	-18.0478
46.4399	915.161	-21.3861
46.4399	925.928	-30.3152
46.4399	936.694	-34.5033
46.4399	947.461	-35.1842
46.4399	958.228	-29.8068
46.4399	968.994	-15.3889
46.4399	979.761	-19.9792
46.4399	990.527	-33.2355
46.4399	1001.29	-34.1918
46.4399	1012.06	-33.5098
46.4399	1022.83	-19.5673
46.4399	1033.59	-13.4177
46.4399	1044.36	-17.5688
46.4399	1055.13	-33.823
46.4399	1065.89	-33.014
46.4399	1076.66	-34.149
46.4399	1087.43	-14.1491
46.4399	1098.19	-9.63698
46.4399	1108.96	-17.7732
46.4399	1119.73	-31.3458
46.4399	1130.49	-30.6459
46.4399	1141.26	-24.5516
46.4399	1152.03	-8.83763
46.4399	1162.79	-5.0943
46.4399	1173.56	-21.198
46.4399	1184.33	-28.8914
46.4399	1195.09	-26.0777
46.4399	1205.86	-15.2234
46.4399	1216.63	-1.0151
46.4399	1227.39	-0.544585
46.4399	1238.16	-19.8982
46.4399	1248.93	-24.0254
46.4399	1259.69	-24.5702
46.4399	1270.46	-3.53835
46.4399	1281.23	9.32663
46.4399	1291.99	6.11872
46.4399	1302.76	-13.722
46.4399	1313.53	-21.7431
46.4399	1324.29	-21.9706
46.4399	1335.06	19.9141
46.4399	1345.83	28.8275
46.4399	1356.59	23.0043
46.4399	1367.36	-9.35319
49.3424	0	-43.4246
49.3424	10.7666	-8.48953
49.3424	21.5332	22.9854
49.3424	32.2998	28.8496
49.3424	43.0664	19.8863
49.3424	53.833	-28.0841
49.3424	64.5996	-20.6831
49.3424	75.3662	-21.9057
49.3424	86.1328	6.66868
49.3424	96.8994	9.08975
49.3424	107.666	-2.33984
49.3424	118.433	-21.7841
49.3424	129.199	-25.4142
49.3424	139.966	-16.2244
49.3424	150.732	-0.858799
49.3424	161.499	-0.318616
49.3424	172.266	-17.7592
49.3424	183.032	-29.4241
49.3424	193.799	-28.8805
49.3424	204.565	-18.4416
49.3424	215.332	-5.0549
49.3424	226.099	-7.80904
49.3424	236.865	-26.4939
49.3424	247.632	-30.6374
49.3424	258.398	-31.3267
49.3424	269.165	-18.3944
49.3424	279.932	-8.45192
49.3424	290.698	-14.2585
49.3424	301.465	-30.6512
49.3424	312.231	-32.2151
49.3424	322.998	-32.644
49.3424	333.765	-17.143
49.3424	344.531	-12.0859
49.3424	355.298	-18.5196
49.3424	366.064	-33.8709
49.3424	376.831	-33.8447
49.3424	387.598	-31.8403
49.3424	398.364	-19.3256
49.3424	409.131	-13.5924
49.3424	419.897	-29.1184
49.3424	430.664	-35.1504
49.3424	441.431	-34.9557
49.3424	452.197	-43.9494
49.3424	462.964	-16.9699
49.3424	473.73	-18.1268
49.3424	484.497	-27.1101
49.3424	495.264	-34.5557
49.3424	506.03	-34.7719
49.3424	516.797	-27.9936
49.3424	527.563	-19.4306
49.3424	538.33	-18.3507
49.3424	549.097	-37.9373
49.3424	559.863	-36.0317
49.3424	570.63	-36.1714
49.3424	581.396	-32.8403
49.3424	592.163	-17.6203
49.3424	602.93	-22.718
49.3424	613.696	-35.36
49.3424	624.463	-36.2442
49.3424	635.229	-36.5033
49.3424	645.996	-25.2995
49.3424	656.763	-18.6715
49.3424	667.529	-23.9075
49.3424	678.296	-35.0834
49.3424	689.062	-35.7122
49.3424	699.829	-35.0834
49.3424	710.596	-23.9075
49.3424	721.362	-18.6715
49.3424	732.129	-25.2995
49.3424	742.896	-36.5033
49.3424	753.662	-36.2442
49.3424	764.429	-35.36
49.3424	775.195	-22.718
49.3424	785.962	-17.6203
49.3424	796.729	-32.8403
49.3424	807.495	-36.1714
49.3424	818.262	-36.0317
49.3424	829.028	-37.9373
49.3424	839.795	-18.3507
49.3424	850.562	-19.4306
49.3424	861.328	-27.9936
49.3424	872.095	-34.7719
49.3424	882.861	-34.5557
49.3424	893.628	-27.1101
49.3424	904.395	-18.1268
49.3424	915.161	-16.9699
49.3424	925.928	-43.9494
49.3424	936.694	-34.9557
49.3424	947.461	-35.1504
49.3424	958.228	-29.1184
49.3424	968.994	-13.5924
49.3424	979.761	-19.3256
49.3424	990.527	-31.8403
49.3424	1001.29	-33.8447
49.3424	1012.06	-33.8709
49.3424	1022.83	-18.5196
49.3424	1033.59	-12.0859
49.3424	1044.36	-17.143
49.3424	1055.13	-32.644
49.3424	1065.89	-32.2151
49.3424	1076.66	-30.6512
49.3424	1087.43	-14.2585
49.3424	1098.19	-8.45192
49.3424	1108.96	-18.3944
49.3424	1119.73	-31.3267
49.3424	1130.49	-30.6374
49.3424	1141.26	-26.4939
49.3424	1152.03	-7.80904
49.3424	1162.79	-5.0549
49.3424	1173.56	-18.4416
49.3424	1184.33	-28.8805
49.3424	1195.09	-29.4241
49.3424	1205.86	-17.7592
49.3424	1216.63	-0.318616
49.3424	1227.39	-0.858799
49.3424	1238.16	-16.2244
49.3424	1248.93	-25.4142
49.3424	1259.69	-21.7841
49.3424	1270.46	-2.33984
49.3424	1281.23	9.08975
49.3424	1291.99	6.66868
49.3424	1302.76	-21.9057
49.3424	1313.53	-20.6831
49.3424	1324.29	-28.0841
49.3424	1335.06	19.8863
49.3424	1345.83	28.8496
49.3424	1356.59	22.9854
49.3424	1367.36	-8.48953
52.2449	0	-37.4002
52.2449	10.7666	-8.64869
52.2449	21.5332	22.9766
52.2449	32.2998	28.8328
52.2449	43.0664	19.8784
52.2449	53.833	-26.3053
52.2449	64.5996	-20.6393
52.2449	75.3662	-17.461
52.2449	86.1328	6.4088
52.2449	96.8994	9.05485
52.2449	107.666	-2.78419
52.2449	118.433	-22.2979
52.2449	129.199	-25.5375
52.2449	139.966	-19.789
52.2449	150.732	-0.772289
52.2449	161.499	-1.09797
52.2449	172.266	-15.9945
52.2449	183.032	-28.371
52.2449	193.799	-28.6885
52.2449	204.565	-16.712
52.2449	215.332	-6.39588
52.2449	226.099	-7.91208
52.2449	236.865	-38.4313
52.2449	247.632	-31.0593
52.2449	258.398	-31.1093
52.2449	269.165	-21.239
52.2449	279.932	-9.25905
52.2449	290.698	-16.7485
52.2449	301.465	-30.5489
52.2449	312.231	-32.1286
52.2449	322.998	-32.5667
52.2449	333.765	-19.1527
52.2449	344.531	-13.8316
52.2449	355.298	-21.5124
52.2449	366.064	-33.5267
52.2449	376.831	-33.8669
52.2449	387.598	-35.6418
52.2449	398.364	-19.5271
52.2449	409.131	-18.1023
52.2449	419.897	-27.4918
52.2449	430.664	-34.4912
52.2449	441.431	-34.6575
52.2449	452.197	-30.7781
52.2449	462.964	-23.8593
52.2449	473.73	-20.1888
52.2449	484.497	-39.2527
52.2449	495.264	-35.3803
52.2449	506.03	-35.378
52.2449	516.797	-39.7495
52.2449	527.563	-21.77
52.2449	538.33	-30.2258
52.2449	549.097	-33.8793
52.2449	559.863	-35.6378
52.2449	570.63	-35.7394
52.2449	581.396	-31.429
52.2449	592.163	-26.9496
52.2449	602.93	-27.8694
52.2449	613.696	-37.192
52.2449	624.463	-36.0706
52.2449	635.229	-36.3714
52.2449	645.996	-30.8913
52.2449	656.763	-27.2023
52.2449	667.529	-36.4021
52.2449	678.296	-35.3812
52.2449	689.062	-36.1508
52.2449	699.829	-35.3812
52.2449	710.596	-36.4021
52.2449	721.362	-27.2023
52.2449	732.129	-30.8913
52.2449	742.896	-36.3714
52.2449	753.662	-36.0706
52.2449	764.429	-37.192
52.2449	775.195	-27.8694
52.2449	785.962	-26.9496
52.2449	796.729	-31.429
52.2449	807.495	-35.7394
52.2449	818.262	-35.6378
52.2449	829.028	-33.8793
52.2449	839.795	-30.2258
52.2449	850.562	-21.77
52.2449	861.328	-39.7495
52.2449	872.095	-35.378
52.2449	882.861	-35.3803
52.2449	893.628	-39.2527
52.2449	904.395	-20.1888
52.2449	915.161	-23.8593
52.2449	925.928	-30.7781
52.2449	936.694	-34.6575
52.2449	947.461	-34.4912
52.2449	958.228	-27.4918
52.2449	968.994	-18.1023
52.2449	979.761	-19.5271
52.2449	990.527	-35.6418
52.2449	1001.29	-33.8669
52.2449	1012.06	-33.5267
52.2449	1022.83	-21.5124
52.2449	1033.59	-13.8316
52.2449	1044.36	-19.1527
52.2449	1055.13	-32.5667
52.2449	1065.89	-32.1286
52.2449	1076.66	-30.5489
52.2449	1087.43	-16.7485
52.2449	1098.19	-9.25905
52.2449	1108.96	-21.239
52.2449	1119.73	-31.1093
52.2449	1130.49	-31.0593
52.2449	1141.26	-38.4313
52.2449	1152.03	-7.91208
52.2449	1162.79	-6.39588
52.2449	1173.56	-16.712
52.2449	1184.33	-28.6885
52.2449	1195.09	-28.371
52.2449	1205.86	-15.9945
52.2449	1216.63	-1.09797
52.2449	1227.39	-0.772289
52.2449	1238.16	-19.789
52.2449	1248.93	-25.5375
52.2449	1259.69	-22.2979
52.2449	1270.46	-2.78419
52.2449	1281.23	9.05485
52.2449	1291.99	6.4088
52.2449	1302.76	-17.461
52.2449	1313.53	-20.6393
52.2449	1324.29	-26.3053
52.2449	1335.06	19.8784
52.2449	1345.83	28.8328
52.2449	1356.59	22.9766
52.2449	1367.36	-8.64869
55.1474	0	-56.2864
55.1474	10.7666	-9.99473
55.1474	21.5332	23.0159
55.1474	32.2998	28.8139
55.1474	43.0664	19.9313
55.1474	53.833	-19.8347
55.1474	64.5996	-23.5921
55.1474	75.3662	-13.4503
55.1474	86.1328	5.99199
55.1474	96.8994	9.32389
55.1474	107.666	-3.80098
55.1474	118.433	-27.6291
55.1474	129.199	-24.0376
55.1474	139.966	-16.7657
55.1474	150.732	-1.07866
55.1474	161.499	-0.757054
55.1474	172.266	-17.3612
55.1474	183.032	-26.5076
55.1474	193.799	-27.3681
55.1474	204.565	-20.5498
55.1474	215.332	-5.41191
55.1474	226.099	-9.03534
55.1474	236.865	-24.5785
55.1474	247.632	-29.1698
55.1474	258.398	-30.6233
55.1474	269.165	-21.7152
55.1474	279.932	-9.10296
55.1474	290.698	-16.8899
55.1474	301.465	-30.2033
55.1474	312.231	-31.7742
55.1474	322.998	-32.111
55.1474	333.765	-19.9874
55.1474	344.531	-13.1795
55.1474	355.298	-22.9232
55.1474	366.064	-32.9074
55.1474	376.831	-33.2836
55.1474	387.598	-35.3807
55.1474	398.364	-19.1354
55.1474	409.131	-18.0852
55.1474	419.897	-26.6643
55.1474	430.664	-33.7515
55.1474	441.431	-34.7976
55.1474	452.197	-41.9345
55.1474	462.964	-19.8942
55.1474	473.73	-23.3871
55.1474	484.497	-30.5507
55.1474	495.264	-35.138
55.1474	506.03	-35.8701
55.1474	516.797	-33.9833
55.1474	527.563	-22.2456
55.1474	538.33	-27.0538
55.1474	549.097	-33.8431
55.1474	559.863	-36.0793
55.1474	570.63	-36.2195
55.1474	581.396	-29.9265
55.1474	592.163	-25.9802
55.1474	602.93	-28.6561
55.1474	613.696	-35.2448
55.1474	624.463	-36.4427
55.1474	635.229	-36.6405
55.1474	645.996	-28.9035
55.1474	656.763	-29.7091
55.1474	667.529	-29.083
55.1474	678.296	-36.3355
55.1474	689.062	-36.621
55.1474	699.829	-36.3355
55.1474	710.596	-29.083
55.1474	721.362	-29.7091
55.1474	732.129	-28.9035
55.1474	742.896	-36.6405
55.1474	753.662	-36.4427
55.1474	764.429	-35.2448
55.1474	775.195	-28.6561
55.1474	785.962	-25.9802
55.1474	796.729	-29.9265
55.1474	807.495	-36.2195
55.1474	818.262	-36.0793
55.1474	829.028	-33.8431
55.1474	839.795	-27.0538
55.1474	850.562	-22.2456
55.1474	861.328	-33.9833
55.1474	872.095	-35.8701
55.1474	882.861	-35.138
55.1474	893.628	-30.5507
55.1474	904.395	-23.3871
55.1474	915.161	-19.8942
55.1474	925.928	-41.9345
55.1474	936.694	-34.7976
55.1474	947.461	-33.7515
55.1474	958.228	-26.6643
55.1474	968.994	-18.0852
55.1474	979.761	-19.1354
55.1474	990.527	-35.3807
55.1474	1001.29	-33.2836
55.1474	1012.06	-32.9074
55.1474	1022.83	-22.9232
55.1474	1033.59	-13.1795
55.1474	1044.36	-19.9874
55.1474	1055.13	-32.111
55.1474	1065.89	-31.7742
55.1474	1076.66	-30.2033
55.1474	1087.43	-16.8899
55.1474	1098.19	-9.10296
55.1474	1108.96	-21.7152
55.1474	1119.73	-30.6233
55.1474	1130.49	-29.1698
55.1474	1141.26	-24.5785
55.1474	1152.03	-9.03534
55.1474	1162.79	-5.41191
55.1474	1173.56	-20.5498
55.1474	1184.33	-27.3681
55.1474	1195.09	-26.5076
55.1474	1205.86	-17.3612
55.1474	1216.63	-0.757054
55.1474	1227.39	-1.07866
55.1474	1238.16	-16.7657
55.1474	1248.93	-24.0376
55.1474	1259.69	-27.6291
55.1474	1270.46	-3.80098
55.1474	1281.23	9.32389
55.1474	1291.99	5.99199
55.1474	1302.76	-13.4503
55.1474	1313.53	-23.5921
55.1474	1324.29	-19.8347
55.1474	1335.06	19.9313
55.1474	1345.83	28.8139
55.1474	1356.59	23.0159
55.1474	1367.36	-9.99473
58.0499	0	-27.6906
58.0499	10.7666	-12.067
58.0499	21.5332	23.0742
58.0499	32.2998	28.8075
58.0499	43.0664	20.0062
58.0499	53.833	-15.8444
58.0499	64.5996	-40.8505
58.0499	75.3662	-15.3733
58.0499	86.1328	6.29746
58.0499	96.8994	9.34184
58.0499	107.666	-3.102
58.0499	118.433	-36.5784
58.0499	129.199	-31.136
58.0499	139.966	-16.198
58.0499	150.732	-0.846649
58.0499	161.499	-0.281021
58.0499	172.266	-17.7338
58.0499	183.032	-40.5901
58.0499	193.799	-31.703
58.0499	204.565	-16.5774
58.0499	215.332	-5.42558
58.0499	226.099	-7.25335
58.0499	236.865	-33.7773
58.0499	247.632	-38.0369
58.0499	258.398	-34.2316
58.0499	269.165	-16.8085
58.0499	279.932	-8.91819
58.0499	290.698	-13.1302
58.0499	301.465	-42.8176
58.0499	312.231	-39.5556
58.0499	322.998	-39.3506
58.0499	333.765	-17.0172
58.0499	344.531	-11.8651
58.0499	355.298	-18.5178
58.0499	366.064	-39.0532
58.0499	376.831	-42.9523
58.0499	387.598	-48.7412
58.0499	398.364	-17.2424
58.0499	409.131	-14.5088
58.0499	419.897	-23.7217
58.0499	430.664	-40.2352
58.0499	441.431	-47.9574
58.0499	452.197	-38.6387
58.0499	462.964	-17.4812
58.0499	473.73	-16.9686
58.0499	484.497	-28.9268
58.0499	495.264	-42.7274
58.0499	506.03	-53.1544
58.0499	516.797	-32.7794
58.0499	527.563	-17.7087
58.0499	538.33	-19.3094
58.0499	549.097	-34.2686
58.0499	559.863	-45.5025
58.0499	570.63	-53.1403
58.0499	581.396	-29.0939
58.0499	592.163	-17.8896
58.0499	602.93	-21.5835
58.0499	613.696	-39.8342
58.0499	624.463	-47.7479
58.0499	635.229	-50.1126
58.0499	645.996	-26.2865
58.0499	656.763	-17.9904
58.0499	667.529	-23.8648
58.0499	678.296	-45.4423
58.0499	689.062	-48.6321
58.0499	699.829	-45.4423
58.0499	710.596	-23.8648
58.0499	721.362	-17.9904
58.0499	732.129	-26.2865
58.0499	742.896	-50.1126
58.0499	753.662	-47.7479
58.0499	764.429	-39.8342
58.0499	775.195	-21.5835
58.0499	785.962	-17.8896
58.0499	796.729	-29.0939
58.0499	807.495	-53.1403
58.0499	818.262	-45.5025
58.0499	829.028	-34.2686
58.0499	839.795	-19.3094
58.0499	850.562	-17.7087
58.0499	861.328	-32.7794
58.0499	872.095	-53.1544
58.0499	882.861	-42.7274
58.0499	893.628	-28.9268
58.0499	904.395	-16.9686
58.0499	915.161	-17.4812
58.0499	925.928	-38.6387
58.0499	936.694	-47.9574
58.0499	947.461	-40.2352
58.0499	958.228	-23.7217
58.0499	968.994	-14.5088
58.0499	979.761	-17.2424
58.0499	990.527	-48.7412
58.0499	1001.29	-42.9523
58.0499	1012.06	-39.0532
58.0499	1022.83	-18.5178
58.0499	1033.59	-11.8651
58.0499	1044.36	-17.0172
58.0499	1055.13	-39.3506
58.0499	1065.89	-39.5556
58.0499	1076.66	-42.8176
58.0499	1087.43	-13.1302
58.0499	1098.19	-8.91819
58.0499	1108.96	-16.8085
58.0499	1119.73	-34.2316
58.0499	1130.49	-38.0369
58.0499	1141.26	-33.7773
58.0499	1152.03	-7.25335
58.0499	1162.79	-5.42558
58.0499	1173.56	-16.5774
58.0499	1184.33	-31.703
58.0499	1195.09	-40.5901
58.0499	1205.86	-17.7338
58.0499	1216.63	-0.281021
58.0499	1227.39	-0.846649
58.0499	1238.16	-16.198
58.0499	1248.93	-31.136
58.0499	1259.69	-36.5784
58.0499	1270.46	-3.102
58.0499	1281.23	9.34184
58.0499	1291.99	6.29746
58.0499	1302.76	-15.3733
58.0499	1313.53	-40.8505
58.0499	1324.29	-15.8444
58.0499	1335.06	20.0062
58.0499	1345.83	28.8075
58.0499	1356.59	23.0742
58.0499	1367.36	-12.067
60.9524	0	-40.5587
60.9524	10.7666	-9.55557
60.9524	21.5332	23.0086
60.9524	32.2998	28.8233
60.9524	43.0664	19.9203
60.9524	53.833	-21.2041
60.9524	64.5996	-22.265
60.9524	75.3662	-13.5315
60.9524	86.1328	6.06347
60.9524	96.8994	9.34059
60.9524	107.666	-3.67586
60.9524	118.433	-25.4453
60.9524	129.199	-23.8685
60.9524	139.966	-18.5487
60.9524	150.732	-0.71514
60.9524	161.499	-0.898001
60.9524	172.266	-15.9321
60.9524	183.032	-26.0223
60.9524	193.799	-28.2193
60.9524	204.565	-22.031
60.9524	215.332	-5.06261
60.9524	226.099	-9.08191
60.9524	236.865	-23.8971
60.9524	247.632	-29.8435
60.9524	258.398	-31.3506
60.9524	269.165	-19.1391
60.9524	279.932	-9.24188
60.9524	290.698	-15.2696
60.9524	301.465	-31.3251
60.9524	312.231	-32.6989
60.9524	322.998	-33.7875
60.9524	333.765	-17.7064
60.9524	344.531	-13.6298
60.9524	355.298	-19.785
60.9524	366.064	-33.4419
60.9524	376.831	-34.3653
60.9524	387.598	-35.773
60.9524	398.364	-18.6299
60.9524	409.131	-16.9824
60.9524	419.897	-25.2904
60.9524	430.664	-34.9586
60.9524	441.431	-35.2866
60.9524	452.197	-31.3869
60.9524	462.964	-21.1716
60.9524	473.73	-18.9024
60.9524	484.497	-33.7583
60.9524	495.264	-35.9911
60.9524	506.03	-35.2489
60.9524	516.797	-29.5318
60.9524	527.563	-22.8083
60.9524	538.33	-21.1565
60.9524	549.097	-40.7486
60.9524	559.863	-35.826
60.9524	570.63	-35.4372
60.9524	581.396	-31.5904
60.9524	592.163	-21.8986
60.9524	602.93	-24.7836
60.9524	613.696	-37.4388
60.9524	624.463	-35.702
60.9524	635.229	-35.5206
60.9524	645.996	-36.8433
60.9524	656.763	-20.9887
60.9524	667.529	-30.617
60.9524	678.296	-35.7951
60.9524	689.062	-35.6583
60.9524	699.829	-35.7951
60.9524	710.596	-30.617
60.9524	721.362	-20.9887
60.9524	732.129	-36.8433
60.9524	742.896	-35.5206
60.9524	753.662	-35.702
60.9524	764.429	-37.4388
60.9524	775.195	-24.7836
60.9524	785.962	-21.8986
60.9524	796.729	-31.5904
60.9524	807.495	-35.4372
60.9524	818.262	-35.826
60.9524	829.028	-40.7486
60.9524	839.795	-21.1565
60.9524	850.562	-22.8083
60.9524	861.328	-29.5318
60.9524	872.095	-35.2489
60.9524	882.861	-35.9911
60.9524	893.628	-33.7583
60.9524	904.395	-18.9024
60.9524	915.161	-21.1716
60.9524	925.928	-31.3869
60.9524	936.694	-35.2866
60.9524	947.461	-34.9586
60.9524	958.228	-25.2904
60.9524	968.994	-16.9824
60.9524	979.761	-18.6299
60.9524	990.527	-35.773
60.9524	1001.29	-34.3653
60.9524	1012.06	-33.4419
60.9524	1022.83	-19.785
60.9524	1033.59	-13.6298
60.9524	1044.36	-17.7064
60.9524	1055.13	-33.7875
60.9524	1065.89	-32.6989
60.9524	1076.66	-31.3251
60.9524	1087.43	-15.2696
60.9524	1098.19	-9.24188
60.9524	1108.96	-19.1391
60.9524	1119.73	-31.3506
60.9524	1130.49	-29.8435
60.9524	1141.26	-23.8971
60.9524	1152.03	-9.08191
60.9524	1162.79	-5.06261
60.9524	1173.56	-22.031
60.9524	1184.33	-28.2193
60.9524	1195.09	-26.0223
60.9524	1205.86	-15.9321
60.9524	1216.63	-0.898001
60.9524	1227.39	-0.71514
60.9524	1238.16	-18.5487
60.9524	1248.93	-23.8685
60.9524	1259.69	-25.4453
60.9524	1270.46	-3.67586
60.9524	1281.23	9.34059
60.9524	1291.99	6.06347
60.9524	1302.76	-13.5315
60.9524	1313.53	-22.265
60.9524	1324.29	-21.2041
60.9524	1335.06	19.9203
60.9524	1345.83	28.8233
60.9524	1356.59	23.0086
60.9524	1367.36	-9.55557
63.8549	0	-39.8475
63.8549	10.7666	-8.53989
63.8549	21.5332	22.9713
63.8549	32.2998	28.8333
63.8549	43.0664	19.8716
63.8549	53.833	-27.5673
63.8549	64.5996	-20.6087
63.8549	75.3662	-19.9191
63.8549	86.1328	6.49149
63.8549	96.8994	8.97402
63.8549	107.666	-2.58629
63.8549	118.433	-22.0091
63.8549	129.199	-25.6149
63.8549	139.966	-17.5148
63.8549	150.732	-1.08164
63.8549	161.499	-0.879047
63.8549	172.266	-17.4067
63.8549	183.032	-29.1174
63.8549	193.799	-28.675
63.8549	204.565	-17.7711
63.8549	215.332	-6.12543
63.8549	226.099	-8.37724
63.8549	236.865	-29.1192
63.8549	247.632	-30.5905
63.8549	258.398	-31.1158
63.8549	269.165	-21.2525
63.8549	279.932	-9.435
63.8549	290.698	-16.8489
63.8549	301.465	-30.9009
63.8549	312.231	-32.367
63.8549	322.998	-33.5547
63.8549	333.765	-18.1974
63.8549	344.531	-14.9173
63.8549	355.298	-20.6383
63.8549	366.064	-33.375
63.8549	376.831	-33.8698
63.8549	387.598	-31.9134
63.8549	398.364	-22.6993
63.8549	409.131	-16.9196
63.8549	419.897	-37.2962
63.8549	430.664	-34.9231
63.8549	441.431	-34.5787
63.8549	452.197	-35.6709
63.8549	462.964	-21.3061
63.8549	473.73	-23.7962
63.8549	484.497	-32.4925
63.8549	495.264	-35.0571
63.8549	506.03	-35.3992
63.8549	516.797	-33.4633
63.8549	527.563	-24.4464
63.8549	538.33	-28.041
63.8549	549.097	-36.2038
63.8549	559.863	-35.8278
63.8549	570.63	-35.8293
63.8549	581.396	-31.0671
63.8549	592.163	-29.8596
63.8549	602.93	-33.5472
63.8549	613.696	-35.2871
63.8549	624.463	-36.0426
63.8549	635.229	-35.7688
63.8549	645.996	-42.2081
63.8549	656.763	-31.2619
63.8549	667.529	-32.9984
63.8549	678.296	-36.8718
63.8549	689.062	-36.0803
63.8549	699.829	-36.8718
63.8549	710.596	-32.9984
63.8549	721.362	-31.2619
63.8549	732.129	-42.2081
63.8549	742.896	-35.7688
63.8549	753.662	-36.0426
63.8549	764.429	-35.2871
63.8549	775.195	-33.5472
63.8549	785.962	-29.8596
63.8549	796.729	-31.0671
63.8549	807.495	-35.8293
63.8549	818.262	-35.8278
63.8549	829.028	-36.2038
63.8549	839.795	-28.041
63.8549	850.562	-24.4464
63.8549	861.328	-33.4633
63.8549	872.095	-35.3992
63.8549	882.861	-35.0571
63.8549	893.628	-32.4925
63.8549	904.395	-23.7962
63.8549	915.161	-21.3061
63.8549	925.928	-35.6709
63.8549	936.694	-34.5787
63.8549	947.461	-34.9231
63.8549	958.228	-37.2962
63.8549	968.994	-16.9196
63.8549	979.761	-22.6993
63.8549	990.527	-31.9134
63.8549	1001.29	-33.8698
63.8549	1012.06	-33.375
63.8549	1022.83	-20.6383
63.8549	1033.59	-14.9173
63.8549	1044.36	-18.1974
63.8549	1055.13	-33.5547
63.8549	1065.89	-32.367
63.8549	1076.66	-30.9009
63.8549	1087.43	-16.8489
63.8549	1098.19	-9.435
63.8549	1108.96	-21.2525
63.8549	1119.73	-31.1158
63.8549	1130.49	-30.5905
63.8549	1141.26	-29.1192
63.8549	1152.03	-8.37724
63.8549	1162.79	-6.12543
63.8549	1173.56	-17.7711
63.8549	1184.33	-28.675
63.8549	1195.09	-29.1174
63.8549	1205.86	-17.4067
63.8549	1216.63	-0.879047
63.8549	1227.39	-1.08164
63.8549	1238.16	-17.5148
63.8549	1248.93	-25.6149
63.8549	1259.69	-22.0091
63.8549	1270.46	-2.58629
63.8549	1281.23	8.97402
63.8549	1291.99	6.49149
63.8549	1302.76	-19.9191
63.8549	1313.53	-20.6087
63.8549	1324.29	-27.5673
63.8549	1335.06	19.8716
63.8549	1345.83	28.8333
63.8549	1356.59	22.9713
63.8549	1367.36	-8.53989
66.7574	0	-38.6195
66.7574	10.7666	-8.56527
66.7574	21.5332	22.9814
66.7574	32.2998	28.8417
66.7574	43.0664	19.8826
66.7574	53.833	-27.1444
66.7574	64.5996	-20.6085
66.7574	75.3662	-18.9008
66.7574	86.1328	6.53397
66.7574	96.8994	9.08481
66.7574	107.666	-2.58472
66.7574	118.433	-22.0993
66.7574	129.199	-25.6194
66.7574	139.966	-18.0531
66.7574	150.732	-0.749396
66.7574	161.499	-0.734641
66.7574	172.266	-16.464
66.7574	183.032	-28.8452
66.7574	193.799	-28.6245
66.7574	204.565	-16.9578
66.7574	215.332	-5.81772
66.7574	226.099	-7.64167
66.7574	236.865	-32.2941
66.7574	247.632	-30.7457
66.7574	258.398	-31.1366
66.7574	269.165	-20.9729
66.7574	279.932	-8.52912
66.7574	290.698	-15.9345
66.7574	301.465	-30.1816
66.7574	312.231	-32.2395
66.7574	322.998	-33.519
66.7574	333.765	-17.4215
66.7574	344.531	-13.125
66.7574	355.298	-19.3575
66.7574	366.064	-33.3799
66.7574	376.831	-33.9713
66.7574	387.598	-32.4083
66.7574	398.364	-19.5601
66.7574	409.131	-15.2318
66.7574	419.897	-26.9801
66.7574	430.664	-34.8967
66.7574	441.431	-34.5094
66.7574	452.197	-32.3973
66.7574	462.964	-19.8897
66.7574	473.73	-17.9366
66.7574	484.497	-35.8675
66.7574	495.264	-35.1647
66.7574	506.03	-35.4818
66.7574	516.797	-38.6153
66.7574	527.563	-18.7656
66.7574	538.33	-23.3669
66.7574	549.097	-31.7282
66.7574	559.863	-35.7188
66.7574	570.63	-35.7633
66.7574	581.396	-27.4154
66.7574	592.163	-21.9599
66.7574	602.93	-22.5153
66.7574	613.696	-37.0081
66.7574	624.463	-36.1475
66.7574	635.229	-35.7456
66.7574	645.996	-31.0466
66.7574	656.763	-20.0873
66.7574	667.529	-26.7691
66.7574	678.296	-36.5354
66.7574	689.062	-35.9659
66.7574	699.829	-36.5354
66.7574	710.596	-26.7691
66.7574	721.362	-20.0873
66.7574	732.129	-31.0466
66.7574	742.896	-35.7456
66.7574	753.662	-36.1475
66.7574	764.429	-37.0081
66.7574	775.195	-22.5153
66.7574	785.962	-21.9599
66.7574	796.729	-27.4154
66.7574	807.495	-35.7633
66.7574	818.262	-35.7188
66.7574	829.028	-31.7282
66.7574	839.795	-23.3669
66.7574	850.562	-18.7656
66.7574	861.328	-38.6153
66.7574	872.095	-35.4818
66.7574	882.861	-35.1647
66.7574	893.628	-35.8675
66.7574	904.395	-17.9366
66.7574	915.161	-19.8897
66.7574	925.928	-32.3973
66.7574	936.694	-34.5094
66.7574	947.461	-34.8967
66.7574	958.228	-26.9801
66.7574	968.994	-15.2318
66.7574	979.761	-19.5601
66.7574	990.527	-32.4083
66.7574	1001.29	-33.9713
66.7574	1012.06	-33.3799
66.7574	1022.83	-19.3575
66.7574	1033.59	-13.125
66.7574	1044.36	-17.4215
66.7574	1055.13	-33.519
66.7574	1065.89	-32.2395
66.7574	1076.66	-30.1816
66.7574	1087.43	-15.9345
66.7574	1098.19	-8.52912
66.7574	1108.96	-20.9729
66.7574	1119.73	-31.1366
66.7574	1130.49	-30.7457
66.7574	1141.26	-32.2941
66.7574	1152.03	-7.64167
66.7574	1162.79	-5.81772
66.7574	1173.56	-16.9578
66.7574	1184.33	-28.6245
66.7574	1195.09	-28.8452
66.7574	1205.86	-16.464
66.7574	1216.63	-0.734641
66.7574	1227.39	-0.749396
66.7574	1238.16	-18.0531
66.7574	1248.93	-25.6194
66.7574	1259.69	-22.0993
66.7574	1270.46	-2.58472
66.7574	1281.23	9.08481
66.7574	1291.99	6.53397
66.7574	1302.76	-18.9008
66.7574	1313.53	-20.6085
66.7574	1324.29	-27.1444
66.7574	1335.06	19.8826
66.7574	1345.83	28.8417
66.7574	1356.59	22.9814
66.7574	1367.36	-8.56527
69.6599	0	-43.8853
69.6599	10.7666	-9.72495
69.6599	21.5332	23.0204
69.6599	32.2998	28.8285
69.6599	43.0664	19.9339
69.6599	53.833	-20.6084
69.6599	64.5996	-22.7298
69.6599	75.3662	-13.3845
69.6599	86.1328	6.11009
69.6599	96.8994	9.41725
69.6599	107.666	-3.62836
69.6599	118.433	-26.1778
69.6599	129.199	-23.8339
69.6599	139.966	-17.4275
69.6599	150.732	-0.641212
69.6599	161.499	-0.607826
69.6599	172.266	-16.0226
69.6599	183.032	-26.063
69.6599	193.799	-27.9018
69.6599	204.565	-21.1541
69.6599	215.332	-4.74319
69.6599	226.099	-8.58443
69.6599	236.865	-23.5181
69.6599	247.632	-29.5587
69.6599	258.398	-31.2113
69.6599	269.165	-19.5836
69.6599	279.932	-8.41967
69.6599	290.698	-14.7939
69.6599	301.465	-31.2969
69.6599	312.231	-32.4278
69.6599	322.998	-32.7623
69.6599	333.765	-17.4152
69.6599	344.531	-12.3237
69.6599	355.298	-18.8584
69.6599	366.064	-33.5664
69.6599	376.831	-33.9516
69.6599	387.598	-37.9758
69.6599	398.364	-17.1449
69.6599	409.131	-15.613
69.6599	419.897	-23.5138
69.6599	430.664	-34.3064
69.6599	441.431	-35.4934
69.6599	452.197	-34.2546
69.6599	462.964	-18.5178
69.6599	473.73	-17.2292
69.6599	484.497	-32.471
69.6599	495.264	-36.1784
69.6599	506.03	-35.4114
69.6599	516.797	-28.5045
69.6599	527.563	-20.0904
69.6599	538.33	-18.748
69.6599	549.097	-43.8143
69.6599	559.863	-35.955
69.6599	570.63	-35.3242
69.6599	581.396	-27.2561
69.6599	592.163	-19.4524
69.6599	602.93	-21.9332
69.6599	613.696	-34.6671
69.6599	624.463	-35.6979
69.6599	635.229	-36.2236
69.6599	645.996	-29.161
69.6599	656.763	-18.1724
69.6599	667.529	-27.3745
69.6599	678.296	-35.1042
69.6599	689.062	-35.9836
69.6599	699.829	-35.1042
69.6599	710.596	-27.3745
69.6599	721.362	-18.1724
69.6599	732.129	-29.161
69.6599	742.896	-36.2236
69.6599	753.662	-35.6979
69.6599	764.429	-34.6671
69.6599	775.195	-21.9332
69.6599	785.962	-19.4524
69.6599	796.729	-27.2561
69.6599	807.495	-35.3242
69.6599	818.262	-35.955
69.6599	829.028	-43.8143
69.6599	839.795	-18.748
69.6599	850.562	-20.0904
69.6599	861.328	-28.5045
69.6599	872.095	-35.4114
69.6599	882.861	-36.1784
69.6599	893.628	-32.471
69.6599	904.395	-17.2292
69.6599	915.161	-18.5178
69.6599	925.928	-34.2546
69.6599	936.694	-35.4934
69.6599	947.461	-34.3064
69.6599	958.228	-23.5138
69.6599	968.994	-15.613
69.6599	979.761	-17.1449
69.6599	990.527	-37.9758
69.6599	1001.29	-33.9516
69.6599	1012.06	-33.5664
69.6599	1022.83	-18.8584
69.6599	1033.59	-12.3237
69.6599	1044.36	-17.4152
69.6599	1055.13	-32.7623
69.6599	1065.89	-32.4278
69.6599	1076.66	-31.2969
69.6599	1087.43	-14.7939
69.6599	1098.19	-8.41967
69.6599	1108.96	-19.5836
69.6599	1119.73	-31.2113
69.6599	1130.49	-29.5587
69.6599	1141.26	-23.5181
69.6599	1152.03	-8.58443
69.6599	1162.79	-4.74319
69.6599	1173.56	-21.1541
69.6599	1184.33	-27.9018
69.6599	1195.09	-26.063
69.6599	1205.86	-16.0226
69.6599	1216.63	-0.607826
69.6599	1227.39	-0.641212
69.6599	1238.16	-17.4275
69.6599	1248.93	-23.8339
69.6599	1259.69	-26.1778
69.6599	1270.46	-3.62836
69.6599	1281.23	9.41725
69.6599	1291.99	6.11009
69.6599	1302.76	-13.3845
69.6599	1313.53	-22.7298
69.6599	1324.29	-20.6084
69.6599	1335.06	19.9339
69.6599	1345.83	28.8285
69.6599	1356.59	23.0204
69.6599	1367.36	-9.72495
72.5624	0	-27.192
72.5624	10.7666	-12.1422
72.5624	21.5332	23.0572
72.5624	32.2998	28.7911
72.5624	43.0664	19.9875
72.5624	53.833	-15.8356
72.5624	64.5996	-48.7802
72.5624	75.3662	-15.6294
72.5624	86.1328	6.15219
72.5624	96.8994	9.18927
72.5624	107.666	-3.29624
72.5624	118.433	-37.3473
72.5624	129.199	-32.1865
72.5624	139.966	-16.6958
72.5624	150.732	-1.2484
72.5624	161.499	-0.731007
72.5624	172.266	-18.4372
72.5624	183.032	-40.47
72.5624	193.799	-32.7733
72.5624	204.565	-17.4184
72.5624	215.332	-6.23595
72.5624	226.099	-8.21831
72.5624	236.865	-36.6219
72.5624	247.632	-37.7957
72.5624	258.398	-35.5657
72.5624	269.165	-18.1267
72.5624	279.932	-10.34
72.5624	290.698	-14.9306
72.5624	301.465	-42.5132
72.5624	312.231	-39.5309
72.5624	322.998	-41.3842
72.5624	333.765	-19.005
72.5624	344.531	-14.1857
72.5624	355.298	-21.6571
72.5624	366.064	-40.8257
72.5624	376.831	-43.4564
72.5624	387.598	-63.7772
72.5624	398.364	-20.1807
72.5624	409.131	-18.1489
72.5624	419.897	-29.0403
72.5624	430.664	-44.5492
72.5624	441.431	-49.8166
72.5624	452.197	-42.0831
72.5624	462.964	-21.7832
72.5624	473.73	-22.5551
72.5624	484.497	-37.8943
72.5624	495.264	-51.2326
72.5624	506.03	-60.1002
72.5624	516.797	-37.2065
72.5624	527.563	-23.9808
72.5624	538.33	-27.7492
72.5624	549.097	-48.2341
72.5624	559.863	-60.7202
72.5624	570.63	-72.4358
72.5624	581.396	-35.4375
72.5624	592.163	-26.9559
72.5624	602.93	-33.6053
72.5624	613.696	-51.9121
72.5624	624.463	-67.3549
72.5624	635.229	-64.5231
72.5624	645.996	-35.5348
72.5624	656.763	-30.2249
72.5624	667.529	-36.4603
72.5624	678.296	-55.1175
72.5624	689.062	-71.0257
72.5624	699.829	-55.1175
72.5624	710.596	-36.4603
72.5624	721.362	-30.2249
72.5624	732.129	-35.5348
72.5624	742.896	-64.5231
72.5624	753.662	-67.3549
72.5624	764.429	-51.9121
72.5624	775.195	-33.6053
72.5624	785.962	-26.9559
72.5624	796.729	-35.4375
72.5624	807.495	-72.4358
72.5624	818.262	-60.7202
72.5624	829.028	-48.2341
72.5624	839.795	-27.7492
72.5624	850.562	-23.9808
72.5624	861.328	-37.2065
72.5624	872.095	-60.1002
72.5624	882.861	-51.2326
72.5624	893.628	-37.8943
72.5624	904.395	-22.5551
72.5624	915.161	-21.7832
72.5624	925.928	-42.0831
72.5624	936.694	-49.8166
72.5624	947.461	-44.5492
72.5624	958.228	-29.0403
72.5624	968.994	-18.1489
72.5624	979.761	-20.1807
72.5624	990.527	-63.7772
72.5624	1001.29	-43.4564
72.5624	1012.06	-40.8257
72.5624	1022.83	-21.6571
72.5624	1033.59	-14.1857
72.5624	1044.36	-19.005
72.5624	1055.13	-41.3842
72.5624	1065.89	-39.5309
72.5624	1076.66	-42.5132
72.5624	1087.43	-14.9306
72.5624	1098.19	-10.34
72.5624	1108.96	-18.1267
72.5624	1119.73	-35.5657
72.5624	1130.49	-37.7957
72.5624	1141.26	-36.6219
72.5624	1152.03	-8.21831
72.5624	1162.79	-6.23595
72.5624	1173.56	-17.4184
72.5624	1184.33	-32.7733
72.5624	1195.09	-40.47
72.5624	1205.86	-18.4372
72.5624	1216.63	-0.731007
72.5624	1227.39	-1.2484
72.5624	1238.16	-16.6958
72.5624	1248.93	-32.1865
72.5624	1259.69	-37.3473
72.5624	1270.46	-3.29624
72.5624	1281.23	9.18927
72.5624	1291.99	6.15219
72.5624	1302.76	-15.6294
72.5624	1313.53	-48.7802
72.5624	1324.29	-15.8356
72.5624	1335.06	19.9875
72.5624	1345.83	28.7911
72.5624	1356.59	23.0572
72.5624	1367.36	-12.1422
75.4649	0	-46.6956
75.4649	10.7666	-9.82682
75.4649	21.5332	23.0127
75.4649	32.2998	28.817
75.4649	43.0664	19.9266
75.4649	53.833	-20.3208
75.4649	64.5996	-23.0354
75.4649	75.3662	-13.4312
75.4649	86.1328	6.01065
75.4649	96.8994	9.328
75.4649	107.666	-3.7623
75.4649	118.433	-26.6818
75.4649	129.199	-23.9154
75.4649	139.966	-17.276
75.4649	150.732	-0.947632
75.4649	161.499	-0.830962
75.4649	172.266	-16.6435
75.4649	183.032	-26.2334
75.4649	193.799	-27.7093
75.4649	204.565	-21.3719
75.4649	215.332	-5.25669
75.4649	226.099	-9.17179
75.4649	236.865	-24.0155
75.4649	247.632	-29.4246
75.4649	258.398	-30.993
75.4649	269.165	-20.8969
75.4649	279.932	-9.16198
75.4649	290.698	-16.3001
75.4649	301.465	-30.9434
75.4649	312.231	-32.185
75.4649	322.998	-32.5198
75.4649	333.765	-18.8077
75.4649	344.531	-13.6229
75.4649	355.298	-20.9141
75.4649	366.064	-33.3211
75.4649	376.831	-33.7027
75.4649	387.598	-37.0079
75.4649	398.364	-18.587
75.4649	409.131	-18.311
75.4649	419.897	-25.4247
75.4649	430.664	-34.1026
75.4649	441.431	-35.2413
75.4649	452.197	-36.4657
75.4649	462.964	-20.5034
75.4649	473.73	-21.0863
75.4649	484.497	-33.6054
75.4649	495.264	-35.7888
75.4649	506.03	-35.5895
75.4649	516.797	-30.3542
75.4649	527.563	-24.2145
75.4649	538.33	-22.7974
75.4649	549.097	-39.58
75.4649	559.863	-36.0171
75.4649	570.63	-35.6392
75.4649	581.396	-29.0445
75.4649	592.163	-25.4166
75.4649	602.93	-26.7436
75.4649	613.696	-35.0523
75.4649	624.463	-35.9635
75.4649	635.229	-36.3735
75.4649	645.996	-32.7973
75.4649	656.763	-23.5052
75.4649	667.529	-36.6452
75.4649	678.296	-35.5369
75.4649	689.062	-36.21
75.4649	699.829	-35.5369
75.4649	710.596	-36.6452
75.4649	721.362	-23.5052
75.4649	732.129	-32.7973
75.4649	742.896	-36.3735
75.4649	753.662	-35.9635
75.4649	764.429	-35.0523
75.4649	775.195	-26.7436
75.4649	785.962	-25.4166
75.4649	796.729	-29.0445
75.4649	807.495	-35.6392
75.4649	818.262	-36.0171
75.4649	829.028	-39.58
75.4649	839.795	-22.7974
75.4649	850.562	-24.2145
75.4649	861.328	-30.3542
75.4649	872.095	-35.5895
75.4649	882.861	-35.7888
75.4649	893.628	-33.6054
75.4649	904.395	-21.0863
75.4649	915.161	-20.5034
75.4649	925.928	-36.4657
75.4649	936.694	-35.2413
75.4649	947.461	-34.1026
75.4649	958.228	-25.4247
75.4649	968.994	-18.311
75.4649	979.761	-18.587
75.4649	990.527	-37.0079
75.4649	1001.29	-33.7027
75.4649	1012.06	-33.3211
75.4649	1022.83	-20.9141
75.4649	1033.59	-13.6229
75.4649	1044.36	-18.8077
75.4649	1055.13	-32.5198
75.4649	1065.89	-32.185
75.4649	1076.66	-30.9434
75.4649	1087.43	-16.3001
75.4649	1098.19	-9.16198
75.4649	1108.96	-20.8969
75.4649	1119.73	-30.993
75.4649	1130.49	-29.4246
75.4649	1141.26	-24.0155
75.4649	1152.03	-9.17179
75.4649	1162.79	-5.25669
75.4649	1173.56	-21.3719
75.4649	1184.33	-27.7093
75.4649	1195.09	-26.2334
75.4649	1205.86	-16.6435
75.4649	1216.63	-0.830962
75.4649	1227.39	-0.947632
75.4649	1238.16	-17.276
75.4649	1248.93	-23.9154
75.4649	1259.69	-26.6818
75.4649	1270.46	-3.7623
75.4649	1281.23	9.328
75.4649	1291.99	6.01065
75.4649	1302.76	-13.4312
75.4649	1313.53	-23.0354
75.4649	1324.29	-20.3208
75.4649	1335.06	19.9266
75.4649	1345.83	28.817
75.4649	1356.59	23.0127
75.4649	1367.36	-9.82682
78.3673	0	-40.0311
78.3673	10.7666	-8.48557
78.3673	21.5332	22.994
78.3673	32.2998	28.8502
78.3673	43.0664	19.8981
78.3673	53.833	-27.2505
78.3673	64.5996	-20.728
78.3673	75.3662	-17.819
78.3673	86.1328	6.60102
78.3673	96.8994	9.18457
78.3673	107.666	-2.46539
78.3673	118.433	-22.5399
78.3673	129.199	-25.2004
78.3673	139.966	-18.1207
78.3673	150.732	-0.46087
78.3673	161.499	-0.529824
78.3673	172.266	-15.6954
78.3673	183.032	-28.3344
78.3673	193.799	-29.3423
78.3673	204.565	-16.0644
78.3673	215.332	-5.43818
78.3673	226.099	-7.05542
78.3673	236.865	-30.9356
78.3673	247.632	-30.9759
78.3673	258.398	-30.335
78.3673	269.165	-19.7569
78.3673	279.932	-7.8586
78.3673	290.698	-14.7259
78.3673	301.465	-28.6146
78.3673	312.231	-32.5823
78.3673	322.998	-33.1623
78.3673	333.765	-16.6127
78.3673	344.531	-11.8249
78.3673	355.298	-17.9159
78.3673	366.064	-35.6994
78.3673	376.831	-33.0463
78.3673	387.598	-33.4674
78.3673	398.364	-17.526
78.3673	409.131	-13.8711
78.3673	419.897	-24.2495
78.3673	430.664	-33.5527
78.3673	441.431	-35.7905
78.3673	452.197	-29.0197
78.3673	462.964	-18.3161
78.3673	473.73	-15.7854
78.3673	484.497	-30.6931
78.3673	495.264	-35.4887
78.3673	506.03	-34.4206
78.3673	516.797	-38.3197
78.3673	527.563	-16.64
78.3673	538.33	-20.0539
78.3673	549.097	-29.1152
78.3673	559.863	-36.1133
78.3673	570.63	-36.0879
78.3673	581.396	-25.3663
78.3673	592.163	-18.7121
78.3673	602.93	-19.7047
78.3673	613.696	-45.2936
78.3673	624.463	-35.0517
78.3673	635.229	-36.3899
78.3673	645.996	-25.8739
78.3673	656.763	-17.3878
78.3673	667.529	-23.834
78.3673	678.296	-33.6107
78.3673	689.062	-37.4652
78.3673	699.829	-33.6107
78.3673	710.596	-23.834
78.3673	721.362	-17.3878
78.3673	732.129	-25.8739
78.3673	742.896	-36.3899
78.3673	753.662	-35.0517
78.3673	764.429	-45.2936
78.3673	775.195	-19.7047
78.3673	785.962	-18.7121
78.3673	796.729	-25.3663
78.3673	807.495	-36.0879
78.3673	818.262	-36.1133
78.3673	829.028	-29.1152
78.3673	839.795	-20.0539
78.3673	850.562	-16.64
78.3673	861.328	-38.3197
78.3673	872.095	-34.4206
78.3673	882.861	-35.4887
78.3673	893.628	-30.6931
78.3673	904.395	-15.7854
78.3673	915.161	-18.3161
78.3673	925.928	-29.0197
78.3673	936.694	-35.7905
78.3673	947.461	-33.5527
78.3673	958.228	-24.2495
78.3673	968.994	-13.8711
78.3673	979.761	-17.526
78.3673	990.527	-33.4674
78.3673	1001.29	-33.0463
78.3673	1012.06	-35.6994
78.3673	1022.83	-17.9159
78.3673	1033.59	-11.8249
78.3673	1044.36	-16.6127
78.3673	1055.13	-33.1623
78.3673	1065.89	-32.5823
78.3673	1076.66	-28.6146
78.3673	1087.43	-14.7259
78.3673	1098.19	-7.8586
78.3673	1108.96	-19.7569
78.3673	1119.73	-30.335
78.3673	1130.49	-30.9759
78.3673	1141.26	-30.9356
78.3673	1152.03	-7.05542
78.3673	1162.79	-5.43818
78.3673	1173.56	-16.0644
78.3673	1184.33	-29.3423
78.3673	1195.09	-28.3344
78.3673	1205.86	-15.6954
78.3673	1216.63	-0.529824
78.3673	1227.39	-0.46087
78.3673	1238.16	-18.1207
78.3673	1248.93	-25.2004
78.3673	1259.69	-22.5399
78.3673	1270.46	-2.46539
78.3673	1281.23	9.18457
78.3673	1291.99	6.60102
78.3673	1302.76	-17.819
78.3673	1313.53	-20.728
78.3673	1324.29	-27.2505
78.3673	1335.06	19.8981
78.3673	1345.83	28.8502
78.3673	1356.59	22.994
78.3673	1367.36	-8.48557
81.2698	0	-40.636
81.2698	10.7666	-8.5189
81.2698	21.5332	22.9752
81.2698	32.2998	28.8382
81.2698	43.0664	19.8755
81.2698	53.833	-27.7953
81.2698	64.5996	-20.6078
81.2698	75.3662	-20.471
81.2698	86.1328	6.54754
81.2698	96.8994	9.00498
81.2698	107.666	-2.50143
81.2698	118.433	-21.9533
81.2698	129.199	-25.6121
81.2698	139.966	-17.0822
81.2698	150.732	-1.02813
81.2698	161.499	-0.691803
81.2698	172.266	-17.6835
81.2698	183.032	-29.2755
81.2698	193.799	-28.7031
81.2698	204.565	-17.9609
81.2698	215.332	-5.76542
81.2698	226.099	-8.24423
81.2698	236.865	-27.5115
81.2698	247.632	-30.5026
81.2698	258.398	-31.1033
81.2698	269.165	-20.3116
81.2698	279.932	-9.12697
81.2698	290.698	-15.8549
81.2698	301.465	-31.2688
81.2698	312.231	-32.4408
81.2698	322.998	-33.5714
81.2698	333.765	-17.7799
81.2698	344.531	-13.9191
81.2698	355.298	-19.9303
81.2698	366.064	-33.3683
81.2698	376.831	-33.8122
81.2698	387.598	-31.596
81.2698	398.364	-21.7647
81.2698	409.131	-15.539
81.2698	419.897	-34.7955
81.2698	430.664	-34.9366
81.2698	441.431	-34.6179
81.2698	452.197	-38.2571
81.2698	462.964	-19.3112
81.2698	473.73	-21.7588
81.2698	484.497	-29.5157
81.2698	495.264	-34.9943
81.2698	506.03	-35.3514
81.2698	516.797	-30.8809
81.2698	527.563	-22.7588
81.2698	538.33	-22.1723
81.2698	549.097	-40.3689
81.2698	559.863	-35.8898
81.2698	570.63	-35.8655
81.2698	581.396	-31.5573
81.2698	592.163	-22.0517
81.2698	602.93	-28.6197
81.2698	613.696	-34.3241
81.2698	624.463	-35.9829
81.2698	635.229	-35.7821
81.2698	645.996	-31.0808
81.2698	656.763	-23.5904
81.2698	667.529	-27.4452
81.2698	678.296	-37.0415
81.2698	689.062	-36.1463
81.2698	699.829	-37.0415
81.2698	710.596	-27.4452
81.2698	721.362	-23.5904
81.2698	732.129	-31.0808
81.2698	742.896	-35.7821
81.2698	753.662	-35.9829
81.2698	764.429	-34.3241
81.2698	775.195	-28.6197
81.2698	785.962	-22.0517
81.2698	796.729	-31.5573
81.2698	807.495	-35.8655
81.2698	818.262	-35.8898
81.2698	829.028	-40.3689
81.2698	839.795	-22.1723
81.2698	850.562	-22.7588
81.2698	861.328	-30.8809
81.2698	872.095	-35.3514
81.2698	882.861	-34.9943
81.2698	893.628	-29.5157
81.2698	904.395	-21.7588
81.2698	915.161	-19.3112
81.2698	925.928	-38.2571
81.2698	936.694	-34.6179
81.2698	947.461	-34.9366
81.2698	958.228	-34.7955
81.2698	968.994	-15.539
81.2698	979.761	-21.7647
81.2698	990.527	-31.596
81.2698	1001.29	-33.8122
81.2698	1012.06	-33.3683
81.2698	1022.83	-19.9303
81.2698	1033.59	-13.9191
81.2698	1044.36	-17.7799
81.2698	1055.13	-33.5714
81.2698	1065.89	-32.4408
81.2698	1076.66	-31.2688
81.2698	1087.43	-15.8549
81.2698	1098.19	-9.12697
81.2698	1108.96	-20.3116
81.2698	1119.73	-31.1033
81.2698	1130.49	-30.5026
81.2698	1141.26	-27.5115
81.2698	1152.03	-8.24423
81.2698	1162.79	-5.76542
81.2698	1173.56	-17.9609
81.2698	1184.33	-28.7031
81.2698	1195.09	-29.2755
81.2698	1205.86	-17.6835
81.2698	1216.63	-0.691803
81.2698	1227.39	-1.02813
81.2698	1238.16	-17.0822
81.2698	1248.93	-25.6121
81.2698	1259.69	-21.9533
81.2698	1270.46	-2.50143
81.2698	1281.23	9.00498
81.2698	1291.99	6.54754
81.2698	1302.76	-20.471
81.2698	1313.53	-20.6078
81.2698	1324.29	-27.7953
81.2698	1335.06	19.8755
81.2698	1345.83	28.8382
81.2698	1356.59	22.9752
81.2698	1367.36	-8.5189
84.1723	0	-39.673
84.1723	10.7666	-9.48598
84.1723	21.5332	23.001
84.1723	32.2998	28.8186
84.1723	43.0664	19.9117
84.1723	53.833	-21.477
84.1723	64.5996	-22.074
84.1723	75.3662	-13.6227
84.1723	86.1328	6.02695
84.1723	96.8994	9.27937
84.1723	107.666	-3.69601
84.1723	118.433	-25.1217
84.1723	129.199	-23.9299
84.1723	139.966	-19.1442
84.1723	150.732	-0.799766
84.1723	161.499	-1.12123
84.1723	172.266	-15.8087
84.1723	183.032	-26.0513
84.1723	193.799	-28.4578
84.1723	204.565	-22.2501
84.1723	215.332	-5.36273
84.1723	226.099	-9.44758
84.1723	236.865	-24.2687
84.1723	247.632	-30.1272
84.1723	258.398	-31.3515
84.1723	269.165	-19.0286
84.1723	279.932	-9.98537
84.1723	290.698	-15.5619
84.1723	301.465	-32.2503
84.1723	312.231	-32.8161
84.1723	322.998	-33.8064
84.1723	333.765	-18.204
84.1723	344.531	-14.8381
84.1723	355.298	-20.6209
84.1723	366.064	-33.4714
84.1723	376.831	-34.3062
84.1723	387.598	-34.7626
84.1723	398.364	-20.2229
84.1723	409.131	-18.2691
84.1723	419.897	-28.204
84.1723	430.664	-35.0438
84.1723	441.431	-34.9936
84.1723	452.197	-31.1633
84.1723	462.964	-24.2875
84.1723	473.73	-20.9859
84.1723	484.497	-39.1989
84.1723	495.264	-35.6942
84.1723	506.03	-35.1654
84.1723	516.797	-31.1526
84.1723	527.563	-25.9515
84.1723	538.33	-25.88
84.1723	549.097	-36.5776
84.1723	559.863	-35.6573
84.1723	570.63	-35.6648
84.1723	581.396	-37.7951
84.1723	592.163	-26.0286
84.1723	602.93	-33.8103
84.1723	613.696	-36.9464
84.1723	624.463	-35.8659
84.1723	635.229	-35.63
84.1723	645.996	-43.3762
84.1723	656.763	-28.5891
84.1723	667.529	-35.7417
84.1723	678.296	-36.2426
84.1723	689.062	-35.8459
84.1723	699.829	-36.2426
84.1723	710.596	-35.7417
84.1723	721.362	-28.5891
84.1723	732.129	-43.3762
84.1723	742.896	-35.63
84.1723	753.662	-35.8659
84.1723	764.429	-36.9464
84.1723	775.195	-33.8103
84.1723	785.962	-26.0286
84.1723	796.729	-37.7951
84.1723	807.495	-35.6648
84.1723	818.262	-35.6573
84.1723	829.028	-36.5776
84.1723	839.795	-25.88
84.1723	850.562	-25.9515
84.1723	861.328	-31.1526
84.1723	872.095	-35.1654
84.1723	882.861	-35.6942
84.1723	893.628	-39.1989
84.1723	904.395	-20.9859
84.1723	915.161	-24.2875
84.1723	925.928	-31.1633
84.1723	936.694	-34.9936
84.1723	947.461	-35.0438
84.1723	958.228	-28.204
84.1723	968.994	-18.2691
84.1723	979.761	-20.2229
84.1723	990.527	-34.7626
84.1723	1001.29	-34.3062
84.1723	1012.06	-33.4714
84.1723	1022.83	-20.6209
84.1723	1033.59	-14.8381
84.1723	1044.36	-18.204
84.1723	1055.13	-33.8064
84.1723	1065.89	-32.8161
84.1723	1076.66	-32.2503
84.1723	1087.43	-15.5619
84.1723	1098.19	-9.98537
84.1723	1108.96	-19.0286
84.1723	1119.73	-31.3515
84.1723	1130.49	-30.1272
84.1723	1141.26	-24.2687
84.1723	1152.03	-9.44758
84.1723	1162.79	-5.36273
84.1723	1173.56	-22.2501
84.1723	1184.33	-28.4578
84.1723	1195.09	-26.0513
84.1723	1205.86	-15.8087
84.1723	1216.63	-1.12123
84.1723	1227.39	-0.799766
84.1723	1238.16	-19.1442
84.1723	1248.93	-23.9299
84.1723	1259.69	-25.1217
84.1723	1270.46	-3.69601
84.1723	1281.23	9.27937
84.1723	1291.99	6.02695
84.1723	1302.76	-13.6227
84.1723	1313.53	-22.074
84.1723	1324.29	-21.477
84.1723	1335.06	19.9117
84.1723	1345.83	28.8186
84.1723	1356.59	23.001
84.1723	1367.36	-9.48598
87.0748	0	-27.431
87.0748	10.7666	-12.0509
87.0748	21.5332	23.0658
87.0748	32.2998	28.8018
87.0748	43.0664	19.9962
87.0748	53.833	-15.9152
87.0748	64.5996	-39.4537
87.0748	75.3662	-15.4163
87.0748	86.1328	6.23003
87.0748	96.8994	9.28982
87.0748	107.666	-3.22051
87.0748	118.433	-38.0376
87.0748	129.199	-31.1649
87.0748	139.966	-16.3523
87.0748	150.732	-1.02047
87.0748	161.499	-0.433112
87.0748	172.266	-18.239
87.0748	183.032	-38.1346
87.0748	193.799	-31.5841
87.0748	204.565	-16.8599
87.0748	215.332	-5.75461
87.0748	226.099	-7.57299
87.0748	236.865	-36.3122
87.0748	247.632	-35.8668
87.0748	258.398	-33.7777
87.0748	269.165	-17.242
87.0748	279.932	-9.46012
87.0748	290.698	-13.7016
87.0748	301.465	-39.9622
87.0748	312.231	-36.953
87.0748	322.998	-37.9567
87.0748	333.765	-17.6337
87.0748	344.531	-12.6883
87.0748	355.298	-19.4352
87.0748	366.064	-37.8873
87.0748	376.831	-39.4293
87.0748	387.598	-46.1218
87.0748	398.364	-18.0808
87.0748	409.131	-15.686
87.0748	419.897	-25.0589
87.0748	430.664	-39.759
87.0748	441.431	-42.7995
87.0748	452.197	-42.1809
87.0748	462.964	-18.5787
87.0748	473.73	-18.5577
87.0748	484.497	-30.6688
87.0748	495.264	-42.8089
87.0748	506.03	-46.6558
87.0748	516.797	-35.5686
87.0748	527.563	-19.0812
87.0748	538.33	-21.3198
87.0748	549.097	-36.2376
87.0748	559.863	-46.1383
87.0748	570.63	-50.3703
87.0748	581.396	-31.7149
87.0748	592.163	-19.5061
87.0748	602.93	-23.9425
87.0748	613.696	-41.7874
87.0748	624.463	-49.0739
87.0748	635.229	-51.6802
87.0748	645.996	-28.8998
87.0748	656.763	-19.7544
87.0748	667.529	-26.4251
87.0748	678.296	-47.4597
87.0748	689.062	-50.4227
87.0748	699.829	-47.4597
87.0748	710.596	-26.4251
87.0748	721.362	-19.7544
87.0748	732.129	-28.8998
87.0748	742.896	-51.6802
87.0748	753.662	-49.0739
87.0748	764.429	-41.7874
87.0748	775.195	-23.9425
87.0748	785.962	-19.5061
87.0748	796.729	-31.7149
87.0748	807.495	-50.3703
87.0748	818.262	-46.1383
87.0748	829.028	-36.2376
87.0748	839.795	-21.3198
87.0748	850.562	-19.0812
87.0748	861.328	-35.5686
87.0748	872.095	-46.6558
87.0748	882.861	-42.8089
87.0748	893.628	-30.6688
87.0748	904.395	-18.5577
87.0748	915.161	-18.5787
87.0748	925.928	-42.1809
87.0748	936.694	-42.7995
87.0748	947.461	-39.759
87.0748	958.228	-25.0589
87.0748	968.994	-15.686
87.0748	979.761	-18.0808
87.0748	990.527	-46.1218
87.0748	1001.29	-39.4293
87.0748	1012.06	-37.8873
87.0748	1022.83	-19.4352
87.0748	1033.59	-12.6883
87.0748	1044.36	-17.6337
87.0748	1055.13	-37.9567
87.0748	1065.89	-36.953
87.0748	1076.66	-39.9622
87.0748	1087.43	-13.7016
87.0748	1098.19	-9.46012
87.0748	1108.96	-17.242
87.0748	1119.73	-33.7777
87.0748	1130.49	-35.8668
87.0748	1141.26	-36.3122
87.0748	1152.03	-7.57299
87.0748	1162.79	-5.75461
87.0748	1173.56	-16.8599
87.0748	1184.33	-31.5841
87.0748	1195.09	-38.1346
87.0748	1205.86	-18.239
87.0748	1216.63	-0.433112
87.0748	1227.39	-1.02047
87.0748	1238.16	-16.3523
87.0748	1248.93	-31.1649
87.0748	1259.69	-38.0376
87.0748	1270.46	-3.22051
87.0748	1281.23	9.28982
87.0748	1291.99	6.23003
87.0748	1302.76	-15.4163
87.0748	1313.53	-39.4537
87.0748	1324.29	-15.9152
87.0748	1335.06	19.9962
87.0748	1345.83	28.8018
87.0748	1356.59	23.0658
87.0748	1367.36	-12.0509
89.9773	0	-72.6234
89.9773	10.7666	-10.0841
89.9773	21.5332	23.0273
89.9773	32.2998	28.8219
89.9773	43.0664	19.9439
89.9773	53.833	-19.5665
89.9773	64.5996	-23.9234
89.9773	75.3662	-13.4251
89.9773	86.1328	6.07091
89.9773	96.8994	9.40862
89.9773	107.666	-3.70912
89.9773	118.433	-28.2115
89.9773	129.199	-24.0951
89.9773	139.966	-16.3668
89.9773	150.732	-0.906923
89.9773	161.499	-0.458687
89.9773	172.266	-17.4669
89.9773	183.032	-26.6482
89.9773	193.799	-27.1717
89.9773	204.565	-19.6169
89.9773	215.332	-5.04365
89.9773	226.099	-8.33242
89.9773	236.865	-24.6664
89.9773	247.632	-29.0143
89.9773	258.398	-30.4186
89.9773	269.165	-20.962
89.9773	279.932	-8.31363
89.9773	290.698	-15.7219
89.9773	301.465	-29.7378
89.9773	312.231	-31.547
89.9773	322.998	-31.8858
89.9773	333.765	-19.421
89.9773	344.531	-11.6389
89.9773	355.298	-21.8198
89.9773	366.064	-32.6795
89.9773	376.831	-33.0528
89.9773	387.598	-34.5179
89.9773	398.364	-18.0193
89.9773	409.131	-15.354
89.9773	419.897	-25.336
89.9773	430.664	-33.5542
89.9773	441.431	-34.5443
89.9773	452.197	-45.35
89.9773	462.964	-17.7105
89.9773	473.73	-19.1849
89.9773	484.497	-28.1829
89.9773	495.264	-34.7829
89.9773	506.03	-36.0098
89.9773	516.797	-35.3402
89.9773	527.563	-18.4009
89.9773	538.33	-21.9986
89.9773	549.097	-31.6117
89.9773	559.863	-36.0874
89.9773	570.63	-36.5694
89.9773	581.396	-28.5691
89.9773	592.163	-19.7491
89.9773	602.93	-23.195
89.9773	613.696	-35.0531
89.9773	624.463	-36.7249
89.9773	635.229	-36.7956
89.9773	645.996	-25.4575
89.9773	656.763	-20.9891
89.9773	667.529	-23.9652
89.9773	678.296	-36.8164
89.9773	689.062	-36.8649
89.9773	699.829	-36.8164
89.9773	710.596	-23.9652
89.9773	721.362	-20.9891
89.9773	732.129	-25.4575
89.9773	742.896	-36.7956
89.9773	753.662	-36.7249
89.9773	764.429	-35.0531
89.9773	775.195	-23.195
89.9773	785.962	-19.7491
89.9773	796.729	-28.5691
89.9773	807.495	-36.5694
89.9773	818.262	-36.0874
89.9773	829.028	-31.6117
89.9773	839.795	-21.9986
89.9773	850.562	-18.4009
89.9773	861.328	-35.3402
89.9773	872.095	-36.0098
89.9773	882.861	-34.7829
89.9773	893.628	-28.1829
89.9773	904.395	-19.1849
89.9773	915.161	-17.7105
89.9773	925.928	-45.35
89.9773	936.694	-34.5443
89.9773	947.461	-33.5542
89.9773	958.228	-25.336
89.9773	968.994	-15.354
89.9773	979.761	-18.0193
89.9773	990.527	-34.5179
89.9773	1001.29	-33.0528
89.9773	1012.06	-32.6795
89.9773	1022.83	-21.8198
89.9773	1033.59	-11.6389
89.9773	1044.36	-19.421
89.9773	1055.13	-31.8858
89.9773	1065.89	-31.547
89.9773	1076.66	-29.7378
89.9773	1087.43	-15.7219
89.9773	1098.19	-8.31363
89.9773	1108.96	-20.962
89.9773	1119.73	-30.4186
89.9773	1130.49	-29.0143
89.9773	1141.26	-24.6664
89.9773	1152.03	-8.33242
89.9773	1162.79	-5.04365
89.9773	1173.56	-19.6169
89.9773	1184.33	-27.1717
89.9773	1195.09	-26.6482
89.9773	1205.86	-17.4669
89.9773	1216.63	-0.458687
89.9773	1227.39	-0.906923
89.9773	1238.16	-16.3668
89.9773	1248.93	-24.0951
89.9773	1259.69	-28.2115
89.9773	1270.46	-3.70912
89.9773	1281.23	9.40862
89.9773	1291.99	6.07091
89.9773	1302.76	-13.4251
89.9773	1313.53	-23.9234
89.9773	1324.29	-19.5665
89.9773	1335.06	19.9439
89.9773	1345.83	28.8219
89.9773	1356.59	23.0273
89.9773	1367.36	-10.0841

