0	0	32.8218
0	10.7666	25.453
0	21.5332	-15.6483
0	32.2998	-23.2331
0	43.0664	-8.52924
0	53.833	18.6735
0	64.5996	23.0146
0	75.3662	12.4662
0	86.1328	-21.3164
0	96.8994	-23.6339
0	107.666	-10.6856
0	118.433	6.49248
0	129.199	8.49595
0	139.966	-6.97823
0	150.732	-27.2122
0	161.499	-22.8327
0	172.266	-12.342
0	183.032	0.616592
0	193.799	0.0118039
0	204.565	-21.1543
0	215.332	-25.7076
0	226.099	-25.2341
0	236.865	-14.0644
0	247.632	-3.22152
0	258.398	-7.07203
0	269.165	-26.7188
0	279.932	-27.4351
0	290.698	-27.7097
0	301.465	-15.5775
0	312.231	-6.19703
0	322.998	-14.1825
0	333.765	-29.3031
0	344.531	-29.2842
0	355.298	-27.9751
0	366.064	-16.3104
0	376.831	-8.90944
0	387.598	-22.332
0	398.364	-31.0771
0	409.131	-30.1246
0	419.897	-27.3238
0	430.664	-16.123
0	441.431	-11.6988
0	452.197	-31.6333
0	462.964	-31.2786
0	473.73	-30.6313
0	484.497	-27.6482
0	495.264	-15.5556
0	506.03	-14.7535
0	516.797	-33.2277
0	527.563	-31.3712
0	538.33	-31.3762
0	549.097	-29.2052
0	559.863	-15.0722
0	570.63	-18.192
0	581.396	-31.8573
0	592.163	-31.7423
0	602.93	-31.9873
0	613.696	-29.986
0	624.463	-14.8034
0	635.229	-22.1419
0	645.996	-31.718
0	656.763	-32.0465
0	667.529	-31.9998
0	678.296	-26.6308
0	689.062	-14.7229
0	699.829	-26.6308
0	710.596	-31.9998
0	721.362	-32.0465
0	732.129	-31.718
0	742.896	-22.1419
0	753.662	-14.8034
0	764.429	-29.986
0	775.195	-31.9873
0	785.962	-31.7423
0	796.729	-31.8573
0	807.495	-18.192
0	818.262	-15.0722
0	829.028	-29.2052
0	839.795	-31.3762
0	850.562	-31.3712
0	861.328	-33.2277
0	872.095	-14.7535
0	882.861	-15.5556
0	893.628	-27.6482
0	904.395	-30.6313
0	915.161	-31.2786
0	925.928	-31.6333
0	936.694	-11.6988
0	947.461	-16.123
0	958.228	-27.3238
0	968.994	-30.1246
0	979.761	-31.0771
0	990.527	-22.332
0	1001.29	-8.90944
0	1012.06	-16.3104
0	1022.83	-27.9751
0	1033.59	-29.2842
0	1044.36	-29.3031
0	1055.13	-14.1825
0	1065.89	-6.19703
0	1076.66	-15.5775
0	1087.43	-27.7097
0	1098.19	-27.4351
0	1108.96	-26.7188
0	1119.73	-7.07203
0	1130.49	-3.22152
0	1141.26	-14.0644
0	1152.03	-25.2341
0	1162.79	-25.7076
0	1173.56	-21.1543
0	1184.33	0.0118039
0	1195.09	0.616592
0	1205.86	-12.342
0	1216.63	-22.8327
0	1227.39	-27.2122
0	1238.16	-6.97823
0	1248.93	8.49595
0	1259.69	6.49248
0	1270.46	-10.6856
0	1281.23	-23.6339
0	1291.99	-21.3164
0	1302.76	12.4662
0	1313.53	23.0146
0	1324.29	18.6735
0	1335.06	-8.52924
0	1345.83	-23.2331
0	1356.59	-15.6483
0	1367.36	25.453
2.90249	0	32.808
2.90249	10.7666	25.5205
2.90249	21.5332	-25.6937
2.90249	32.2998	-29.4664
2.90249	43.0664	-7.47783
2.90249	53.833	18.5976
2.90249	64.5996	23.0063
2.90249	75.3662	12.3517
2.90249	86.1328	-24.7465
2.90249	96.8994	-22.9007
2.90249	107.666	-14.3829
2.90249	118.433	6.75261
2.90249	129.199	8.01196
2.90249	139.966	-5.62244
2.90249	150.732	-23.5687
2.90249	161.499	-28.1947
2.90249	172.266	-15.752
2.90249	183.032	0.720616
2.90249	193.799	-0.969036
2.90249	204.565	-18.0767
2.90249	215.332	-30.9592
2.90249	226.099	-31.2462
2.90249	236.865	-13.9323
2.90249	247.632	-4.27486
2.90249	258.398	-7.62423
2.90249	269.165	-55.0718
2.90249	279.932	-33.7645
2.90249	290.698	-33.0542
2.90249	301.465	-15.9023
2.90249	312.231	-7.74024
2.90249	322.998	-15.4516
2.90249	333.765	-34.0294
2.90249	344.531	-33.9355
2.90249	355.298	-32.284
2.90249	366.064	-17.0805
2.90249	376.831	-11.4057
2.90249	387.598	-24.2376
2.90249	398.364	-35.3472
2.90249	409.131	-35.2059
2.90249	419.897	-42.6513
2.90249	430.664	-16.5834
2.90249	441.431	-17.0197
2.90249	452.197	-27.7452
2.90249	462.964	-35.6359
2.90249	473.73	-36.8291
2.90249	484.497	-32.1463
2.90249	495.264	-19.2311
2.90249	506.03	-21.408
2.90249	516.797	-35.005
2.90249	527.563	-37.3821
2.90249	538.33	-36.992
2.90249	549.097	-28.5453
2.90249	559.863	-23.6579
2.90249	570.63	-25.5197
2.90249	581.396	-37.2731
2.90249	592.163	-37.4401
2.90249	602.93	-37.1454
2.90249	613.696	-34.7974
2.90249	624.463	-25.1424
2.90249	635.229	-32.0744
2.90249	645.996	-39.4012
2.90249	656.763	-37.3029
2.90249	667.529	-37.0586
2.90249	678.296	-35.8125
2.90249	689.062	-27.2735
2.90249	699.829	-35.8125
2.90249	710.596	-37.0586
2.90249	721.362	-37.3029
2.90249	732.129	-39.4012
2.90249	742.896	-32.0744
2.90249	753.662	-25.1424
2.90249	764.429	-34.7974
2.90249	775.195	-37.1454
2.90249	785.962	-37.4401
2.90249	796.729	-37.2731
2.90249	807.495	-25.5197
2.90249	818.262	-23.6579
2.90249	829.028	-28.5453
2.90249	839.795	-36.992
2.90249	850.562	-37.3821
2.90249	861.328	-35.005
2.90249	872.095	-21.408
2.90249	882.861	-19.2311
2.90249	893.628	-32.1463
2.90249	904.395	-36.8291
2.90249	915.161	-35.6359
2.90249	925.928	-27.7452
2.90249	936.694	-17.0197
2.90249	947.461	-16.5834
2.90249	958.228	-42.6513
2.90249	968.994	-35.2059
2.90249	979.761	-35.3472
2.90249	990.527	-24.2376
2.90249	1001.29	-11.4057
2.90249	1012.06	-17.0805
2.90249	1022.83	-32.284
2.90249	1033.59	-33.9355
2.90249	1044.36	-34.0294
2.90249	1055.13	-15.4516
2.90249	1065.89	-7.74024
2.90249	1076.66	-15.9023
2.90249	1087.43	-33.0542
2.90249	1098.19	-33.7645
2.90249	1108.96	-55.0718
2.90249	1119.73	-7.62423
2.90249	1130.49	-4.27486
2.90249	1141.26	-13.9323
2.90249	1152.03	-31.2462
2.90249	1162.79	-30.9592
2.90249	1173.56	-18.0767
2.90249	1184.33	-0.969036
2.90249	1195.09	0.720616
2.90249	1205.86	-15.752
2.90249	1216.63	-28.1947
2.90249	1227.39	-23.5687
2.90249	1238.16	-5.62244
2.90249	1248.93	8.01196
2.90249	1259.69	6.75261
2.90249	1270.46	-14.3829
2.90249	1281.23	-22.9007
2.90249	1291.99	-24.7465
2.90249	1302.76	12.3517
2.90249	1313.53	23.0063
2.90249	1324.29	18.5976
2.90249	1335.06	-7.47783
2.90249	1345.83	-29.4664
2.90249	1356.59	-25.6937
2.90249	1367.36	25.5205
5.80499	0	32.7961
5.80499	10.7666	25.5341
5.80499	21.5332	-34.5653
5.80499	32.2998	-46.2271
5.80499	43.0664	-8.20319
5.80499	53.833	18.6437
5.80499	64.5996	22.9992
5.80499	75.3662	12.4272
5.80499	86.1328	-21.9069
5.80499	96.8994	-30.3345
5.80499	107.666	-15.028
5.80499	118.433	6.80803
5.80499	129.199	8.08466
5.80499	139.966	-5.6798
5.80499	150.732	-28.6808
5.80499	161.499	-35.8358
5.80499	172.266	-13.9888
5.80499	183.032	0.610565
5.80499	193.799	-0.52089
5.80499	204.565	-20.0988
5.80499	215.332	-50.0674
5.80499	226.099	-45.5012
5.80499	236.865	-15.1889
5.80499	247.632	-3.5582
5.80499	258.398	-7.88684
5.80499	269.165	-31.1528
5.80499	279.932	-44.5801
5.80499	290.698	-49.3746
5.80499	301.465	-14.9708
5.80499	312.231	-7.43265
5.80499	322.998	-14.3133
5.80499	333.765	-56.0077
5.80499	344.531	-51.9259
5.80499	355.298	-40.6998
5.80499	366.064	-15.7698
5.80499	376.831	-10.8262
5.80499	387.598	-21.4991
5.80499	398.364	-59.2104
5.80499	409.131	-53.1058
5.80499	419.897	-38.471
5.80499	430.664	-16.2322
5.80499	441.431	-14.5629
5.80499	452.197	-28.0864
5.80499	462.964	-51.8812
5.80499	473.73	-55.3383
5.80499	484.497	-32.5265
5.80499	495.264	-17.3899
5.80499	506.03	-18.0628
5.80499	516.797	-36.5045
5.80499	527.563	-62.0601
5.80499	538.33	-62.9255
5.80499	549.097	-30.6263
5.80499	559.863	-18.3754
5.80499	570.63	-21.8212
5.80499	581.396	-41.9228
5.80499	592.163	-59.7523
5.80499	602.93	-59.3078
5.80499	613.696	-28.2209
5.80499	624.463	-19.5667
5.80499	635.229	-24.5798
5.80499	645.996	-49.5729
5.80499	656.763	-62.2843
5.80499	667.529	-54.0009
5.80499	678.296	-26.9184
5.80499	689.062	-19.8826
5.80499	699.829	-26.9184
5.80499	710.596	-54.0009
5.80499	721.362	-62.2843
5.80499	732.129	-49.5729
5.80499	742.896	-24.5798
5.80499	753.662	-19.5667
5.80499	764.429	-28.2209
5.80499	775.195	-59.3078
5.80499	785.962	-59.7523
5.80499	796.729	-41.9228
5.80499	807.495	-21.8212
5.80499	818.262	-18.3754
5.80499	829.028	-30.6263
5.80499	839.795	-62.9255
5.80499	850.562	-62.0601
5.80499	861.328	-36.5045
5.80499	872.095	-18.0628
5.80499	882.861	-17.3899
5.80499	893.628	-32.5265
5.80499	904.395	-55.3383
5.80499	915.161	-51.8812
5.80499	925.928	-28.0864
5.80499	936.694	-14.5629
5.80499	947.461	-16.2322
5.80499	958.228	-38.471
5.80499	968.994	-53.1058
5.80499	979.761	-59.2104
5.80499	990.527	-21.4991
5.80499	1001.29	-10.8262
5.80499	1012.06	-15.7698
5.80499	1022.83	-40.6998
5.80499	1033.59	-51.9259
5.80499	1044.36	-56.0077
5.80499	1055.13	-14.3133
5.80499	1065.89	-7.43265
5.80499	1076.66	-14.9708
5.80499	1087.43	-49.3746
5.80499	1098.19	-44.5801
5.80499	1108.96	-31.1528
5.80499	1119.73	-7.88684
5.80499	1130.49	-3.5582
5.80499	1141.26	-15.1889
5.80499	1152.03	-45.5012
5.80499	1162.79	-50.0674
5.80499	1173.56	-20.0988
5.80499	1184.33	-0.52089
5.80499	1195.09	0.610565
5.80499	1205.86	-13.9888
5.80499	1216.63	-35.8358
5.80499	1227.39	-28.6808
5.80499	1238.16	-5.6798
5.80499	1248.93	8.08466
5.80499	1259.69	6.80803
5.80499	1270.46	-15.028
5.80499	1281.23	-30.3345
5.80499	1291.99	-21.9069
5.80499	1302.76	12.4272
5.80499	1313.53	22.9992
5.80499	1324.29	18.6437
5.80499	1335.06	-8.20319
5.80499	1345.83	-46.2271
5.80499	1356.59	-34.5653
5.80499	1367.36	25.5341
8.70748	0	32.7921
8.70748	10.7666	25.4947
8.70748	21.5332	-25.5969
8.70748	32.2998	-29.7524
8.70748	43.0664	-7.20655
8.70748	53.833	18.6525
8.70748	64.5996	23.0624
8.70748	75.3662	12.4231
8.70748	86.1328	-26.3554
8.70748	96.8994	-22.4607
8.70748	107.666	-13.151
8.70748	118.433	6.98499
8.70748	129.199	8.33147
8.70748	139.966	-5.25604
8.70748	150.732	-23.7323
8.70748	161.499	-26.3236
8.70748	172.266	-15.3301
8.70748	183.032	1.41811
8.70748	193.799	-0.311589
8.70748	204.565	-16.2183
8.70748	215.332	-29.8932
8.70748	226.099	-31.2881
8.70748	236.865	-12.8327
8.70748	247.632	-3.03088
8.70748	258.398	-6.23131
8.70748	269.165	-35.3361
8.70748	279.932	-31.9786
8.70748	290.698	-34.1395
8.70748	301.465	-13.3399
8.70748	312.231	-6.0208
8.70748	322.998	-12.1702
8.70748	333.765	-32.0411
8.70748	344.531	-34.5183
8.70748	355.298	-29.0636
8.70748	366.064	-14.4749
8.70748	376.831	-8.24307
8.70748	387.598	-19.1241
8.70748	398.364	-32.4914
8.70748	409.131	-34.8743
8.70748	419.897	-30.691
8.70748	430.664	-13.3492
8.70748	441.431	-11.4023
8.70748	452.197	-21.874
8.70748	462.964	-36.8852
8.70748	473.73	-33.9708
8.70748	484.497	-31.9064
8.70748	495.264	-13.1335
8.70748	506.03	-14.1601
8.70748	516.797	-25.5166
8.70748	527.563	-36.6623
8.70748	538.33	-36.9702
8.70748	549.097	-23.539
8.70748	559.863	-14.2782
8.70748	570.63	-15.2595
8.70748	581.396	-38.9954
8.70748	592.163	-34.8284
8.70748	602.93	-38.7587
8.70748	613.696	-21.983
8.70748	624.463	-13.9861
8.70748	635.229	-17.8335
8.70748	645.996	-33.8747
8.70748	656.763	-37.5723
8.70748	667.529	-32.9158
8.70748	678.296	-21.834
8.70748	689.062	-13.2403
8.70748	699.829	-21.834
8.70748	710.596	-32.9158
8.70748	721.362	-37.5723
8.70748	732.129	-33.8747
8.70748	742.896	-17.8335
8.70748	753.662	-13.9861
8.70748	764.429	-21.983
8.70748	775.195	-38.7587
8.70748	785.962	-34.8284
8.70748	796.729	-38.9954
8.70748	807.495	-15.2595
8.70748	818.262	-14.2782
8.70748	829.028	-23.539
8.70748	839.795	-36.9702
8.70748	850.562	-36.6623
8.70748	861.328	-25.5166
8.70748	872.095	-14.1601
8.70748	882.861	-13.1335
8.70748	893.628	-31.9064
8.70748	904.395	-33.9708
8.70748	915.161	-36.8852
8.70748	925.928	-21.874
8.70748	936.694	-11.4023
8.70748	947.461	-13.3492
8.70748	958.228	-30.691
8.70748	968.994	-34.8743
8.70748	979.761	-32.4914
8.70748	990.527	-19.1241
8.70748	1001.29	-8.24307
8.70748	1012.06	-14.4749
8.70748	1022.83	-29.0636
8.70748	1033.59	-34.5183
8.70748	1044.36	-32.0411
8.70748	1055.13	-12.1702
8.70748	1065.89	-6.0208
8.70748	1076.66	-13.3399
8.70748	1087.43	-34.1395
8.70748	1098.19	-31.9786
8.70748	1108.96	-35.3361
8.70748	1119.73	-6.23131
8.70748	1130.49	-3.03088
8.70748	1141.26	-12.8327
8.70748	1152.03	-31.2881
8.70748	1162.79	-29.8932
8.70748	1173.56	-16.2183
8.70748	1184.33	-0.311589
8.70748	1195.09	1.41811
8.70748	1205.86	-15.3301
8.70748	1216.63	-26.3236
8.70748	1227.39	-23.7323
8.70748	1238.16	-5.25604
8.70748	1248.93	8.33147
8.70748	1259.69	6.98499
8.70748	1270.46	-13.151
8.70748	1281.23	-22.4607
8.70748	1291.99	-26.3554
8.70748	1302.76	12.4231
8.70748	1313.53	23.0624
8.70748	1324.29	18.6525
8.70748	1335.06	-7.20655
8.70748	1345.83	-29.7524
8.70748	1356.59	-25.5969
8.70748	1367.36	25.4947
11.61	0	32.8335
11.61	10.7666	25.452
11.61	21.5332	-14.7211
11.61	32.2998	-21.6361
11.61	43.0664	-9.00291
11.61	53.833	18.6686
11.61	64.5996	22.9804
11.61	75.3662	12.4739
11.61	86.1328	-19.872
11.61	96.8994	-25.2099
11.61	107.666	-10.957
11.61	118.433	6.39513
11.61	129.199	8.35508
11.61	139.966	-7.0342
11.61	150.732	-29.7745
11.61	161.499	-23.5805
11.61	172.266	-12.2176
11.61	183.032	0.240657
11.61	193.799	-0.224942
11.61	204.565	-22.784
11.61	215.332	-26.7557
11.61	226.099	-25.5366
11.61	236.865	-13.5518
11.61	247.632	-4.02305
11.61	258.398	-7.37041
11.61	269.165	-28.0808
11.61	279.932	-27.9948
11.61	290.698	-28.3348
11.61	301.465	-15.0812
11.61	312.231	-7.44135
11.61	322.998	-14.6273
11.61	333.765	-29.393
11.61	344.531	-29.9797
11.61	355.298	-29.3216
11.61	366.064	-16.7756
11.61	376.831	-10.534
11.61	387.598	-23.6901
11.61	398.364	-31.6982
11.61	409.131	-31.0599
11.61	419.897	-27.72
11.61	430.664	-18.3593
11.61	441.431	-13.7026
11.61	452.197	-39.2718
11.61	462.964	-32.2916
11.61	473.73	-31.2459
11.61	484.497	-26.3893
11.61	495.264	-19.3505
11.61	506.03	-17.3707
11.61	516.797	-32.5847
11.61	527.563	-31.9972
11.61	538.33	-31.7189
11.61	549.097	-26.4585
11.61	559.863	-19.5491
11.61	570.63	-22.1544
11.61	581.396	-30.6486
11.61	592.163	-32.2578
11.61	602.93	-32.7143
11.61	613.696	-28.5043
11.61	624.463	-19.3502
11.61	635.229	-29.1314
11.61	645.996	-31.5889
11.61	656.763	-32.8403
11.61	667.529	-32.9367
11.61	678.296	-33.0578
11.61	689.062	-19.2273
11.61	699.829	-33.0578
11.61	710.596	-32.9367
11.61	721.362	-32.8403
11.61	732.129	-31.5889
11.61	742.896	-29.1314
11.61	753.662	-19.3502
11.61	764.429	-28.5043
11.61	775.195	-32.7143
11.61	785.962	-32.2578
11.61	796.729	-30.6486
11.61	807.495	-22.1544
11.61	818.262	-19.5491
11.61	829.028	-26.4585
11.61	839.795	-31.7189
11.61	850.562	-31.9972
11.61	861.328	-32.5847
11.61	872.095	-17.3707
11.61	882.861	-19.3505
11.61	893.628	-26.3893
11.61	904.395	-31.2459
11.61	915.161	-32.2916
11.61	925.928	-39.2718
11.61	936.694	-13.7026
11.61	947.461	-18.3593
11.61	958.228	-27.72
11.61	968.994	-31.0599
11.61	979.761	-31.6982
11.61	990.527	-23.6901
11.61	1001.29	-10.534
11.61	1012.06	-16.7756
11.61	1022.83	-29.3216
11.61	1033.59	-29.9797
11.61	1044.36	-29.393
11.61	1055.13	-14.6273
11.61	1065.89	-7.44135
11.61	1076.66	-15.0812
11.61	1087.43	-28.3348
11.61	1098.19	-27.9948
11.61	1108.96	-28.0808
11.61	1119.73	-7.37041
11.61	1130.49	-4.02305
11.61	1141.26	-13.5518
11.61	1152.03	-25.5366
11.61	1162.79	-26.7557
11.61	1173.56	-22.784
11.61	1184.33	-0.224942
11.61	1195.09	0.240657
11.61	1205.86	-12.2176
11.61	1216.63	-23.5805
11.61	1227.39	-29.7745
11.61	1238.16	-7.0342
11.61	1248.93	8.35508
11.61	1259.69	6.39513
11.61	1270.46	-10.957
11.61	1281.23	-25.2099
11.61	1291.99	-19.872
11.61	1302.76	12.4739
11.61	1313.53	22.9804
11.61	1324.29	18.6686
11.61	1335.06	-9.00291
11.61	1345.83	-21.6361
11.61	1356.59	-14.7211
11.61	1367.36	25.452
14.5125	0	32.8368
14.5125	10.7666	25.4528
14.5125	21.5332	-14.5432
14.5125	32.2998	-21.3272
14.5125	43.0664	-9.1062
14.5125	53.833	18.6649
14.5125	64.5996	22.9704
14.5125	75.3662	12.4728
14.5125	86.1328	-19.5956
14.5125	96.8994	-25.5987
14.5125	107.666	-11.0458
14.5125	118.433	6.36321
14.5125	129.199	8.3085
14.5125	139.966	-7.05595
14.5125	150.732	-30.4646
14.5125	161.499	-23.81
14.5125	172.266	-12.2693
14.5125	183.032	0.131772
14.5125	193.799	-0.31868
14.5125	204.565	-23.3997
14.5125	215.332	-27.0831
14.5125	226.099	-25.6627
14.5125	236.865	-13.5673
14.5125	247.632	-4.27241
14.5125	258.398	-7.50738
14.5125	269.165	-29.0421
14.5125	279.932	-28.1836
14.5125	290.698	-28.3926
14.5125	301.465	-15.1029
14.5125	312.231	-7.89427
14.5125	322.998	-14.7892
14.5125	333.765	-29.6788
14.5125	344.531	-30.0989
14.5125	355.298	-29.5551
14.5125	366.064	-16.9573
14.5125	376.831	-11.2451
14.5125	387.598	-23.8701
14.5125	398.364	-31.7448
14.5125	409.131	-31.2472
14.5125	419.897	-28.0933
14.5125	430.664	-19.0889
14.5125	441.431	-14.7355
14.5125	452.197	-44.8366
14.5125	462.964	-32.4613
14.5125	473.73	-31.5073
14.5125	484.497	-26.709
14.5125	495.264	-21.2348
14.5125	506.03	-18.8665
14.5125	516.797	-33.9311
14.5125	527.563	-32.2779
14.5125	538.33	-31.9313
14.5125	549.097	-26.6523
14.5125	559.863	-22.865
14.5125	570.63	-24.6111
14.5125	581.396	-31.3752
14.5125	592.163	-32.4962
14.5125	602.93	-32.7935
14.5125	613.696	-28.6257
14.5125	624.463	-23.6319
14.5125	635.229	-36.1885
14.5125	645.996	-32.0124
14.5125	656.763	-32.9783
14.5125	667.529	-33.0528
14.5125	678.296	-35.6461
14.5125	689.062	-23.8017
14.5125	699.829	-35.6461
14.5125	710.596	-33.0528
14.5125	721.362	-32.9783
14.5125	732.129	-32.0124
14.5125	742.896	-36.1885
14.5125	753.662	-23.6319
14.5125	764.429	-28.6257
14.5125	775.195	-32.7935
14.5125	785.962	-32.4962
14.5125	796.729	-31.3752
14.5125	807.495	-24.6111
14.5125	818.262	-22.865
14.5125	829.028	-26.6523
14.5125	839.795	-31.9313
14.5125	850.562	-32.2779
14.5125	861.328	-33.9311
14.5125	872.095	-18.8665
14.5125	882.861	-21.2348
14.5125	893.628	-26.709
14.5125	904.395	-31.5073
14.5125	915.161	-32.4613
14.5125	925.928	-44.8366
14.5125	936.694	-14.7355
14.5125	947.461	-19.0889
14.5125	958.228	-28.0933
14.5125	968.994	-31.2472
14.5125	979.761	-31.7448
14.5125	990.527	-23.8701
14.5125	1001.29	-11.2451
14.5125	1012.06	-16.9573
14.5125	1022.83	-29.5551
14.5125	1033.59	-30.0989
14.5125	1044.36	-29.6788
14.5125	1055.13	-14.7892
14.5125	1065.89	-7.89427
14.5125	1076.66	-15.1029
14.5125	1087.43	-28.3926
14.5125	1098.19	-28.1836
14.5125	1108.96	-29.0421
14.5125	1119.73	-7.50738
14.5125	1130.49	-4.27241
14.5125	1141.26	-13.5673
14.5125	1152.03	-25.6627
14.5125	1162.79	-27.0831
14.5125	1173.56	-23.3997
14.5125	1184.33	-0.31868
14.5125	1195.09	0.131772
14.5125	1205.86	-12.2693
14.5125	1216.63	-23.81
14.5125	1227.39	-30.4646
14.5125	1238.16	-7.05595
14.5125	1248.93	8.3085
14.5125	1259.69	6.36321
14.5125	1270.46	-11.0458
14.5125	1281.23	-25.5987
14.5125	1291.99	-19.5956
14.5125	1302.76	12.4728
14.5125	1313.53	22.9704
14.5125	1324.29	18.6649
14.5125	1335.06	-9.1062
14.5125	1345.83	-21.3272
14.5125	1356.59	-14.5432
14.5125	1367.36	25.4528
17.415	0	32.7975
17.415	10.7666	25.5025
17.415	21.5332	-24.195
17.415	32.2998	-29.1282
17.415	43.0664	-7.38066
17.415	53.833	18.6311
17.415	64.5996	23.0474
17.415	75.3662	12.386
17.415	86.1328	-25.4413
17.415	96.8994	-22.1479
17.415	107.666	-13.4081
17.415	118.433	6.88941
17.415	129.199	8.25423
17.415	139.966	-5.51906
17.415	150.732	-23.0454
17.415	161.499	-26.9462
17.415	172.266	-16.1497
17.415	183.032	1.26005
17.415	193.799	-0.556279
17.415	204.565	-16.881
17.415	215.332	-29.2071
17.415	226.099	-30.6271
17.415	236.865	-13.4787
17.415	247.632	-3.32753
17.415	258.398	-6.68435
17.415	269.165	-39.0724
17.415	279.932	-33.2234
17.415	290.698	-32.7712
17.415	301.465	-13.887
17.415	312.231	-6.54662
17.415	322.998	-12.9439
17.415	333.765	-32.8505
17.415	344.531	-33.433
17.415	355.298	-31.3104
17.415	366.064	-15.3982
17.415	376.831	-8.89703
17.415	387.598	-20.8827
17.415	398.364	-35.0589
17.415	409.131	-33.9303
17.415	419.897	-31.6099
17.415	430.664	-14.3927
17.415	441.431	-12.3472
17.415	452.197	-23.7257
17.415	462.964	-34.4656
17.415	473.73	-35.823
17.415	484.497	-38.629
17.415	495.264	-14.1035
17.415	506.03	-15.563
17.415	516.797	-28.2104
17.415	527.563	-36.1119
17.415	538.33	-36.2086
17.415	549.097	-25.8063
17.415	559.863	-15.5775
17.415	570.63	-16.6869
17.415	581.396	-51.6871
17.415	592.163	-36.7884
17.415	602.93	-36.2111
17.415	613.696	-23.5484
17.415	624.463	-15.4533
17.415	635.229	-19.6699
17.415	645.996	-34.8257
17.415	656.763	-36.3029
17.415	667.529	-36.2583
17.415	678.296	-24.2356
17.415	689.062	-14.563
17.415	699.829	-24.2356
17.415	710.596	-36.2583
17.415	721.362	-36.3029
17.415	732.129	-34.8257
17.415	742.896	-19.6699
17.415	753.662	-15.4533
17.415	764.429	-23.5484
17.415	775.195	-36.2111
17.415	785.962	-36.7884
17.415	796.729	-51.6871
17.415	807.495	-16.6869
17.415	818.262	-15.5775
17.415	829.028	-25.8063
17.415	839.795	-36.2086
17.415	850.562	-36.1119
17.415	861.328	-28.2104
17.415	872.095	-15.563
17.415	882.861	-14.1035
17.415	893.628	-38.629
17.415	904.395	-35.823
17.415	915.161	-34.4656
17.415	925.928	-23.7257
17.415	936.694	-12.3472
17.415	947.461	-14.3927
17.415	958.228	-31.6099
17.415	968.994	-33.9303
17.415	979.761	-35.0589
17.415	990.527	-20.8827
17.415	1001.29	-8.89703
17.415	1012.06	-15.3982
17.415	1022.83	-31.3104
17.415	1033.59	-33.433
17.415	1044.36	-32.8505
17.415	1055.13	-12.9439
17.415	1065.89	-6.54662
17.415	1076.66	-13.887
17.415	1087.43	-32.7712
17.415	1098.19	-33.2234
17.415	1108.96	-39.0724
17.415	1119.73	-6.68435
17.415	1130.49	-3.32753
17.415	1141.26	-13.4787
17.415	1152.03	-30.6271
17.415	1162.79	-29.2071
17.415	1173.56	-16.881
17.415	1184.33	-0.556279
17.415	1195.09	1.26005
17.415	1205.86	-16.1497
17.415	1216.63	-26.9462
17.415	1227.39	-23.0454
17.415	1238.16	-5.51906
17.415	1248.93	8.25423
17.415	1259.69	6.88941
17.415	1270.46	-13.4081
17.415	1281.23	-22.1479
17.415	1291.99	-25.4413
17.415	1302.76	12.386
17.415	1313.53	23.0474
17.415	1324.29	18.6311
17.415	1335.06	-7.38066
17.415	1345.83	-29.1282
17.415	1356.59	-24.195
17.415	1367.36	25.5025
20.3175	0	32.7912
20.3175	10.7666	25.5292
20.3175	21.5332	-34.5596
20.3175	32.2998	-45.125
20.3175	43.0664	-8.18612
20.3175	53.833	18.6576
20.3175	64.5996	23.0141
20.3175	75.3662	12.4423
20.3175	86.1328	-21.9089
20.3175	96.8994	-30.2727
20.3175	107.666	-14.9628
20.3175	118.433	6.87826
20.3175	129.199	8.16252
20.3175	139.966	-5.59469
20.3175	150.732	-28.6198
20.3175	161.499	-35.7238
20.3175	172.266	-13.8462
20.3175	183.032	0.781174
20.3175	193.799	-0.325378
20.3175	204.565	-19.8535
20.3175	215.332	-49.6511
20.3175	226.099	-45.3375
20.3175	236.865	-14.9219
20.3175	247.632	-3.23168
20.3175	258.398	-7.49147
20.3175	269.165	-30.6074
20.3175	279.932	-44.2847
20.3175	290.698	-48.7153
20.3175	301.465	-14.5266
20.3175	312.231	-6.86811
20.3175	322.998	-13.6009
20.3175	333.765	-54.6673
20.3175	344.531	-51.2203
20.3175	355.298	-40.2968
20.3175	366.064	-15.0664
20.3175	376.831	-9.91334
20.3175	387.598	-20.25
20.3175	398.364	-56.7816
20.3175	409.131	-52.2657
20.3175	419.897	-37.9124
20.3175	430.664	-15.1593
20.3175	441.431	-13.1386
20.3175	452.197	-26.0888
20.3175	462.964	-50.7257
20.3175	473.73	-53.9441
20.3175	484.497	-31.4974
20.3175	495.264	-15.8023
20.3175	506.03	-15.967
20.3175	516.797	-33.5129
20.3175	527.563	-60.2668
20.3175	538.33	-61.0387
20.3175	549.097	-29.1198
20.3175	559.863	-16.1327
20.3175	570.63	-18.9965
20.3175	581.396	-38.7738
20.3175	592.163	-57.1808
20.3175	602.93	-56.1395
20.3175	613.696	-25.9937
20.3175	624.463	-16.6717
20.3175	635.229	-21.3893
20.3175	645.996	-48.3204
20.3175	656.763	-59.1012
20.3175	667.529	-52.4937
20.3175	678.296	-24.0266
20.3175	689.062	-16.6902
20.3175	699.829	-24.0266
20.3175	710.596	-52.4937
20.3175	721.362	-59.1012
20.3175	732.129	-48.3204
20.3175	742.896	-21.3893
20.3175	753.662	-16.6717
20.3175	764.429	-25.9937
20.3175	775.195	-56.1395
20.3175	785.962	-57.1808
20.3175	796.729	-38.7738
20.3175	807.495	-18.9965
20.3175	818.262	-16.1327
20.3175	829.028	-29.1198
20.3175	839.795	-61.0387
20.3175	850.562	-60.2668
20.3175	861.328	-33.5129
20.3175	872.095	-15.967
20.3175	882.861	-15.8023
20.3175	893.628	-31.4974
20.3175	904.395	-53.9441
20.3175	915.161	-50.7257
20.3175	925.928	-26.0888
20.3175	936.694	-13.1386
20.3175	947.461	-15.1593
20.3175	958.228	-37.9124
20.3175	968.994	-52.2657
20.3175	979.761	-56.7816
20.3175	990.527	-20.25
20.3175	1001.29	-9.91334
20.3175	1012.06	-15.0664
20.3175	1022.83	-40.2968
20.3175	1033.59	-51.2203
20.3175	1044.36	-54.6673
20.3175	1055.13	-13.6009
20.3175	1065.89	-6.86811
20.3175	1076.66	-14.5266
20.3175	1087.43	-48.7153
20.3175	1098.19	-44.2847
20.3175	1108.96	-30.6074
20.3175	1119.73	-7.49147
20.3175	1130.49	-3.23168
20.3175	1141.26	-14.9219
20.3175	1152.03	-45.3375
20.3175	1162.79	-49.6511
20.3175	1173.56	-19.8535
20.3175	1184.33	-0.325378
20.3175	1195.09	0.781174
20.3175	1205.86	-13.8462
20.3175	1216.63	-35.7238
20.3175	1227.39	-28.6198
20.3175	1238.16	-5.59469
20.3175	1248.93	8.16252
20.3175	1259.69	6.87826
20.3175	1270.46	-14.9628
20.3175	1281.23	-30.2727
20.3175	1291.99	-21.9089
20.3175	1302.76	12.4423
20.3175	1313.53	23.0141
20.3175	1324.29	18.6576
20.3175	1335.06	-8.18612
20.3175	1345.83	-45.125
20.3175	1356.59	-34.5596
20.3175	1367.36	25.5292
23.22	0	32.8079
23.22	10.7666	25.5216
23.22	21.5332	-25.9619
23.22	32.2998	-29.562
23.22	43.0664	-7.49608
23.22	53.833	18.5977
23.22	64.5996	23.0049
23.22	75.3662	12.3527
23.22	86.1328	-24.6108
23.22	96.8994	-23.0523
23.22	107.666	-14.495
23.22	118.433	6.75515
23.22	129.199	8.00125
23.22	139.966	-5.60334
23.22	150.732	-23.6676
23.22	161.499	-28.4385
23.22	172.266	-15.6112
23.22	183.032	0.688517
23.22	193.799	-0.954348
23.22	204.565	-18.276
23.22	215.332	-31.3253
23.22	226.099	-31.3308
23.22	236.865	-13.9538
23.22	247.632	-4.29408
23.22	258.398	-7.653
23.22	269.165	-50.0767
23.22	279.932	-33.8088
23.22	290.698	-33.2239
23.22	301.465	-16.0775
23.22	312.231	-7.72165
23.22	322.998	-15.6836
23.22	333.765	-33.8756
23.22	344.531	-34.0901
23.22	355.298	-32.5775
23.22	366.064	-16.9432
23.22	376.831	-11.5837
23.22	387.598	-23.7222
23.22	398.364	-35.5216
23.22	409.131	-35.518
23.22	419.897	-46.097
23.22	430.664	-16.628
23.22	441.431	-17.2691
23.22	452.197	-27.7069
23.22	462.964	-35.9111
23.22	473.73	-36.9728
23.22	484.497	-31.3267
23.22	495.264	-19.8427
23.22	506.03	-21.071
23.22	516.797	-39.3421
23.22	527.563	-37.6084
23.22	538.33	-37.1027
23.22	549.097	-29.1124
23.22	559.863	-23.4908
23.22	570.63	-27.2943
23.22	581.396	-36.225
23.22	592.163	-37.4907
23.22	602.93	-37.4295
23.22	613.696	-38.5578
23.22	624.463	-25.4095
23.22	635.229	-39.2402
23.22	645.996	-39.293
23.22	656.763	-37.582
23.22	667.529	-37.4012
23.22	678.296	-31.8019
23.22	689.062	-55.1466
23.22	699.829	-31.8019
23.22	710.596	-37.4012
23.22	721.362	-37.582
23.22	732.129	-39.293
23.22	742.896	-39.2402
23.22	753.662	-25.4095
23.22	764.429	-38.5578
23.22	775.195	-37.4295
23.22	785.962	-37.4907
23.22	796.729	-36.225
23.22	807.495	-27.2943
23.22	818.262	-23.4908
23.22	829.028	-29.1124
23.22	839.795	-37.1027
23.22	850.562	-37.6084
23.22	861.328	-39.3421
23.22	872.095	-21.071
23.22	882.861	-19.8427
23.22	893.628	-31.3267
23.22	904.395	-36.9728
23.22	915.161	-35.9111
23.22	925.928	-27.7069
23.22	936.694	-17.2691
23.22	947.461	-16.628
23.22	958.228	-46.097
23.22	968.994	-35.518
23.22	979.761	-35.5216
23.22	990.527	-23.7222
23.22	1001.29	-11.5837
23.22	1012.06	-16.9432
23.22	1022.83	-32.5775
23.22	1033.59	-34.0901
23.22	1044.36	-33.8756
23.22	1055.13	-15.6836
23.22	1065.89	-7.72165
23.22	1076.66	-16.0775
23.22	1087.43	-33.2239
23.22	1098.19	-33.8088
23.22	1108.96	-50.0767
23.22	1119.73	-7.653
23.22	1130.49	-4.29408
23.22	1141.26	-13.9538
23.22	1152.03	-31.3308
23.22	1162.79	-31.3253
23.22	1173.56	-18.276
23.22	1184.33	-0.954348
23.22	1195.09	0.688517
23.22	1205.86	-15.6112
23.22	1216.63	-28.4385
23.22	1227.39	-23.6676
23.22	1238.16	-5.60334
23.22	1248.93	8.00125
23.22	1259.69	6.75515
23.22	1270.46	-14.495
23.22	1281.23	-23.0523
23.22	1291.99	-24.6108
23.22	1302.76	12.3527
23.22	1313.53	23.0049
23.22	1324.29	18.5977
23.22	1335.06	-7.49608
23.22	1345.83	-29.562
23.22	1356.59	-25.9619
23.22	1367.36	25.5216
26.1224	0	32.8265
26.1224	10.7666	25.46
26.1224	21.5332	-15.819
26.1224	32.2998	-23.5009
26.1224	43.0664	-8.47179
26.1224	53.833	18.6548
26.1224	64.5996	22.9999
26.1224	75.3662	12.4433
26.1224	86.1328	-21.5958
26.1224	96.8994	-23.4221
26.1224	107.666	-10.7171
26.1224	118.433	6.411
26.1224	129.199	8.41296
26.1224	139.966	-7.08759
26.1224	150.732	-26.8327
26.1224	161.499	-22.7859
26.1224	172.266	-12.5423
26.1224	183.032	0.447077
26.1224	193.799	-0.218398
26.1224	204.565	-21.0385
26.1224	215.332	-25.5886
26.1224	226.099	-25.3194
26.1224	236.865	-14.5126
26.1224	247.632	-3.5224
26.1224	258.398	-7.57902
26.1224	269.165	-26.3991
26.1224	279.932	-27.4549
26.1224	290.698	-27.8076
26.1224	301.465	-16.3026
26.1224	312.231	-6.71248
26.1224	322.998	-15.1949
26.1224	333.765	-29.3068
26.1224	344.531	-29.3317
26.1224	355.298	-28.0716
26.1224	366.064	-17.2282
26.1224	376.831	-9.7652
26.1224	387.598	-24.2939
26.1224	398.364	-31.0518
26.1224	409.131	-30.1905
26.1224	419.897	-27.7514
26.1224	430.664	-17.2
26.1224	441.431	-13.054
26.1224	452.197	-33.8799
26.1224	462.964	-31.247
26.1224	473.73	-30.8282
26.1224	484.497	-28.7535
26.1224	495.264	-16.9276
26.1224	506.03	-16.766
26.1224	516.797	-33.395
26.1224	527.563	-31.5216
26.1224	538.33	-31.6551
26.1224	549.097	-31.653
26.1224	559.863	-16.8841
26.1224	570.63	-20.9228
26.1224	581.396	-32.436
26.1224	592.163	-31.9884
26.1224	602.93	-32.159
26.1224	613.696	-34.4332
26.1224	624.463	-17.0507
26.1224	635.229	-25.4652
26.1224	645.996	-32.2011
26.1224	656.763	-32.2374
26.1224	667.529	-32.1793
26.1224	678.296	-30.5515
26.1224	689.062	-17.1601
26.1224	699.829	-30.5515
26.1224	710.596	-32.1793
26.1224	721.362	-32.2374
26.1224	732.129	-32.2011
26.1224	742.896	-25.4652
26.1224	753.662	-17.0507
26.1224	764.429	-34.4332
26.1224	775.195	-32.159
26.1224	785.962	-31.9884
26.1224	796.729	-32.436
26.1224	807.495	-20.9228
26.1224	818.262	-16.8841
26.1224	829.028	-31.653
26.1224	839.795	-31.6551
26.1224	850.562	-31.5216
26.1224	861.328	-33.395
26.1224	872.095	-16.766
26.1224	882.861	-16.9276
26.1224	893.628	-28.7535
26.1224	904.395	-30.8282
26.1224	915.161	-31.247
26.1224	925.928	-33.8799
26.1224	936.694	-13.054
26.1224	947.461	-17.2
26.1224	958.228	-27.7514
26.1224	968.994	-30.1905
26.1224	979.761	-31.0518
26.1224	990.527	-24.2939
26.1224	1001.29	-9.7652
26.1224	1012.06	-17.2282
26.1224	1022.83	-28.0716
26.1224	1033.59	-29.3317
26.1224	1044.36	-29.3068
26.1224	1055.13	-15.1949
26.1224	1065.89	-6.71248
26.1224	1076.66	-16.3026
26.1224	1087.43	-27.8076
26.1224	1098.19	-27.4549
26.1224	1108.96	-26.3991
26.1224	1119.73	-7.57902
26.1224	1130.49	-3.5224
26.1224	1141.26	-14.5126
26.1224	1152.03	-25.3194
26.1224	1162.79	-25.5886
26.1224	1173.56	-21.0385
26.1224	1184.33	-0.218398
26.1224	1195.09	0.447077
26.1224	1205.86	-12.5423
26.1224	1216.63	-22.7859
26.1224	1227.39	-26.8327
26.1224	1238.16	-7.08759
26.1224	1248.93	8.41296
26.1224	1259.69	6.411
26.1224	1270.46	-10.7171
26.1224	1281.23	-23.4221
26.1224	1291.99	-21.5958
26.1224	1302.76	12.4433
26.1224	1313.53	22.9999
26.1224	1324.29	18.6548
26.1224	1335.06	-8.47179
26.1224	1345.83	-23.5009
26.1224	1356.59	-15.819
26.1224	1367.36	25.46
29.0249	0	32.8244
29.0249	10.7666	25.4245
29.0249	21.5332	-13.7406
29.0249	32.2998	-20.1904
29.0249	43.0664	-9.52024
29.0249	53.833	18.7369
29.0249	64.5996	23.0086
29.0249	75.3662	12.5754
29.0249	86.1328	-18.2473
29.0249	96.8994	-27.7099
29.0249	107.666	-11.1693
29.0249	118.433	6.67055
29.0249	129.199	8.52537
29.0249	139.966	-6.39313
29.0249	150.732	-36.5176
29.0249	161.499	-24.7848
29.0249	172.266	-11.8393
29.0249	183.032	0.743959
29.0249	193.799	0.305813
29.0249	204.565	-22.1161
29.0249	215.332	-29.6698
29.0249	226.099	-25.9966
29.0249	236.865	-12.3392
29.0249	247.632	-3.2996
29.0249	258.398	-6.05104
29.0249	269.165	-41.4271
29.0249	279.932	-29.9689
29.0249	290.698	-28.3089
29.0249	301.465	-12.7992
29.0249	312.231	-6.45735
29.0249	322.998	-11.6665
29.0249	333.765	-32.9839
29.0249	344.531	-31.662
29.0249	355.298	-30.2224
29.0249	366.064	-13.2781
29.0249	376.831	-9.11026
29.0249	387.598	-17.0571
29.0249	398.364	-33.5459
29.0249	409.131	-33.3202
29.0249	419.897	-29.0014
29.0249	430.664	-13.7744
29.0249	441.431	-11.4354
29.0249	452.197	-22.5388
29.0249	462.964	-35.2342
29.0249	473.73	-33.9586
29.0249	484.497	-26.019
29.0249	495.264	-14.2528
29.0249	506.03	-13.5283
29.0249	516.797	-28.225
29.0249	527.563	-36.1349
29.0249	538.33	-33.8524
29.0249	549.097	-23.2974
29.0249	559.863	-14.6587
29.0249	570.63	-15.4548
29.0249	581.396	-33.2361
29.0249	592.163	-36.1093
29.0249	602.93	-33.8553
29.0249	613.696	-21.0505
29.0249	624.463	-14.9334
29.0249	635.229	-17.2828
29.0249	645.996	-34.951
29.0249	656.763	-35.9036
29.0249	667.529	-34.3591
29.0249	678.296	-19.104
29.0249	689.062	-15.0307
29.0249	699.829	-19.104
29.0249	710.596	-34.3591
29.0249	721.362	-35.9036
29.0249	732.129	-34.951
29.0249	742.896	-17.2828
29.0249	753.662	-14.9334
29.0249	764.429	-21.0505
29.0249	775.195	-33.8553
29.0249	785.962	-36.1093
29.0249	796.729	-33.2361
29.0249	807.495	-15.4548
29.0249	818.262	-14.6587
29.0249	829.028	-23.2974
29.0249	839.795	-33.8524
29.0249	850.562	-36.1349
29.0249	861.328	-28.225
29.0249	872.095	-13.5283
29.0249	882.861	-14.2528
29.0249	893.628	-26.019
29.0249	904.395	-33.9586
29.0249	915.161	-35.2342
29.0249	925.928	-22.5388
29.0249	936.694	-11.4354
29.0249	947.461	-13.7744
29.0249	958.228	-29.0014
29.0249	968.994	-33.3202
29.0249	979.761	-33.5459
29.0249	990.527	-17.0571
29.0249	1001.29	-9.11026
29.0249	1012.06	-13.2781
29.0249	1022.83	-30.2224
29.0249	1033.59	-31.662
29.0249	1044.36	-32.9839
29.0249	1055.13	-11.6665
29.0249	1065.89	-6.45735
29.0249	1076.66	-12.7992
29.0249	1087.43	-28.3089
29.0249	1098.19	-29.9689
29.0249	1108.96	-41.4271
29.0249	1119.73	-6.05104
29.0249	1130.49	-3.2996
29.0249	1141.26	-12.3392
29.0249	1152.03	-25.9966
29.0249	1162.79	-29.6698
29.0249	1173.56	-22.1161
29.0249	1184.33	0.305813
29.0249	1195.09	0.743959
29.0249	1205.86	-11.8393
29.0249	1216.63	-24.7848
29.0249	1227.39	-36.5176
29.0249	1238.16	-6.39313
29.0249	1248.93	8.52537
29.0249	1259.69	6.67055
29.0249	1270.46	-11.1693
29.0249	1281.23	-27.7099
29.0249	1291.99	-18.2473
29.0249	1302.76	12.5754
29.0249	1313.53	23.0086
29.0249	1324.29	18.7369
29.0249	1335.06	-9.52024
29.0249	1345.83	-20.1904
29.0249	1356.59	-13.7406
29.0249	1367.36	25.4245
31.9274	0	32.8108
31.9274	10.7666	25.5077
31.9274	21.5332	-22.7612
31.9274	32.2998	-28.8684
31.9274	43.0664	-7.37583
31.9274	53.833	18.5972
31.9274	64.5996	23.016
31.9274	75.3662	12.3462
31.9274	86.1328	-26.173
31.9274	96.8994	-21.6518
31.9274	107.666	-12.8727
31.9274	118.433	6.6729
31.9274	129.199	8.13353
31.9274	139.966	-5.93655
31.9274	150.732	-22.8205
31.9274	161.499	-25.5705
31.9274	172.266	-17.1129
31.9274	183.032	0.965483
31.9274	193.799	-1.09316
31.9274	204.565	-16.7484
31.9274	215.332	-27.5963
31.9274	226.099	-30.1363
31.9274	236.865	-14.5941
31.9274	247.632	-3.85848
31.9274	258.398	-7.82252
31.9274	269.165	-30.1306
31.9274	279.932	-32.3354
31.9274	290.698	-32.2651
31.9274	301.465	-14.2564
31.9274	312.231	-8.11716
31.9274	322.998	-13.799
31.9274	333.765	-33.7074
31.9274	344.531	-33.3329
31.9274	355.298	-31.784
31.9274	366.064	-16.502
31.9274	376.831	-11.0581
31.9274	387.598	-22.5194
31.9274	398.364	-34.5653
31.9274	409.131	-33.5179
31.9274	419.897	-29.7643
31.9274	430.664	-17.9673
31.9274	441.431	-14.4201
31.9274	452.197	-36.2696
31.9274	462.964	-34.4203
31.9274	473.73	-34.1253
31.9274	484.497	-35.0863
31.9274	495.264	-17.4983
31.9274	506.03	-19.9697
31.9274	516.797	-33.1147
31.9274	527.563	-34.5529
31.9274	538.33	-35.304
31.9274	549.097	-34.9933
31.9274	559.863	-18.709
31.9274	570.63	-26.5359
31.9274	581.396	-33.3613
31.9274	592.163	-35.478
31.9274	602.93	-35.9948
31.9274	613.696	-27.2106
31.9274	624.463	-22.1376
31.9274	635.229	-27.3449
31.9274	645.996	-34.4584
31.9274	656.763	-36.1234
31.9274	667.529	-36.3257
31.9274	678.296	-26.1188
31.9274	689.062	-24.7871
31.9274	699.829	-26.1188
31.9274	710.596	-36.3257
31.9274	721.362	-36.1234
31.9274	732.129	-34.4584
31.9274	742.896	-27.3449
31.9274	753.662	-22.1376
31.9274	764.429	-27.2106
31.9274	775.195	-35.9948
31.9274	785.962	-35.478
31.9274	796.729	-33.3613
31.9274	807.495	-26.5359
31.9274	818.262	-18.709
31.9274	829.028	-34.9933
31.9274	839.795	-35.304
31.9274	850.562	-34.5529
31.9274	861.328	-33.1147
31.9274	872.095	-19.9697
31.9274	882.861	-17.4983
31.9274	893.628	-35.0863
31.9274	904.395	-34.1253
31.9274	915.161	-34.4203
31.9274	925.928	-36.2696
31.9274	936.694	-14.4201
31.9274	947.461	-17.9673
31.9274	958.228	-29.7643
31.9274	968.994	-33.5179
31.9274	979.761	-34.5653
31.9274	990.527	-22.5194
31.9274	1001.29	-11.0581
31.9274	1012.06	-16.502
31.9274	1022.83	-31.784
31.9274	1033.59	-33.3329
31.9274	1044.36	-33.7074
31.9274	1055.13	-13.799
31.9274	1065.89	-8.11716
31.9274	1076.66	-14.2564
31.9274	1087.43	-32.2651
31.9274	1098.19	-32.3354
31.9274	1108.96	-30.1306
31.9274	1119.73	-7.82252
31.9274	1130.49	-3.85848
31.9274	1141.26	-14.5941
31.9274	1152.03	-30.1363
31.9274	1162.79	-27.5963
31.9274	1173.56	-16.7484
31.9274	1184.33	-1.09316
31.9274	1195.09	0.965483
31.9274	1205.86	-17.1129
31.9274	1216.63	-25.5705
31.9274	1227.39	-22.8205
31.9274	1238.16	-5.93655
31.9274	1248.93	8.13353
31.9274	1259.69	6.6729
31.9274	1270.46	-12.8727
31.9274	1281.23	-21.6518
31.9274	1291.99	-26.173
31.9274	1302.76	12.3462
31.9274	1313.53	23.016
31.9274	1324.29	18.5972
31.9274	1335.06	-7.37583
31.9274	1345.83	-28.8684
31.9274	1356.59	-22.7612
31.9274	1367.36	25.5077
34.8299	0	32.7995
34.8299	10.7666	25.5363
34.8299	21.5332	-33.9069
34.8299	32.2998	-39.5828
34.8299	43.0664	-8.15761
34.8299	53.833	18.6327
34.8299	64.5996	22.9911
34.8299	75.3662	12.4136
34.8299	86.1328	-22.0313
34.8299	96.8994	-29.5357
34.8299	107.666	-15.1831
34.8299	118.433	6.77288
34.8299	129.199	8.02701
34.8299	139.966	-5.69369
34.8299	150.732	-28.1746
34.8299	161.499	-34.9113
34.8299	172.266	-13.9947
34.8299	183.032	0.483175
34.8299	193.799	-0.628174
34.8299	204.565	-20.4522
34.8299	215.332	-45.5715
34.8299	226.099	-42.3667
34.8299	236.865	-15.4636
34.8299	247.632	-3.74856
34.8299	258.398	-8.20132
34.8299	269.165	-30.8213
34.8299	279.932	-41.8608
34.8299	290.698	-44.923
34.8299	301.465	-15.179
34.8299	312.231	-7.87053
34.8299	322.998	-14.7272
34.8299	333.765	-49.7012
34.8299	344.531	-46.8408
34.8299	355.298	-39.3997
34.8299	366.064	-16.3772
34.8299	376.831	-11.4522
34.8299	387.598	-22.7537
34.8299	398.364	-50.1335
34.8299	409.131	-47.1401
34.8299	419.897	-39.742
34.8299	430.664	-16.9599
34.8299	441.431	-15.8789
34.8299	452.197	-29.4432
34.8299	462.964	-46.7121
34.8299	473.73	-48.6254
34.8299	484.497	-32.7109
34.8299	495.264	-18.9298
34.8299	506.03	-20.0185
34.8299	516.797	-43.3275
34.8299	527.563	-50.5709
34.8299	538.33	-50.3521
34.8299	549.097	-32.3888
34.8299	559.863	-20.5875
34.8299	570.63	-25.9189
34.8299	581.396	-43.1095
34.8299	592.163	-49.8162
34.8299	602.93	-49.6331
34.8299	613.696	-30.0715
34.8299	624.463	-23.7866
34.8299	635.229	-28.8622
34.8299	645.996	-48.8193
34.8299	656.763	-50.4661
34.8299	667.529	-49.2301
34.8299	678.296	-31.4231
34.8299	689.062	-24.4671
34.8299	699.829	-31.4231
34.8299	710.596	-49.2301
34.8299	721.362	-50.4661
34.8299	732.129	-48.8193
34.8299	742.896	-28.8622
34.8299	753.662	-23.7866
34.8299	764.429	-30.0715
34.8299	775.195	-49.6331
34.8299	785.962	-49.8162
34.8299	796.729	-43.1095
34.8299	807.495	-25.9189
34.8299	818.262	-20.5875
34.8299	829.028	-32.3888
34.8299	839.795	-50.3521
34.8299	850.562	-50.5709
34.8299	861.328	-43.3275
34.8299	872.095	-20.0185
34.8299	882.861	-18.9298
34.8299	893.628	-32.7109
34.8299	904.395	-48.6254
34.8299	915.161	-46.7121
34.8299	925.928	-29.4432
34.8299	936.694	-15.8789
34.8299	947.461	-16.9599
34.8299	958.228	-39.742
34.8299	968.994	-47.1401
34.8299	979.761	-50.1335
34.8299	990.527	-22.7537
34.8299	1001.29	-11.4522
34.8299	1012.06	-16.3772
34.8299	1022.83	-39.3997
34.8299	1033.59	-46.8408
34.8299	1044.36	-49.7012
34.8299	1055.13	-14.7272
34.8299	1065.89	-7.87053
34.8299	1076.66	-15.179
34.8299	1087.43	-44.923
34.8299	1098.19	-41.8608
34.8299	1108.96	-30.8213
34.8299	1119.73	-8.20132
34.8299	1130.49	-3.74856
34.8299	1141.26	-15.4636
34.8299	1152.03	-42.3667
34.8299	1162.79	-45.5715
34.8299	1173.56	-20.4522
34.8299	1184.33	-0.628174
34.8299	1195.09	0.483175
34.8299	1205.86	-13.9947
34.8299	1216.63	-34.9113
34.8299	1227.39	-28.1746
34.8299	1238.16	-5.69369
34.8299	1248.93	8.02701
34.8299	1259.69	6.77288
34.8299	1270.46	-15.1831
34.8299	1281.23	-29.5357
34.8299	1291.99	-22.0313
34.8299	1302.76	12.4136
34.8299	1313.53	22.9911
34.8299	1324.29	18.6327
34.8299	1335.06	-8.15761
34.8299	1345.83	-39.5828
34.8299	1356.59	-33.9069
34.8299	1367.36	25.5363
37.7324	0	32.7908
37.7324	10.7666	25.5103
37.7324	21.5332	-27.3846
37.7324	32.2998	-30.3162
37.7324	43.0664	-7.57809
37.7324	53.833	18.6486
37.7324	64.5996	23.0478
37.7324	75.3662	12.4141
37.7324	86.1328	-23.7413
37.7324	96.8994	-24.1216
37.7324	107.666	-14.9239
37.7324	118.433	7.00031
37.7324	129.199	8.22686
37.7324	139.966	-5.28877
37.7324	150.732	-24.2074
37.7324	161.499	-29.5933
37.7324	172.266	-14.3166
37.7324	183.032	1.1049
37.7324	193.799	-0.213791
37.7324	204.565	-18.3508
37.7324	215.332	-32.9515
37.7324	226.099	-31.7014
37.7324	236.865	-13.4427
37.7324	247.632	-3.16158
37.7324	258.398	-6.57827
37.7324	269.165	-38.1712
37.7324	279.932	-34.5779
37.7324	290.698	-34.1353
37.7324	301.465	-14.9978
37.7324	312.231	-5.89946
37.7324	322.998	-13.5909
37.7324	333.765	-34.3552
37.7324	344.531	-35.4874
37.7324	355.298	-37.2494
37.7324	366.064	-13.917
37.7324	376.831	-9.15617
37.7324	387.598	-18.5684
37.7324	398.364	-35.4762
37.7324	409.131	-36.9521
37.7324	419.897	-36.0068
37.7324	430.664	-13.8203
37.7324	441.431	-12.0864
37.7324	452.197	-23.1417
37.7324	462.964	-37.0313
37.7324	473.73	-37.1851
37.7324	484.497	-27.707
37.7324	495.264	-14.8937
37.7324	506.03	-13.8176
37.7324	516.797	-34.5262
37.7324	527.563	-39.3165
37.7324	538.33	-38.6755
37.7324	549.097	-28.6277
37.7324	559.863	-14.1836
37.7324	570.63	-17.0531
37.7324	581.396	-35.0384
37.7324	592.163	-38.7719
37.7324	602.93	-39.8466
37.7324	613.696	-24.7269
37.7324	624.463	-14.2866
37.7324	635.229	-19.8686
37.7324	645.996	-35.3862
37.7324	656.763	-38.5425
37.7324	667.529	-38.8922
37.7324	678.296	-20.6123
37.7324	689.062	-15.1575
37.7324	699.829	-20.6123
37.7324	710.596	-38.8922
37.7324	721.362	-38.5425
37.7324	732.129	-35.3862
37.7324	742.896	-19.8686
37.7324	753.662	-14.2866
37.7324	764.429	-24.7269
37.7324	775.195	-39.8466
37.7324	785.962	-38.7719
37.7324	796.729	-35.0384
37.7324	807.495	-17.0531
37.7324	818.262	-14.1836
37.7324	829.028	-28.6277
37.7324	839.795	-38.6755
37.7324	850.562	-39.3165
37.7324	861.328	-34.5262
37.7324	872.095	-13.8176
37.7324	882.861	-14.8937
37.7324	893.628	-27.707
37.7324	904.395	-37.1851
37.7324	915.161	-37.0313
37.7324	925.928	-23.1417
37.7324	936.694	-12.0864
37.7324	947.461	-13.8203
37.7324	958.228	-36.0068
37.7324	968.994	-36.9521
37.7324	979.761	-35.4762
37.7324	990.527	-18.5684
37.7324	1001.29	-9.15617
37.7324	1012.06	-13.917
37.7324	1022.83	-37.2494
37.7324	1033.59	-35.4874
37.7324	1044.36	-34.3552
37.7324	1055.13	-13.5909
37.7324	1065.89	-5.89946
37.7324	1076.66	-14.9978
37.7324	1087.43	-34.1353
37.7324	1098.19	-34.5779
37.7324	1108.96	-38.1712
37.7324	1119.73	-6.57827
37.7324	1130.49	-3.16158
37.7324	1141.26	-13.4427
37.7324	1152.03	-31.7014
37.7324	1162.79	-32.9515
37.7324	1173.56	-18.3508
37.7324	1184.33	-0.213791
37.7324	1195.09	1.1049
37.7324	1205.86	-14.3166
37.7324	1216.63	-29.5933
37.7324	1227.39	-24.2074
37.7324	1238.16	-5.28877
37.7324	1248.93	8.22686
37.7324	1259.69	7.00031
37.7324	1270.46	-14.9239
37.7324	1281.23	-24.1216
37.7324	1291.99	-23.7413
37.7324	1302.76	12.4141
37.7324	1313.53	23.0478
37.7324	1324.29	18.6486
37.7324	1335.06	-7.57809
37.7324	1345.83	-30.3162
37.7324	1356.59	-27.3846
37.7324	1367.36	25.5103
40.6349	0	32.821
40.6349	10.7666	25.4671
40.6349	21.5332	-16.8579
40.6349	32.2998	-25.104
40.6349	43.0664	-8.10693
40.6349	53.833	18.6443
40.6349	64.5996	23.0142
40.6349	75.3662	12.42
40.6349	86.1328	-23.1602
40.6349	96.8994	-22.3524
40.6349	107.666	-10.6685
40.6349	118.433	6.45097
40.6349	129.199	8.43248
40.6349	139.966	-6.96319
40.6349	150.732	-25.004
40.6349	161.499	-22.482
40.6349	172.266	-13.0731
40.6349	183.032	0.681596
40.6349	193.799	-0.32976
40.6349	204.565	-18.7164
40.6349	215.332	-24.9117
40.6349	226.099	-25.7585
40.6349	236.865	-15.5601
40.6349	247.632	-3.10893
40.6349	258.398	-7.99402
40.6349	269.165	-24.273
40.6349	279.932	-27.5181
40.6349	290.698	-28.3767
40.6349	301.465	-16.7463
40.6349	312.231	-6.35572
40.6349	322.998	-15.5462
40.6349	333.765	-29.1729
40.6349	344.531	-29.5878
40.6349	355.298	-28.5341
40.6349	366.064	-16.0014
40.6349	376.831	-9.83864
40.6349	387.598	-21.1171
40.6349	398.364	-30.926
40.6349	409.131	-30.5232
40.6349	419.897	-30.0726
40.6349	430.664	-15.0585
40.6349	441.431	-13.9533
40.6349	452.197	-23.68
40.6349	462.964	-31.0191
40.6349	473.73	-31.949
40.6349	484.497	-38.2223
40.6349	495.264	-14.9853
40.6349	506.03	-18.2616
40.6349	516.797	-27.0214
40.6349	527.563	-32.2962
40.6349	538.33	-33.4088
40.6349	549.097	-33.6502
40.6349	559.863	-16.0241
40.6349	570.63	-20.4705
40.6349	581.396	-32.6986
40.6349	592.163	-33.4964
40.6349	602.93	-33.1803
40.6349	613.696	-25.3668
40.6349	624.463	-17.9775
40.6349	635.229	-20.7732
40.6349	645.996	-35.3572
40.6349	656.763	-33.4042
40.6349	667.529	-33.2734
40.6349	678.296	-21.949
40.6349	689.062	-19.2804
40.6349	699.829	-21.949
40.6349	710.596	-33.2734
40.6349	721.362	-33.4042
40.6349	732.129	-35.3572
40.6349	742.896	-20.7732
40.6349	753.662	-17.9775
40.6349	764.429	-25.3668
40.6349	775.195	-33.1803
40.6349	785.962	-33.4964
40.6349	796.729	-32.6986
40.6349	807.495	-20.4705
40.6349	818.262	-16.0241
40.6349	829.028	-33.6502
40.6349	839.795	-33.4088
40.6349	850.562	-32.2962
40.6349	861.328	-27.0214
40.6349	872.095	-18.2616
40.6349	882.861	-14.9853
40.6349	893.628	-38.2223
40.6349	904.395	-31.949
40.6349	915.161	-31.0191
40.6349	925.928	-23.68
40.6349	936.694	-13.9533
40.6349	947.461	-15.0585
40.6349	958.228	-30.0726
40.6349	968.994	-30.5232
40.6349	979.761	-30.926
40.6349	990.527	-21.1171
40.6349	1001.29	-9.83864
40.6349	1012.06	-16.0014
40.6349	1022.83	-28.5341
40.6349	1033.59	-29.5878
40.6349	1044.36	-29.1729
40.6349	1055.13	-15.5462
40.6349	1065.89	-6.35572
40.6349	1076.66	-16.7463
40.6349	1087.43	-28.3767
40.6349	1098.19	-27.5181
40.6349	1108.96	-24.273
40.6349	1119.73	-7.99402
40.6349	1130.49	-3.10893
40.6349	1141.26	-15.5601
40.6349	1152.03	-25.7585
40.6349	1162.79	-24.9117
40.6349	1173.56	-18.7164
40.6349	1184.33	-0.32976
40.6349	1195.09	0.681596
40.6349	1205.86	-13.0731
40.6349	1216.63	-22.482
40.6349	1227.39	-25.004
40.6349	1238.16	-6.96319
40.6349	1248.93	8.43248
40.6349	1259.69	6.45097
40.6349	1270.46	-10.6685
40.6349	1281.23	-22.3524
40.6349	1291.99	-23.1602
40.6349	1302.76	12.42
40.6349	1313.53	23.0142
40.6349	1324.29	18.6443
40.6349	1335.06	-8.10693
40.6349	1345.83	-25.104
40.6349	1356.59	-16.8579
40.6349	1367.36	25.4671
43.5374	0	32.844
43.5374	10.7666	25.4386
43.5374	21.5332	-13.2067
43.5374	32.2998	-19.1317
43.5374	43.0664	-10.1023
43.5374	53.833	18.697
43.5374	64.5996	22.9479
43.5374	75.3662	12.5338
43.5374	86.1328	-17.5191
43.5374	96.8994	-31.5438
43.5374	107.666	-11.9045
43.5374	118.433	6.45418
43.5374	129.199	8.21413
43.5374	139.966	-6.61951
43.5374	150.732	-40.0012
43.5374	161.499	-26.9654
43.5374	172.266	-12.7182
43.5374	183.032	0.177664
43.5374	193.799	-0.444841
43.5374	204.565	-22.9589
43.5374	215.332	-31.4613
43.5374	226.099	-28.1249
43.5374	236.865	-13.4521
43.5374	247.632	-4.45558
43.5374	258.398	-7.47093
43.5374	269.165	-40.5308
43.5374	279.932	-31.39
43.5374	290.698	-31.0798
43.5374	301.465	-14.2886
43.5374	312.231	-8.54106
43.5374	322.998	-14.0598
43.5374	333.765	-32.7593
43.5374	344.531	-33.2303
43.5374	355.298	-36.0673
43.5374	366.064	-15.384
43.5374	376.831	-12.6067
43.5374	387.598	-20.8579
43.5374	398.364	-33.9008
43.5374	409.131	-35.7916
43.5374	419.897	-39.7061
43.5374	430.664	-16.89
43.5374	441.431	-17.0714
43.5374	452.197	-28.3556
43.5374	462.964	-36.4431
43.5374	473.73	-38.0144
43.5374	484.497	-35.4028
43.5374	495.264	-19.028
43.5374	506.03	-22.5024
43.5374	516.797	-36.1342
43.5374	527.563	-38.4845
43.5374	538.33	-39.0612
43.5374	549.097	-32.564
43.5374	559.863	-22.2471
43.5374	570.63	-30.1658
43.5374	581.396	-39.5468
43.5374	592.163	-39.2893
43.5374	602.93	-39.3155
43.5374	613.696	-32.0466
43.5374	624.463	-27.8391
43.5374	635.229	-39.969
43.5374	645.996	-39.4419
43.5374	656.763	-39.4411
43.5374	667.529	-39.3628
43.5374	678.296	-34.3084
43.5374	689.062	-38.628
43.5374	699.829	-34.3084
43.5374	710.596	-39.3628
43.5374	721.362	-39.4411
43.5374	732.129	-39.4419
43.5374	742.896	-39.969
43.5374	753.662	-27.8391
43.5374	764.429	-32.0466
43.5374	775.195	-39.3155
43.5374	785.962	-39.2893
43.5374	796.729	-39.5468
43.5374	807.495	-30.1658
43.5374	818.262	-22.2471
43.5374	829.028	-32.564
43.5374	839.795	-39.0612
43.5374	850.562	-38.4845
43.5374	861.328	-36.1342
43.5374	872.095	-22.5024
43.5374	882.861	-19.028
43.5374	893.628	-35.4028
43.5374	904.395	-38.0144
43.5374	915.161	-36.4431
43.5374	925.928	-28.3556
43.5374	936.694	-17.0714
43.5374	947.461	-16.89
43.5374	958.228	-39.7061
43.5374	968.994	-35.7916
43.5374	979.761	-33.9008
43.5374	990.527	-20.8579
43.5374	1001.29	-12.6067
43.5374	1012.06	-15.384
43.5374	1022.83	-36.0673
43.5374	1033.59	-33.2303
43.5374	1044.36	-32.7593
43.5374	1055.13	-14.0598
43.5374	1065.89	-8.54106
43.5374	1076.66	-14.2886
43.5374	1087.43	-31.0798
43.5374	1098.19	-31.39
43.5374	1108.96	-40.5308
43.5374	1119.73	-7.47093
43.5374	1130.49	-4.45558
43.5374	1141.26	-13.4521
43.5374	1152.03	-28.1249
43.5374	1162.79	-31.4613
43.5374	1173.56	-22.9589
43.5374	1184.33	-0.444841
43.5374	1195.09	0.177664
43.5374	1205.86	-12.7182
43.5374	1216.63	-26.9654
43.5374	1227.39	-40.0012
43.5374	1238.16	-6.61951
43.5374	1248.93	8.21413
43.5374	1259.69	6.45418
43.5374	1270.46	-11.9045
43.5374	1281.23	-31.5438
43.5374	1291.99	-17.5191
43.5374	1302.76	12.5338
43.5374	1313.53	22.9479
43.5374	1324.29	18.697
43.5374	1335.06	-10.1023
43.5374	1345.83	-19.1317
43.5374	1356.59	-13.2067
43.5374	1367.36	25.4386
46.4399	0	32.8087
46.4399	10.7666	25.4961
46.4399	21.5332	-21.3472
46.4399	32.2998	-28.6554
46.4399	43.0664	-7.40201
46.4399	53.833	18.6129
46.4399	64.5996	23.0306
46.4399	75.3662	12.3642
46.4399	86.1328	-26.5088
46.4399	96.8994	-21.326
46.4399	107.666	-12.0542
46.4399	118.433	6.67308
46.4399	129.199	8.2674
46.4399	139.966	-6.06369
46.4399	150.732	-22.7145
46.4399	161.499	-24.4508
46.4399	172.266	-16.7335
46.4399	183.032	1.14547
46.4399	193.799	-0.890373
46.4399	204.565	-16.3333
46.4399	215.332	-26.3935
46.4399	226.099	-29.3482
46.4399	236.865	-15.2915
46.4399	247.632	-3.27703
46.4399	258.398	-7.7371
46.4399	269.165	-27.6803
46.4399	279.932	-31.0848
46.4399	290.698	-31.2708
46.4399	301.465	-13.739
46.4399	312.231	-7.52126
46.4399	322.998	-12.9855
46.4399	333.765	-33.0045
46.4399	344.531	-32.7127
46.4399	355.298	-34.1882
46.4399	366.064	-14.6839
46.4399	376.831	-10.5417
46.4399	387.598	-19.8194
46.4399	398.364	-33.1791
46.4399	409.131	-33.5271
46.4399	419.897	-29.2846
46.4399	430.664	-16.7534
46.4399	441.431	-12.8047
46.4399	452.197	-32.2324
46.4399	462.964	-34.6195
46.4399	473.73	-33.3545
46.4399	484.497	-28.0759
46.4399	495.264	-16.6113
46.4399	506.03	-16.4986
46.4399	516.797	-30.0936
46.4399	527.563	-33.8515
46.4399	538.33	-34.5738
46.4399	549.097	-33.525
46.4399	559.863	-15.9657
46.4399	570.63	-21.5513
46.4399	581.396	-31.2969
46.4399	592.163	-34.7207
46.4399	602.93	-34.9664
46.4399	613.696	-27.6926
46.4399	624.463	-17.3398
46.4399	635.229	-22.0611
46.4399	645.996	-36.8452
46.4399	656.763	-35.1959
46.4399	667.529	-35.094
46.4399	678.296	-22.5003
46.4399	689.062	-19.1118
46.4399	699.829	-22.5003
46.4399	710.596	-35.094
46.4399	721.362	-35.1959
46.4399	732.129	-36.8452
46.4399	742.896	-22.0611
46.4399	753.662	-17.3398
46.4399	764.429	-27.6926
46.4399	775.195	-34.9664
46.4399	785.962	-34.7207
46.4399	796.729	-31.2969
46.4399	807.495	-21.5513
46.4399	818.262	-15.9657
46.4399	829.028	-33.525
46.4399	839.795	-34.5738
46.4399	850.562	-33.8515
46.4399	861.328	-30.0936
46.4399	872.095	-16.4986
46.4399	882.861	-16.6113
46.4399	893.628	-28.0759
46.4399	904.395	-33.3545
46.4399	915.161	-34.6195
46.4399	925.928	-32.2324
46.4399	936.694	-12.8047
46.4399	947.461	-16.7534
46.4399	958.228	-29.2846
46.4399	968.994	-33.5271
46.4399	979.761	-33.1791
46.4399	990.527	-19.8194
46.4399	1001.29	-10.5417
46.4399	1012.06	-14.6839
46.4399	1022.83	-34.1882
46.4399	1033.59	-32.7127
46.4399	1044.36	-33.0045
46.4399	1055.13	-12.9855
46.4399	1065.89	-7.52126
46.4399	1076.66	-13.739
46.4399	1087.43	-31.2708
46.4399	1098.19	-31.0848
46.4399	1108.96	-27.6803
46.4399	1119.73	-7.7371
46.4399	1130.49	-3.27703
46.4399	1141.26	-15.2915
46.4399	1152.03	-29.3482
46.4399	1162.79	-26.3935
46.4399	1173.56	-16.3333
46.4399	1184.33	-0.890373
46.4399	1195.09	1.14547
46.4399	1205.86	-16.7335
46.4399	1216.63	-24.4508
46.4399	1227.39	-22.7145
46.4399	1238.16	-6.06369
46.4399	1248.93	8.2674
46.4399	1259.69	6.67308
46.4399	1270.46	-12.0542
46.4399	1281.23	-21.326
46.4399	1291.99	-26.5088
46.4399	1302.76	12.3642
46.4399	1313.53	23.0306
46.4399	1324.29	18.6129
46.4399	1335.06	-7.40201
46.4399	1345.83	-28.6554
46.4399	1356.59	-21.3472
46.4399	1367.36	25.4961
49.3424	0	32.786
49.3424	10.7666	25.5202
49.3424	21.5332	-32.5447
49.3424	32.2998	-36.5476
49.3424	43.0664	-8.04333
49.3424	53.833	18.6713
49.3424	64.5996	23.0362
49.3424	75.3662	12.4552
49.3424	86.1328	-22.0565
49.3424	96.8994	-28.6391
49.3424	107.666	-15.1137
49.3424	118.433	6.99056
49.3424	129.199	8.24417
49.3424	139.966	-5.38237
49.3424	150.732	-27.0938
49.3424	161.499	-33.0815
49.3424	172.266	-13.4763
49.3424	183.032	0.96579
49.3424	193.799	-0.04678
49.3424	204.565	-19.7965
49.3424	215.332	-43.153
49.3424	226.099	-39.9814
49.3424	236.865	-14.6434
49.3424	247.632	-2.81604
49.3424	258.398	-7.05048
49.3424	269.165	-29.344
49.3424	279.932	-39.5182
49.3424	290.698	-41.8219
49.3424	301.465	-13.8902
49.3424	312.231	-6.2562
49.3424	322.998	-12.7354
49.3424	333.765	-40.5771
49.3424	344.531	-41.8381
49.3424	355.298	-37.8152
49.3424	366.064	-14.2103
49.3424	376.831	-8.98916
49.3424	387.598	-18.7877
49.3424	398.364	-47.0495
49.3424	409.131	-45.3103
49.3424	419.897	-35.9361
49.3424	430.664	-14.124
49.3424	441.431	-11.7112
49.3424	452.197	-24.617
49.3424	462.964	-43.5579
49.3424	473.73	-44.4703
49.3424	484.497	-30.7695
49.3424	495.264	-14.164
49.3424	506.03	-14.3889
49.3424	516.797	-29.4368
49.3424	527.563	-43.5078
49.3424	538.33	-43.3714
49.3424	549.097	-26.5426
49.3424	559.863	-14.5403
49.3424	570.63	-16.5218
49.3424	581.396	-40.4081
49.3424	592.163	-48.8833
49.3424	602.93	-50.5713
49.3424	613.696	-24.7355
49.3424	624.463	-14.291
49.3424	635.229	-19.5491
49.3424	645.996	-39.3689
49.3424	656.763	-45.0349
49.3424	667.529	-45.0951
49.3424	678.296	-21.1006
49.3424	689.062	-14.7691
49.3424	699.829	-21.1006
49.3424	710.596	-45.0951
49.3424	721.362	-45.0349
49.3424	732.129	-39.3689
49.3424	742.896	-19.5491
49.3424	753.662	-14.291
49.3424	764.429	-24.7355
49.3424	775.195	-50.5713
49.3424	785.962	-48.8833
49.3424	796.729	-40.4081
49.3424	807.495	-16.5218
49.3424	818.262	-14.5403
49.3424	829.028	-26.5426
49.3424	839.795	-43.3714
49.3424	850.562	-43.5078
49.3424	861.328	-29.4368
49.3424	872.095	-14.3889
49.3424	882.861	-14.164
49.3424	893.628	-30.7695
49.3424	904.395	-44.4703
49.3424	915.161	-43.5579
49.3424	925.928	-24.617
49.3424	936.694	-11.7112
49.3424	947.461	-14.124
49.3424	958.228	-35.9361
49.3424	968.994	-45.3103
49.3424	979.761	-47.0495
49.3424	990.527	-18.7877
49.3424	1001.29	-8.98916
49.3424	1012.06	-14.2103
49.3424	1022.83	-37.8152
49.3424	1033.59	-41.8381
49.3424	1044.36	-40.5771
49.3424	1055.13	-12.7354
49.3424	1065.89	-6.2562
49.3424	1076.66	-13.8902
49.3424	1087.43	-41.8219
49.3424	1098.19	-39.5182
49.3424	1108.96	-29.344
49.3424	1119.73	-7.05048
49.3424	1130.49	-2.81604
49.3424	1141.26	-14.6434
49.3424	1152.03	-39.9814
49.3424	1162.79	-43.153
49.3424	1173.56	-19.7965
49.3424	1184.33	-0.04678
49.3424	1195.09	0.96579
49.3424	1205.86	-13.4763
49.3424	1216.63	-33.0815
49.3424	1227.39	-27.0938
49.3424	1238.16	-5.38237
49.3424	1248.93	8.24417
49.3424	1259.69	6.99056
49.3424	1270.46	-15.1137
49.3424	1281.23	-28.6391
49.3424	1291.99	-22.0565
49.3424	1302.76	12.4552
49.3424	1313.53	23.0362
49.3424	1324.29	18.6713
49.3424	1335.06	-8.04333
49.3424	1345.83	-36.5476
49.3424	1356.59	-32.5447
49.3424	1367.36	25.5202
52.2449	0	32.803
52.2449	10.7666	25.5282
52.2449	21.5332	-29.0965
52.2449	32.2998	-31.1187
52.2449	43.0664	-7.73112
52.2449	53.833	18.614
52.2449	64.5996	23.0023
52.2449	75.3662	12.3797
52.2449	86.1328	-23.3154
52.2449	96.8994	-25.061
52.2449	107.666	-15.3881
52.2449	118.433	6.8115
52.2449	129.199	7.99545
52.2449	139.966	-5.50219
52.2449	150.732	-25.0652
52.2449	161.499	-30.8329
52.2449	172.266	-14.2832
52.2449	183.032	0.536923
52.2449	193.799	-0.665169
52.2449	204.565	-20.0203
52.2449	215.332	-35.643
52.2449	226.099	-33.3409
52.2449	236.865	-14.5994
52.2449	247.632	-3.94252
52.2449	258.398	-7.87764
52.2449	269.165	-32.1342
52.2449	279.932	-34.9786
52.2449	290.698	-35.0591
52.2449	301.465	-16.2368
52.2449	312.231	-7.44935
52.2449	322.998	-15.6223
52.2449	333.765	-35.9974
52.2449	344.531	-36.7596
52.2449	355.298	-40.9628
52.2449	366.064	-15.448
52.2449	376.831	-11.9838
52.2449	387.598	-20.92
52.2449	398.364	-37.2325
52.2449	409.131	-38.8321
52.2449	419.897	-33.8058
52.2449	430.664	-17.4734
52.2449	441.431	-15.3132
52.2449	452.197	-32.3878
52.2449	462.964	-39.9489
52.2449	473.73	-38.8329
52.2449	484.497	-31.5246
52.2449	495.264	-18.7763
52.2449	506.03	-20.0996
52.2449	516.797	-34.9595
52.2449	527.563	-39.2746
52.2449	538.33	-40.0525
52.2449	549.097	-34.7884
52.2449	559.863	-20.0398
52.2449	570.63	-25.9609
52.2449	581.396	-41.1559
52.2449	592.163	-40.1724
52.2449	602.93	-40.08
52.2449	613.696	-28.1041
52.2449	624.463	-24.4987
52.2449	635.229	-27.5782
52.2449	645.996	-39.0563
52.2449	656.763	-40.3269
52.2449	667.529	-40.2498
52.2449	678.296	-32.8874
52.2449	689.062	-23.322
52.2449	699.829	-32.8874
52.2449	710.596	-40.2498
52.2449	721.362	-40.3269
52.2449	732.129	-39.0563
52.2449	742.896	-27.5782
52.2449	753.662	-24.4987
52.2449	764.429	-28.1041
52.2449	775.195	-40.08
52.2449	785.962	-40.1724
52.2449	796.729	-41.1559
52.2449	807.495	-25.9609
52.2449	818.262	-20.0398
52.2449	829.028	-34.7884
52.2449	839.795	-40.0525
52.2449	850.562	-39.2746
52.2449	861.328	-34.9595
52.2449	872.095	-20.0996
52.2449	882.861	-18.7763
52.2449	893.628	-31.5246
52.2449	904.395	-38.8329
52.2449	915.161	-39.9489
52.2449	925.928	-32.3878
52.2449	936.694	-15.3132
52.2449	947.461	-17.4734
52.2449	958.228	-33.8058
52.2449	968.994	-38.8321
52.2449	979.761	-37.2325
52.2449	990.527	-20.92
52.2449	1001.29	-11.9838
52.2449	1012.06	-15.448
52.2449	1022.83	-40.9628
52.2449	1033.59	-36.7596
52.2449	1044.36	-35.9974
52.2449	1055.13	-15.6223
52.2449	1065.89	-7.44935
52.2449	1076.66	-16.2368
52.2449	1087.43	-35.0591
52.2449	1098.19	-34.9786
52.2449	1108.96	-32.1342
52.2449	1119.73	-7.87764
52.2449	1130.49	-3.94252
52.2449	1141.26	-14.5994
52.2449	1152.03	-33.3409
52.2449	1162.79	-35.643
52.2449	1173.56	-20.0203
52.2449	1184.33	-0.665169
52.2449	1195.09	0.536923
52.2449	1205.86	-14.2832
52.2449	1216.63	-30.8329
52.2449	1227.39	-25.0652
52.2449	1238.16	-5.50219
52.2449	1248.93	7.99545
52.2449	1259.69	6.8115
52.2449	1270.46	-15.3881
52.2449	1281.23	-25.061
52.2449	1291.99	-23.3154
52.2449	1302.76	12.3797
52.2449	1313.53	23.0023
52.2449	1324.29	18.614
52.2449	1335.06	-7.73112
52.2449	1345.83	-31.1187
52.2449	1356.59	-29.0965
52.2449	1367.36	25.5282
55.1474	0	32.8224
55.1474	10.7666	25.4815
55.1474	21.5332	-18.0478
55.1474	32.2998	-26.6266
55.1474	43.0664	-7.80309
55.1474	53.833	18.6149
55.1474	64.5996	23.0056
55.1474	75.3662	12.3777
55.1474	86.1328	-24.7944
55.1474	96.8994	-21.656
55.1474	107.666	-10.9146
55.1474	118.433	6.41155
55.1474	129.199	8.32331
55.1474	139.966	-6.91827
55.1474	150.732	-23.8623
55.1474	161.499	-22.6172
55.1474	172.266	-14.281
55.1474	183.032	0.677946
55.1474	193.799	-0.73463
55.1474	204.565	-17.9448
55.1474	215.332	-24.8192
55.1474	226.099	-26.4072
55.1474	236.865	-17.1054
55.1474	247.632	-3.29736
55.1474	258.398	-8.77662
55.1474	269.165	-24.4266
55.1474	279.932	-27.8868
55.1474	290.698	-28.7776
55.1474	301.465	-16.7764
55.1474	312.231	-7.10231
55.1474	322.998	-16.137
55.1474	333.765	-29.4244
55.1474	344.531	-29.972
55.1474	355.298	-30.5674
55.1474	366.064	-15.5756
55.1474	376.831	-11.4702
55.1474	387.598	-21.2708
55.1474	398.364	-30.6808
55.1474	409.131	-31.4751
55.1474	419.897	-37.3775
55.1474	430.664	-15.5918
55.1474	441.431	-16.5319
55.1474	452.197	-25.2859
55.1474	462.964	-31.8425
55.1474	473.73	-33.0659
55.1474	484.497	-35.6
55.1474	495.264	-17.1028
55.1474	506.03	-21.3021
55.1474	516.797	-29.5084
55.1474	527.563	-33.2946
55.1474	538.33	-33.719
55.1474	549.097	-28.2411
55.1474	559.863	-20.0257
55.1474	570.63	-24.2264
55.1474	581.396	-32.0089
55.1474	592.163	-33.9199
55.1474	602.93	-34.0926
55.1474	613.696	-25.859
55.1474	624.463	-23.7201
55.1474	635.229	-25.5597
55.1474	645.996	-33.2966
55.1474	656.763	-34.2287
55.1474	667.529	-34.322
55.1474	678.296	-25.6209
55.1474	689.062	-25.7435
55.1474	699.829	-25.6209
55.1474	710.596	-34.322
55.1474	721.362	-34.2287
55.1474	732.129	-33.2966
55.1474	742.896	-25.5597
55.1474	753.662	-23.7201
55.1474	764.429	-25.859
55.1474	775.195	-34.0926
55.1474	785.962	-33.9199
55.1474	796.729	-32.0089
55.1474	807.495	-24.2264
55.1474	818.262	-20.0257
55.1474	829.028	-28.2411
55.1474	839.795	-33.719
55.1474	850.562	-33.2946
55.1474	861.328	-29.5084
55.1474	872.095	-21.3021
55.1474	882.861	-17.1028
55.1474	893.628	-35.6
55.1474	904.395	-33.0659
55.1474	915.161	-31.8425
55.1474	925.928	-25.2859
55.1474	936.694	-16.5319
55.1474	947.461	-15.5918
55.1474	958.228	-37.3775
55.1474	968.994	-31.4751
55.1474	979.761	-30.6808
55.1474	990.527	-21.2708
55.1474	1001.29	-11.4702
55.1474	1012.06	-15.5756
55.1474	1022.83	-30.5674
55.1474	1033.59	-29.972
55.1474	1044.36	-29.4244
55.1474	1055.13	-16.137
55.1474	1065.89	-7.10231
55.1474	1076.66	-16.7764
55.1474	1087.43	-28.7776
55.1474	1098.19	-27.8868
55.1474	1108.96	-24.4266
55.1474	1119.73	-8.77662
55.1474	1130.49	-3.29736
55.1474	1141.26	-17.1054
55.1474	1152.03	-26.4072
55.1474	1162.79	-24.8192
55.1474	1173.56	-17.9448
55.1474	1184.33	-0.73463
55.1474	1195.09	0.677946
55.1474	1205.86	-14.281
55.1474	1216.63	-22.6172
55.1474	1227.39	-23.8623
55.1474	1238.16	-6.91827
55.1474	1248.93	8.32331
55.1474	1259.69	6.41155
55.1474	1270.46	-10.9146
55.1474	1281.23	-21.656
55.1474	1291.99	-24.7944
55.1474	1302.76	12.3777
55.1474	1313.53	23.0056
55.1474	1324.29	18.6149
55.1474	1335.06	-7.80309
55.1474	1345.83	-26.6266
55.1474	1356.59	-18.0478
55.1474	1367.36	25.4815
58.0499	0	32.8288
58.0499	10.7666	25.4153
58.0499	21.5332	-12.9169
58.0499	32.2998	-18.8688
58.0499	43.0664	-10.3101
58.0499	53.833	18.7594
58.0499	64.5996	22.9943
58.0499	75.3662	12.6159
58.0499	86.1328	-16.9424
58.0499	96.8994	-35.0885
58.0499	107.666	-11.934
58.0499	118.433	6.75169
58.0499	129.199	8.455
58.0499	139.966	-6.05964
58.0499	150.732	-41.2657
58.0499	161.499	-28.1
58.0499	172.266	-12.4384
58.0499	183.032	0.863652
58.0499	193.799	0.159171
58.0499	204.565	-20.5653
58.0499	215.332	-35.684
58.0499	226.099	-29.2815
58.0499	236.865	-12.7381
58.0499	247.632	-3.18711
58.0499	258.398	-6.2673
58.0499	269.165	-41.8454
58.0499	279.932	-35.2263
58.0499	290.698	-32.8066
58.0499	301.465	-12.9626
58.0499	312.231	-6.41787
58.0499	322.998	-11.9035
58.0499	333.765	-36.3728
58.0499	344.531	-37.6782
58.0499	355.298	-40.5166
58.0499	366.064	-13.1863
58.0499	376.831	-9.22223
58.0499	387.598	-17.2048
58.0499	398.364	-35.81
58.0499	409.131	-42.0024
58.0499	419.897	-39.094
58.0499	430.664	-13.4258
58.0499	441.431	-11.7813
58.0499	452.197	-22.4159
58.0499	462.964	-37.7914
58.0499	473.73	-47.8954
58.0499	484.497	-31.1848
58.0499	495.264	-13.6664
58.0499	506.03	-14.1861
58.0499	516.797	-27.698
58.0499	527.563	-40.5332
58.0499	538.33	-50.7455
58.0499	549.097	-26.7697
58.0499	559.863	-13.8774
58.0499	570.63	-16.4925
58.0499	581.396	-33.1763
58.0499	592.163	-43.1681
58.0499	602.93	-48.2125
58.0499	613.696	-23.6444
58.0499	624.463	-14.0232
58.0499	635.229	-18.7595
58.0499	645.996	-38.8723
58.0499	656.763	-44.8383
58.0499	667.529	-44.2647
58.0499	678.296	-21.0846
58.0499	689.062	-14.0754
58.0499	699.829	-21.0846
58.0499	710.596	-44.2647
58.0499	721.362	-44.8383
58.0499	732.129	-38.8723
58.0499	742.896	-18.7595
58.0499	753.662	-14.0232
58.0499	764.429	-23.6444
58.0499	775.195	-48.2125
58.0499	785.962	-43.1681
58.0499	796.729	-33.1763
58.0499	807.495	-16.4925
58.0499	818.262	-13.8774
58.0499	829.028	-26.7697
58.0499	839.795	-50.7455
58.0499	850.562	-40.5332
58.0499	861.328	-27.698
58.0499	872.095	-14.1861
58.0499	882.861	-13.6664
58.0499	893.628	-31.1848
58.0499	904.395	-47.8954
58.0499	915.161	-37.7914
58.0499	925.928	-22.4159
58.0499	936.694	-11.7813
58.0499	947.461	-13.4258
58.0499	958.228	-39.094
58.0499	968.994	-42.0024
58.0499	979.761	-35.81
58.0499	990.527	-17.2048
58.0499	1001.29	-9.22223
58.0499	1012.06	-13.1863
58.0499	1022.83	-40.5166
58.0499	1033.59	-37.6782
58.0499	1044.36	-36.3728
58.0499	1055.13	-11.9035
58.0499	1065.89	-6.41787
58.0499	1076.66	-12.9626
58.0499	1087.43	-32.8066
58.0499	1098.19	-35.2263
58.0499	1108.96	-41.8454
58.0499	1119.73	-6.2673
58.0499	1130.49	-3.18711
58.0499	1141.26	-12.7381
58.0499	1152.03	-29.2815
58.0499	1162.79	-35.684
58.0499	1173.56	-20.5653
58.0499	1184.33	0.159171
58.0499	1195.09	0.863652
58.0499	1205.86	-12.4384
58.0499	1216.63	-28.1
58.0499	1227.39	-41.2657
58.0499	1238.16	-6.05964
58.0499	1248.93	8.455
58.0499	1259.69	6.75169
58.0499	1270.46	-11.934
58.0499	1281.23	-35.0885
58.0499	1291.99	-16.9424
58.0499	1302.76	12.6159
58.0499	1313.53	22.9943
58.0499	1324.29	18.7594
58.0499	1335.06	-10.3101
58.0499	1345.83	-18.8688
58.0499	1356.59	-12.9169
58.0499	1367.36	25.4153
60.9524	0	32.8129
60.9524	10.7666	25.4907
60.9524	21.5332	-20.0857
60.9524	32.2998	-28.1985
60.9524	43.0664	-7.48305
60.9524	53.833	18.6121
60.9524	64.5996	23.0249
60.9524	75.3662	12.365
60.9524	86.1328	-26.4407
60.9524	96.8994	-21.2176
60.9524	107.666	-11.5407
60.9524	118.433	6.57764
60.9524	129.199	8.30705
60.9524	139.966	-6.41474
60.9524	150.732	-22.8848
60.9524	161.499	-23.484
60.9524	172.266	-16.085
60.9524	183.032	1.0441
60.9524	193.799	-0.85742
60.9524	204.565	-16.6495
60.9524	215.332	-25.4382
60.9524	226.099	-28.1753
60.9524	236.865	-16.4559
60.9524	247.632	-3.12359
60.9524	258.398	-8.3076
60.9524	269.165	-25.1183
60.9524	279.932	-29.577
60.9524	290.698	-30.6291
60.9524	301.465	-14.4387
60.9524	312.231	-7.33012
60.9524	322.998	-13.8311
60.9524	333.765	-31.0609
60.9524	344.531	-31.9305
60.9524	355.298	-34.6789
60.9524	366.064	-14.2345
60.9524	376.831	-11.3208
60.9524	387.598	-18.8261
60.9524	398.364	-32.3339
60.9524	409.131	-33.5545
60.9524	419.897	-31.6811
60.9524	430.664	-15.8232
60.9524	441.431	-14.09
60.9524	452.197	-25.7085
60.9524	462.964	-34.2535
60.9524	473.73	-33.7324
60.9524	484.497	-27.2305
60.9524	495.264	-17.9567
60.9524	506.03	-16.2727
60.9524	516.797	-36.8113
60.9524	527.563	-34.44
60.9524	538.33	-33.5741
60.9524	549.097	-26.9251
60.9524	559.863	-18.3693
60.9524	570.63	-19.2013
60.9524	581.396	-38.6572
60.9524	592.163	-34.0513
60.9524	602.93	-33.7453
60.9524	613.696	-29.9977
60.9524	624.463	-17.6258
60.9524	635.229	-23.4976
60.9524	645.996	-34.7967
60.9524	656.763	-33.8989
60.9524	667.529	-33.7344
60.9524	678.296	-29.3841
60.9524	689.062	-17.2841
60.9524	699.829	-29.3841
60.9524	710.596	-33.7344
60.9524	721.362	-33.8989
60.9524	732.129	-34.7967
60.9524	742.896	-23.4976
60.9524	753.662	-17.6258
60.9524	764.429	-29.9977
60.9524	775.195	-33.7453
60.9524	785.962	-34.0513
60.9524	796.729	-38.6572
60.9524	807.495	-19.2013
60.9524	818.262	-18.3693
60.9524	829.028	-26.9251
60.9524	839.795	-33.5741
60.9524	850.562	-34.44
60.9524	861.328	-36.8113
60.9524	872.095	-16.2727
60.9524	882.861	-17.9567
60.9524	893.628	-27.2305
60.9524	904.395	-33.7324
60.9524	915.161	-34.2535
60.9524	925.928	-25.7085
60.9524	936.694	-14.09
60.9524	947.461	-15.8232
60.9524	958.228	-31.6811
60.9524	968.994	-33.5545
60.9524	979.761	-32.3339
60.9524	990.527	-18.8261
60.9524	1001.29	-11.3208
60.9524	1012.06	-14.2345
60.9524	1022.83	-34.6789
60.9524	1033.59	-31.9305
60.9524	1044.36	-31.0609
60.9524	1055.13	-13.8311
60.9524	1065.89	-7.33012
60.9524	1076.66	-14.4387
60.9524	1087.43	-30.6291
60.9524	1098.19	-29.577
60.9524	1108.96	-25.1183
60.9524	1119.73	-8.3076
60.9524	1130.49	-3.12359
60.9524	1141.26	-16.4559
60.9524	1152.03	-28.1753
60.9524	1162.79	-25.4382
60.9524	1173.56	-16.6495
60.9524	1184.33	-0.85742
60.9524	1195.09	1.0441
60.9524	1205.86	-16.085
60.9524	1216.63	-23.484
60.9524	1227.39	-22.8848
60.9524	1238.16	-6.41474
60.9524	1248.93	8.30705
60.9524	1259.69	6.57764
60.9524	1270.46	-11.5407
60.9524	1281.23	-21.2176
60.9524	1291.99	-26.4407
60.9524	1302.76	12.365
60.9524	1313.53	23.0249
60.9524	1324.29	18.6121
60.9524	1335.06	-7.48305
60.9524	1345.83	-28.1985
60.9524	1356.59	-20.0857
60.9524	1367.36	25.4907
63.8549	0	32.8023
63.8549	10.7666	25.5343
63.8549	21.5332	-31.5723
63.8549	32.2998	-33.5893
63.8549	43.0664	-7.95526
63.8549	53.833	18.6199
63.8549	64.5996	22.992
63.8549	75.3662	12.3933
63.8549	86.1328	-22.5668
63.8549	96.8994	-27.1005
63.8549	107.666	-15.4984
63.8549	118.433	6.78017
63.8549	129.199	7.98095
63.8549	139.966	-5.59705
63.8549	150.732	-26.5168
63.8549	161.499	-32.5932
63.8549	172.266	-13.9518
63.8549	183.032	0.414383
63.8549	193.799	-0.66032
63.8549	204.565	-20.7887
63.8549	215.332	-39.52
63.8549	226.099	-36.4903
63.8549	236.865	-15.4245
63.8549	247.632	-3.8654
63.8549	258.398	-8.30013
63.8549	269.165	-30.4083
63.8549	279.932	-37.1854
63.8549	290.698	-38.2995
63.8549	301.465	-15.5981
63.8549	312.231	-7.93971
63.8549	322.998	-15.2034
63.8549	333.765	-39.9259
63.8549	344.531	-40.4811
63.8549	355.298	-42.0486
63.8549	366.064	-16.1295
63.8549	376.831	-12.0721
63.8549	387.598	-22.3247
63.8549	398.364	-40.8514
63.8549	409.131	-41.2609
63.8549	419.897	-33.7189
63.8549	430.664	-18.0582
63.8549	441.431	-15.9892
63.8549	452.197	-33.806
63.8549	462.964	-42.5275
63.8549	473.73	-42.4006
63.8549	484.497	-38.5128
63.8549	495.264	-18.9252
63.8549	506.03	-22.5616
63.8549	516.797	-37.8591
63.8549	527.563	-42.5231
63.8549	538.33	-42.6466
63.8549	549.097	-30.2911
63.8549	559.863	-23.3655
63.8549	570.63	-27.7635
63.8549	581.396	-41.8709
63.8549	592.163	-43.3894
63.8549	602.93	-43.2715
63.8549	613.696	-33.8299
63.8549	624.463	-26.8862
63.8549	635.229	-51.0884
63.8549	645.996	-44.3423
63.8549	656.763	-43.3405
63.8549	667.529	-43.0146
63.8549	678.296	-33.7692
63.8549	689.062	-44.0933
63.8549	699.829	-33.7692
63.8549	710.596	-43.0146
63.8549	721.362	-43.3405
63.8549	732.129	-44.3423
63.8549	742.896	-51.0884
63.8549	753.662	-26.8862
63.8549	764.429	-33.8299
63.8549	775.195	-43.2715
63.8549	785.962	-43.3894
63.8549	796.729	-41.8709
63.8549	807.495	-27.7635
63.8549	818.262	-23.3655
63.8549	829.028	-30.2911
63.8549	839.795	-42.6466
63.8549	850.562	-42.5231
63.8549	861.328	-37.8591
63.8549	872.095	-22.5616
63.8549	882.861	-18.9252
63.8549	893.628	-38.5128
63.8549	904.395	-42.4006
63.8549	915.161	-42.5275
63.8549	925.928	-33.806
63.8549	936.694	-15.9892
63.8549	947.461	-18.0582
63.8549	958.228	-33.7189
63.8549	968.994	-41.2609
63.8549	979.761	-40.8514
63.8549	990.527	-22.3247
63.8549	1001.29	-12.0721
63.8549	1012.06	-16.1295
63.8549	1022.83	-42.0486
63.8549	1033.59	-40.4811
63.8549	1044.36	-39.9259
63.8549	1055.13	-15.2034
63.8549	1065.89	-7.93971
63.8549	1076.66	-15.5981
63.8549	1087.43	-38.2995
63.8549	1098.19	-37.1854
63.8549	1108.96	-30.4083
63.8549	1119.73	-8.30013
63.8549	1130.49	-3.8654
63.8549	1141.26	-15.4245
63.8549	1152.03	-36.4903
63.8549	1162.79	-39.52
63.8549	1173.56	-20.7887
63.8549	1184.33	-0.66032
63.8549	1195.09	0.414383
63.8549	1205.86	-13.9518
63.8549	1216.63	-32.5932
63.8549	1227.39	-26.5168
63.8549	1238.16	-5.59705
63.8549	1248.93	7.98095
63.8549	1259.69	6.78017
63.8549	1270.46	-15.4984
63.8549	1281.23	-27.1005
63.8549	1291.99	-22.5668
63.8549	1302.76	12.3933
63.8549	1313.53	22.992
63.8549	1324.29	18.6199
63.8549	1335.06	-7.95526
63.8549	1345.83	-33.5893
63.8549	1356.59	-31.5723
63.8549	1367.36	25.5343
66.7574	0	32.794
66.7574	10.7666	25.5239
66.7574	21.5332	-30.7204
66.7574	32.2998	-32.4066
66.7574	43.0664	-7.84783
66.7574	53.833	18.6421
66.7574	64.5996	23.0218
66.7574	75.3662	12.4147
66.7574	86.1328	-22.8146
66.7574	96.8994	-26.2786
66.7574	107.666	-15.4116
66.7574	118.433	6.916
66.7574	129.199	8.12274
66.7574	139.966	-5.41823
66.7574	150.732	-25.9217
66.7574	161.499	-31.9105
66.7574	172.266	-13.7667
66.7574	183.032	0.755266
66.7574	193.799	-0.310901
66.7574	204.565	-20.0541
66.7574	215.332	-38.0142
66.7574	226.099	-34.9737
66.7574	236.865	-14.7061
66.7574	247.632	-3.29544
66.7574	258.398	-7.42592
66.7574	269.165	-30.6667
66.7574	279.932	-36.0717
66.7574	290.698	-37.1532
66.7574	301.465	-15.0074
66.7574	312.231	-6.70379
66.7574	322.998	-14.0571
66.7574	333.765	-36.5736
66.7574	344.531	-38.9741
66.7574	355.298	-43.5396
66.7574	366.064	-14.5188
66.7574	376.831	-10.293
66.7574	387.598	-19.2848
66.7574	398.364	-39.5306
66.7574	409.131	-40.2584
66.7574	419.897	-32.1928
66.7574	430.664	-15.8145
66.7574	441.431	-12.7671
66.7574	452.197	-28.2468
66.7574	462.964	-41.817
66.7574	473.73	-40.6327
66.7574	484.497	-34.6129
66.7574	495.264	-15.4694
66.7574	506.03	-16.3957
66.7574	516.797	-31.7317
66.7574	527.563	-40.7834
66.7574	538.33	-41.8606
66.7574	549.097	-28.3259
66.7574	559.863	-16.2812
66.7574	570.63	-19.1219
66.7574	581.396	-35.8135
66.7574	592.163	-42.3097
66.7574	602.93	-41.4486
66.7574	613.696	-25.5629
66.7574	624.463	-17.0318
66.7574	635.229	-20.9573
66.7574	645.996	-49.3806
66.7574	656.763	-41.8459
66.7574	667.529	-40.9788
66.7574	678.296	-25.1437
66.7574	689.062	-16.3987
66.7574	699.829	-25.1437
66.7574	710.596	-40.9788
66.7574	721.362	-41.8459
66.7574	732.129	-49.3806
66.7574	742.896	-20.9573
66.7574	753.662	-17.0318
66.7574	764.429	-25.5629
66.7574	775.195	-41.4486
66.7574	785.962	-42.3097
66.7574	796.729	-35.8135
66.7574	807.495	-19.1219
66.7574	818.262	-16.2812
66.7574	829.028	-28.3259
66.7574	839.795	-41.8606
66.7574	850.562	-40.7834
66.7574	861.328	-31.7317
66.7574	872.095	-16.3957
66.7574	882.861	-15.4694
66.7574	893.628	-34.6129
66.7574	904.395	-40.6327
66.7574	915.161	-41.817
66.7574	925.928	-28.2468
66.7574	936.694	-12.7671
66.7574	947.461	-15.8145
66.7574	958.228	-32.1928
66.7574	968.994	-40.2584
66.7574	979.761	-39.5306
66.7574	990.527	-19.2848
66.7574	1001.29	-10.293
66.7574	1012.06	-14.5188
66.7574	1022.83	-43.5396
66.7574	1033.59	-38.9741
66.7574	1044.36	-36.5736
66.7574	1055.13	-14.0571
66.7574	1065.89	-6.70379
66.7574	1076.66	-15.0074
66.7574	1087.43	-37.1532
66.7574	1098.19	-36.0717
66.7574	1108.96	-30.6667
66.7574	1119.73	-7.42592
66.7574	1130.49	-3.29544
66.7574	1141.26	-14.7061
66.7574	1152.03	-34.9737
66.7574	1162.79	-38.0142
66.7574	1173.56	-20.0541
66.7574	1184.33	-0.310901
66.7574	1195.09	0.755266
66.7574	1205.86	-13.7667
66.7574	1216.63	-31.9105
66.7574	1227.39	-25.9217
66.7574	1238.16	-5.41823
66.7574	1248.93	8.12274
66.7574	1259.69	6.916
66.7574	1270.46	-15.4116
66.7574	1281.23	-26.2786
66.7574	1291.99	-22.8146
66.7574	1302.76	12.4147
66.7574	1313.53	23.0218
66.7574	1324.29	18.6421
66.7574	1335.06	-7.84783
66.7574	1345.83	-32.4066
66.7574	1356.59	-30.7204
66.7574	1367.36	25.5239
69.6599	0	32.8078
69.6599	10.7666	25.478
69.6599	21.5332	-19.2308
69.6599	32.2998	-27.7409
69.6599	43.0664	-7.57965
69.6599	53.833	18.6388
69.6599	64.5996	23.0448
69.6599	75.3662	12.398
69.6599	86.1328	-25.869
69.6599	96.8994	-21.2843
69.6599	107.666	-11.0994
69.6599	118.433	6.64008
69.6599	129.199	8.45306
69.6599	139.966	-6.40475
69.6599	150.732	-23.1016
69.6599	161.499	-23.0166
69.6599	172.266	-14.952
69.6599	183.032	1.21823
69.6599	193.799	-0.479135
69.6599	204.565	-16.4791
69.6599	215.332	-25.0372
69.6599	226.099	-27.6302
69.6599	236.865	-16.3871
69.6599	247.632	-2.59954
69.6599	258.398	-7.79616
69.6599	269.165	-24.395
69.6599	279.932	-28.9727
69.6599	290.698	-29.702
69.6599	301.465	-14.4495
69.6599	312.231	-6.3146
69.6599	322.998	-13.1236
69.6599	333.765	-31.3707
69.6599	344.531	-31.1205
69.6599	355.298	-32.8146
69.6599	366.064	-13.3417
69.6599	376.831	-9.99062
69.6599	387.598	-17.3505
69.6599	398.364	-31.5041
69.6599	409.131	-32.9075
69.6599	419.897	-37.8763
69.6599	430.664	-13.8389
69.6599	441.431	-12.5679
69.6599	452.197	-23.4724
69.6599	462.964	-33.4157
69.6599	473.73	-33.8584
69.6599	484.497	-27.7297
69.6599	495.264	-15.3206
69.6599	506.03	-14.1179
69.6599	516.797	-38.1684
69.6599	527.563	-34.524
69.6599	538.33	-33.1141
69.6599	549.097	-24.1591
69.6599	559.863	-15.8722
69.6599	570.63	-16.3601
69.6599	581.396	-34.6346
69.6599	592.163	-33.6582
69.6599	602.93	-33.7861
69.6599	613.696	-24.2421
69.6599	624.463	-14.8628
69.6599	635.229	-20.3972
69.6599	645.996	-32.067
69.6599	656.763	-33.8452
69.6599	667.529	-33.9462
69.6599	678.296	-24.7646
69.6599	689.062	-14.2591
69.6599	699.829	-24.7646
69.6599	710.596	-33.9462
69.6599	721.362	-33.8452
69.6599	732.129	-32.067
69.6599	742.896	-20.3972
69.6599	753.662	-14.8628
69.6599	764.429	-24.2421
69.6599	775.195	-33.7861
69.6599	785.962	-33.6582
69.6599	796.729	-34.6346
69.6599	807.495	-16.3601
69.6599	818.262	-15.8722
69.6599	829.028	-24.1591
69.6599	839.795	-33.1141
69.6599	850.562	-34.524
69.6599	861.328	-38.1684
69.6599	872.095	-14.1179
69.6599	882.861	-15.3206
69.6599	893.628	-27.7297
69.6599	904.395	-33.8584
69.6599	915.161	-33.4157
69.6599	925.928	-23.4724
69.6599	936.694	-12.5679
69.6599	947.461	-13.8389
69.6599	958.228	-37.8763
69.6599	968.994	-32.9075
69.6599	979.761	-31.5041
69.6599	990.527	-17.3505
69.6599	1001.29	-9.99062
69.6599	1012.06	-13.3417
69.6599	1022.83	-32.8146
69.6599	1033.59	-31.1205
69.6599	1044.36	-31.3707
69.6599	1055.13	-13.1236
69.6599	1065.89	-6.3146
69.6599	1076.66	-14.4495
69.6599	1087.43	-29.702
69.6599	1098.19	-28.9727
69.6599	1108.96	-24.395
69.6599	1119.73	-7.79616
69.6599	1130.49	-2.59954
69.6599	1141.26	-16.3871
69.6599	1152.03	-27.6302
69.6599	1162.79	-25.0372
69.6599	1173.56	-16.4791
69.6599	1184.33	-0.479135
69.6599	1195.09	1.21823
69.6599	1205.86	-14.952
69.6599	1216.63	-23.0166
69.6599	1227.39	-23.1016
69.6599	1238.16	-6.40475
69.6599	1248.93	8.45306
69.6599	1259.69	6.64008
69.6599	1270.46	-11.0994
69.6599	1281.23	-21.2843
69.6599	1291.99	-25.869
69.6599	1302.76	12.398
69.6599	1313.53	23.0448
69.6599	1324.29	18.6388
69.6599	1335.06	-7.57965
69.6599	1345.83	-27.7409
69.6599	1356.59	-19.2308
69.6599	1367.36	25.478
72.5624	0	32.845
72.5624	10.7666	25.4333
72.5624	21.5332	-12.8511
72.5624	32.2998	-18.5774
72.5624	43.0664	-10.4729
72.5624	53.833	18.7106
72.5624	64.5996	22.9442
72.5624	75.3662	12.5568
72.5624	86.1328	-16.9808
72.5624	96.8994	-39.8065
72.5624	107.666	-12.3023
72.5624	118.433	6.51269
72.5624	129.199	8.19253
72.5624	139.966	-6.41425
72.5624	150.732	-47.9698
72.5624	161.499	-29.3006
72.5624	172.266	-13.0914
72.5624	183.032	0.297697
72.5624	193.799	-0.500856
72.5624	204.565	-21.7603
72.5624	215.332	-35.5018
72.5624	226.099	-30.572
72.5624	236.865	-13.7948
72.5624	247.632	-4.25321
72.5624	258.398	-7.58792
72.5624	269.165	-59.796
72.5624	279.932	-35.0917
72.5624	290.698	-34.5482
72.5624	301.465	-14.5835
72.5624	312.231	-8.22356
72.5624	322.998	-14.2867
72.5624	333.765	-37.1498
72.5624	344.531	-37.8885
72.5624	355.298	-44.6869
72.5624	366.064	-15.6035
72.5624	376.831	-12.1133
72.5624	387.598	-21.3038
72.5624	398.364	-38.8199
72.5624	409.131	-43.05
72.5624	419.897	-42.8804
72.5624	430.664	-16.9798
72.5624	441.431	-16.2698
72.5624	452.197	-29.3613
72.5624	462.964	-44.1612
72.5624	473.73	-51.6025
72.5624	484.497	-34.9168
72.5624	495.264	-18.8588
72.5624	506.03	-21.035
72.5624	516.797	-39.3429
72.5624	527.563	-52.6861
72.5624	538.33	-64.6592
72.5624	549.097	-32.0107
72.5624	559.863	-21.4312
72.5624	570.63	-26.6917
72.5624	581.396	-47.132
72.5624	592.163	-61.5339
72.5624	602.93	-73.3369
72.5624	613.696	-31.2896
72.5624	624.463	-24.7458
72.5624	635.229	-31.8222
72.5624	645.996	-48.9285
72.5624	656.763	-66.0927
72.5624	667.529	-55.0179
72.5624	678.296	-32.1084
72.5624	689.062	-26.9675
72.5624	699.829	-32.1084
72.5624	710.596	-55.0179
72.5624	721.362	-66.0927
72.5624	732.129	-48.9285
72.5624	742.896	-31.8222
72.5624	753.662	-24.7458
72.5624	764.429	-31.2896
72.5624	775.195	-73.3369
72.5624	785.962	-61.5339
72.5624	796.729	-47.132
72.5624	807.495	-26.6917
72.5624	818.262	-21.4312
72.5624	829.028	-32.0107
72.5624	839.795	-64.6592
72.5624	850.562	-52.6861
72.5624	861.328	-39.3429
72.5624	872.095	-21.035
72.5624	882.861	-18.8588
72.5624	893.628	-34.9168
72.5624	904.395	-51.6025
72.5624	915.161	-44.1612
72.5624	925.928	-29.3613
72.5624	936.694	-16.2698
72.5624	947.461	-16.9798
72.5624	958.228	-42.8804
72.5624	968.994	-43.05
72.5624	979.761	-38.8199
72.5624	990.527	-21.3038
72.5624	1001.29	-12.1133
72.5624	1012.06	-15.6035
72.5624	1022.83	-44.6869
72.5624	1033.59	-37.8885
72.5624	1044.36	-37.1498
72.5624	1055.13	-14.2867
72.5624	1065.89	-8.22356
72.5624	1076.66	-14.5835
72.5624	1087.43	-34.5482
72.5624	1098.19	-35.0917
72.5624	1108.96	-59.796
72.5624	1119.73	-7.58792
72.5624	1130.49	-4.25321
72.5624	1141.26	-13.7948
72.5624	1152.03	-30.572
72.5624	1162.79	-35.5018
72.5624	1173.56	-21.7603
72.5624	1184.33	-0.500856
72.5624	1195.09	0.297697
72.5624	1205.86	-13.0914
72.5624	1216.63	-29.3006
72.5624	1227.39	-47.9698
72.5624	1238.16	-6.41425
72.5624	1248.93	8.19253
72.5624	1259.69	6.51269
72.5624	1270.46	-12.3023
72.5624	1281.23	-39.8065
72.5624	1291.99	-16.9808
72.5624	1302.76	12.5568
72.5624	1313.53	22.9442
72.5624	1324.29	18.7106
72.5624	1335.06	-10.4729
72.5624	1345.83	-18.5774
72.5624	1356.59	-12.8511
72.5624	1367.36	25.4333
75.4649	0	32.8193
75.4649	10.7666	25.4855
75.4649	21.5332	-18.7755
75.4649	32.2998	-27.3485
75.4649	43.0664	-7.66932
75.4649	53.833	18.6118
75.4649	64.5996	23.012
75.4649	75.3662	12.3702
75.4649	86.1328	-25.5427
75.4649	96.8994	-21.4181
75.4649	107.666	-11.0809
75.4649	118.433	6.46475
75.4649	129.199	8.31053
75.4649	139.966	-6.71053
75.4649	150.732	-23.3737
75.4649	161.499	-22.8783
75.4649	172.266	-14.9072
75.4649	183.032	0.821346
75.4649	193.799	-0.832194
75.4649	204.565	-17.1386
75.4649	215.332	-24.9707
75.4649	226.099	-27.163
75.4649	236.865	-17.1909
75.4649	247.632	-3.21717
75.4649	258.398	-8.73486
75.4649	269.165	-24.547
75.4649	279.932	-28.5647
75.4649	290.698	-29.3482
75.4649	301.465	-15.7758
75.4649	312.231	-7.28722
75.4649	322.998	-14.963
75.4649	333.765	-30.6211
75.4649	344.531	-30.6797
75.4649	355.298	-31.9227
75.4649	366.064	-14.7382
75.4649	376.831	-11.8581
75.4649	387.598	-19.4367
75.4649	398.364	-31.1915
75.4649	409.131	-32.3531
75.4649	419.897	-39.0028
75.4649	430.664	-15.5186
75.4649	441.431	-15.8935
75.4649	452.197	-25.4566
75.4649	462.964	-32.8055
75.4649	473.73	-33.5793
75.4649	484.497	-29.9282
75.4649	495.264	-18.1724
75.4649	506.03	-18.1329
75.4649	516.797	-37.9687
75.4649	527.563	-34.0723
75.4649	538.33	-33.3294
75.4649	549.097	-26.0125
75.4649	559.863	-21.1417
75.4649	570.63	-20.7826
75.4649	581.396	-34.367
75.4649	592.163	-33.7592
75.4649	602.93	-33.8918
75.4649	613.696	-26.7401
75.4649	624.463	-20.564
75.4649	635.229	-26.686
75.4649	645.996	-32.5516
75.4649	656.763	-33.9768
75.4649	667.529	-34.075
75.4649	678.296	-32.5396
75.4649	689.062	-19.6155
75.4649	699.829	-32.5396
75.4649	710.596	-34.075
75.4649	721.362	-33.9768
75.4649	732.129	-32.5516
75.4649	742.896	-26.686
75.4649	753.662	-20.564
75.4649	764.429	-26.7401
75.4649	775.195	-33.8918
75.4649	785.962	-33.7592
75.4649	796.729	-34.367
75.4649	807.495	-20.7826
75.4649	818.262	-21.1417
75.4649	829.028	-26.0125
75.4649	839.795	-33.3294
75.4649	850.562	-34.0723
75.4649	861.328	-37.9687
75.4649	872.095	-18.1329
75.4649	882.861	-18.1724
75.4649	893.628	-29.9282
75.4649	904.395	-33.5793
75.4649	915.161	-32.8055
75.4649	925.928	-25.4566
75.4649	936.694	-15.8935
75.4649	947.461	-15.5186
75.4649	958.228	-39.0028
75.4649	968.994	-32.3531
75.4649	979.761	-31.1915
75.4649	990.527	-19.4367
75.4649	1001.29	-11.8581
75.4649	1012.06	-14.7382
75.4649	1022.83	-31.9227
75.4649	1033.59	-30.6797
75.4649	1044.36	-30.6211
75.4649	1055.13	-14.963
75.4649	1065.89	-7.28722
75.4649	1076.66	-15.7758
75.4649	1087.43	-29.3482
75.4649	1098.19	-28.5647
75.4649	1108.96	-24.547
75.4649	1119.73	-8.73486
75.4649	1130.49	-3.21717
75.4649	1141.26	-17.1909
75.4649	1152.03	-27.163
75.4649	1162.79	-24.9707
75.4649	1173.56	-17.1386
75.4649	1184.33	-0.832194
75.4649	1195.09	0.821346
75.4649	1205.86	-14.9072
75.4649	1216.63	-22.8783
75.4649	1227.39	-23.3737
75.4649	1238.16	-6.71053
75.4649	1248.93	8.31053
75.4649	1259.69	6.46475
75.4649	1270.46	-11.0809
75.4649	1281.23	-21.4181
75.4649	1291.99	-25.5427
75.4649	1302.76	12.3702
75.4649	1313.53	23.012
75.4649	1324.29	18.6118
75.4649	1335.06	-7.66932
75.4649	1345.83	-27.3485
75.4649	1356.59	-18.7755
75.4649	1367.36	25.4855
78.3673	0	32.7855
78.3673	10.7666	25.51
78.3673	21.5332	-32.1392
78.3673	32.2998	-33.116
78.3673	43.0664	-7.60975
78.3673	53.833	18.6724
78.3673	64.5996	23.0504
78.3673	75.3662	12.4597
78.3673	86.1328	-23.68
78.3673	96.8994	-25.751
78.3673	107.666	-14.7711
78.3673	118.433	7.05949
78.3673	129.199	8.2682
78.3673	139.966	-5.09038
78.3673	150.732	-26.3069
78.3673	161.499	-30.8835
78.3673	172.266	-13.2494
78.3673	183.032	1.08726
78.3673	193.799	0.0498918
78.3673	204.565	-18.8157
78.3673	215.332	-34.8872
78.3673	226.099	-36.2247
78.3673	236.865	-13.6612
78.3673	247.632	-2.77755
78.3673	258.398	-6.61867
78.3673	269.165	-27.6937
78.3673	279.932	-37.7269
78.3673	290.698	-33.229
78.3673	301.465	-14.0683
78.3673	312.231	-5.78268
78.3673	322.998	-12.699
78.3673	333.765	-34.1578
78.3673	344.531	-36.7113
78.3673	355.298	-50.2283
78.3673	366.064	-13.1508
78.3673	376.831	-8.96948
78.3673	387.598	-17.0867
78.3673	398.364	-41.0595
78.3673	409.131	-39.3471
78.3673	419.897	-29.4516
78.3673	430.664	-14.0164
78.3673	441.431	-10.9566
78.3673	452.197	-24.1518
78.3673	462.964	-37.3325
78.3673	473.73	-41.2538
78.3673	484.497	-28.7849
78.3673	495.264	-13.5101
78.3673	506.03	-13.8186
78.3673	516.797	-26.7045
78.3673	527.563	-45.0229
78.3673	538.33	-37.7722
78.3673	549.097	-25.7605
78.3673	559.863	-13.6728
78.3673	570.63	-16.0224
78.3673	581.396	-32.2875
78.3673	592.163	-38.6965
78.3673	602.93	-49.6479
78.3673	613.696	-21.9464
78.3673	624.463	-14.1269
78.3673	635.229	-17.7351
78.3673	645.996	-38.5347
78.3673	656.763	-41.6277
78.3673	667.529	-35.8843
78.3673	678.296	-21.2454
78.3673	689.062	-13.5055
78.3673	699.829	-21.2454
78.3673	710.596	-35.8843
78.3673	721.362	-41.6277
78.3673	732.129	-38.5347
78.3673	742.896	-17.7351
78.3673	753.662	-14.1269
78.3673	764.429	-21.9464
78.3673	775.195	-49.6479
78.3673	785.962	-38.6965
78.3673	796.729	-32.2875
78.3673	807.495	-16.0224
78.3673	818.262	-13.6728
78.3673	829.028	-25.7605
78.3673	839.795	-37.7722
78.3673	850.562	-45.0229
78.3673	861.328	-26.7045
78.3673	872.095	-13.8186
78.3673	882.861	-13.5101
78.3673	893.628	-28.7849
78.3673	904.395	-41.2538
78.3673	915.161	-37.3325
78.3673	925.928	-24.1518
78.3673	936.694	-10.9566
78.3673	947.461	-14.0164
78.3673	958.228	-29.4516
78.3673	968.994	-39.3471
78.3673	979.761	-41.0595
78.3673	990.527	-17.0867
78.3673	1001.29	-8.96948
78.3673	1012.06	-13.1508
78.3673	1022.83	-50.2283
78.3673	1033.59	-36.7113
78.3673	1044.36	-34.1578
78.3673	1055.13	-12.699
78.3673	1065.89	-5.78268
78.3673	1076.66	-14.0683
78.3673	1087.43	-33.229
78.3673	1098.19	-37.7269
78.3673	1108.96	-27.6937
78.3673	1119.73	-6.61867
78.3673	1130.49	-2.77755
78.3673	1141.26	-13.6612
78.3673	1152.03	-36.2247
78.3673	1162.79	-34.8872
78.3673	1173.56	-18.8157
78.3673	1184.33	0.0498918
78.3673	1195.09	1.08726
78.3673	1205.86	-13.2494
78.3673	1216.63	-30.8835
78.3673	1227.39	-26.3069
78.3673	1238.16	-5.09038
78.3673	1248.93	8.2682
78.3673	1259.69	7.05949
78.3673	1270.46	-14.7711
78.3673	1281.23	-25.751
78.3673	1291.99	-23.68
78.3673	1302.76	12.4597
78.3673	1313.53	23.0504
78.3673	1324.29	18.6724
78.3673	1335.06	-7.60975
78.3673	1345.83	-33.116
78.3673	1356.59	-32.1392
78.3673	1367.36	25.51
81.2698	0	32.7974
81.2698	10.7666	25.5306
81.2698	21.5332	-32.1008
81.2698	32.2998	-34.3535
81.2698	43.0664	-7.98826
81.2698	53.833	18.6352
81.2698	64.5996	23.0049
81.2698	75.3662	12.4117
81.2698	86.1328	-22.4298
81.2698	96.8994	-27.5756
81.2698	107.666	-15.3727
81.2698	118.433	6.84169
81.2698	129.199	8.0604
81.2698	139.966	-5.53957
81.2698	150.732	-26.8279
81.2698	161.499	-32.9969
81.2698	172.266	-13.8112
81.2698	183.032	0.58056
81.2698	193.799	-0.468135
81.2698	204.565	-20.553
81.2698	215.332	-40.5251
81.2698	226.099	-37.4648
81.2698	236.865	-15.2245
81.2698	247.632	-3.51824
81.2698	258.398	-7.92476
81.2698	269.165	-29.7089
81.2698	279.932	-37.8624
81.2698	290.698	-39.0226
81.2698	301.465	-15.0097
81.2698	312.231	-7.39511
81.2698	322.998	-14.2678
81.2698	333.765	-42.5993
81.2698	344.531	-41.4858
81.2698	355.298	-41.2927
81.2698	366.064	-15.5258
81.2698	376.831	-10.8787
81.2698	387.598	-21.2036
81.2698	398.364	-41.7065
81.2698	409.131	-41.8889
81.2698	419.897	-34.0253
81.2698	430.664	-16.492
81.2698	441.431	-14.2886
81.2698	452.197	-28.4389
81.2698	462.964	-42.9679
81.2698	473.73	-43.6109
81.2698	484.497	-35.5593
81.2698	495.264	-16.9073
81.2698	506.03	-18.3553
81.2698	516.797	-34.1793
81.2698	527.563	-43.6815
81.2698	538.33	-43.1324
81.2698	549.097	-28.5809
81.2698	559.863	-18.7774
81.2698	570.63	-21.054
81.2698	581.396	-41.334
81.2698	592.163	-44.078
81.2698	602.93	-44.527
81.2698	613.696	-29.7417
81.2698	624.463	-18.8862
81.2698	635.229	-25.307
81.2698	645.996	-42.1595
81.2698	656.763	-44.3279
81.2698	667.529	-44.4282
81.2698	678.296	-25.586
81.2698	689.062	-20.3248
81.2698	699.829	-25.586
81.2698	710.596	-44.4282
81.2698	721.362	-44.3279
81.2698	732.129	-42.1595
81.2698	742.896	-25.307
81.2698	753.662	-18.8862
81.2698	764.429	-29.7417
81.2698	775.195	-44.527
81.2698	785.962	-44.078
81.2698	796.729	-41.334
81.2698	807.495	-21.054
81.2698	818.262	-18.7774
81.2698	829.028	-28.5809
81.2698	839.795	-43.1324
81.2698	850.562	-43.6815
81.2698	861.328	-34.1793
81.2698	872.095	-18.3553
81.2698	882.861	-16.9073
81.2698	893.628	-35.5593
81.2698	904.395	-43.6109
81.2698	915.161	-42.9679
81.2698	925.928	-28.4389
81.2698	936.694	-14.2886
81.2698	947.461	-16.492
81.2698	958.228	-34.0253
81.2698	968.994	-41.8889
81.2698	979.761	-41.7065
81.2698	990.527	-21.2036
81.2698	1001.29	-10.8787
81.2698	1012.06	-15.5258
81.2698	1022.83	-41.2927
81.2698	1033.59	-41.4858
81.2698	1044.36	-42.5993
81.2698	1055.13	-14.2678
81.2698	1065.89	-7.39511
81.2698	1076.66	-15.0097
81.2698	1087.43	-39.0226
81.2698	1098.19	-37.8624
81.2698	1108.96	-29.7089
81.2698	1119.73	-7.92476
81.2698	1130.49	-3.51824
81.2698	1141.26	-15.2245
81.2698	1152.03	-37.4648
81.2698	1162.79	-40.5251
81.2698	1173.56	-20.553
81.2698	1184.33	-0.468135
81.2698	1195.09	0.58056
81.2698	1205.86	-13.8112
81.2698	1216.63	-32.9969
81.2698	1227.39	-26.8279
81.2698	1238.16	-5.53957
81.2698	1248.93	8.0604
81.2698	1259.69	6.84169
81.2698	1270.46	-15.3727
81.2698	1281.23	-27.5756
81.2698	1291.99	-22.4298
81.2698	1302.76	12.4117
81.2698	1313.53	23.0049
81.2698	1324.29	18.6352
81.2698	1335.06	-7.98826
81.2698	1345.83	-34.3535
81.2698	1356.59	-32.1008
81.2698	1367.36	25.5306
84.1723	0	32.8176
84.1723	10.7666	25.4988
84.1723	21.5332	-20.5176
84.1723	32.2998	-28.3817
84.1723	43.0664	-7.46316
84.1723	53.833	18.594
84.1723	64.5996	23.0083
84.1723	75.3662	12.3442
84.1723	86.1328	-26.5468
84.1723	96.8994	-21.259
84.1723	107.666	-11.7817
84.1723	118.433	6.52055
84.1723	129.199	8.19379
84.1723	139.966	-6.39849
84.1723	150.732	-22.8282
84.1723	161.499	-23.8258
84.1723	172.266	-16.6093
84.1723	183.032	0.874449
84.1723	193.799	-1.14959
84.1723	204.565	-16.7011
84.1723	215.332	-25.7819
84.1723	226.099	-28.5789
84.1723	236.865	-16.4503
84.1723	247.632	-3.59171
84.1723	258.398	-8.68565
84.1723	269.165	-26.1093
84.1723	279.932	-30.0896
84.1723	290.698	-30.8519
84.1723	301.465	-14.6578
84.1723	312.231	-8.2598
84.1723	322.998	-14.3624
84.1723	333.765	-31.7373
84.1723	344.531	-32.2058
84.1723	355.298	-34.5428
84.1723	366.064	-15.1986
84.1723	376.831	-12.6049
84.1723	387.598	-20.478
84.1723	398.364	-32.6265
84.1723	409.131	-33.5441
84.1723	419.897	-30.8202
84.1723	430.664	-17.9708
84.1723	441.431	-15.7778
84.1723	452.197	-30.9258
84.1723	462.964	-34.3928
84.1723	473.73	-33.5914
84.1723	484.497	-27.9665
84.1723	495.264	-21.1158
84.1723	506.03	-19.5925
84.1723	516.797	-37.4784
84.1723	527.563	-34.2165
84.1723	538.33	-33.9316
84.1723	549.097	-30.3327
84.1723	559.863	-22.0162
84.1723	570.63	-26.435
84.1723	581.396	-35.3648
84.1723	592.163	-34.2976
84.1723	602.93	-34.1639
84.1723	613.696	-43.0791
84.1723	624.463	-23.8721
84.1723	635.229	-33.3703
84.1723	645.996	-35.6401
84.1723	656.763	-34.3434
84.1723	667.529	-34.1985
84.1723	678.296	-34.9842
84.1723	689.062	-26.6073
84.1723	699.829	-34.9842
84.1723	710.596	-34.1985
84.1723	721.362	-34.3434
84.1723	732.129	-35.6401
84.1723	742.896	-33.3703
84.1723	753.662	-23.8721
84.1723	764.429	-43.0791
84.1723	775.195	-34.1639
84.1723	785.962	-34.2976
84.1723	796.729	-35.3648
84.1723	807.495	-26.435
84.1723	818.262	-22.0162
84.1723	829.028	-30.3327
84.1723	839.795	-33.9316
84.1723	850.562	-34.2165
84.1723	861.328	-37.4784
84.1723	872.095	-19.5925
84.1723	882.861	-21.1158
84.1723	893.628	-27.9665
84.1723	904.395	-33.5914
84.1723	915.161	-34.3928
84.1723	925.928	-30.9258
84.1723	936.694	-15.7778
84.1723	947.461	-17.9708
84.1723	958.228	-30.8202
84.1723	968.994	-33.5441
84.1723	979.761	-32.6265
84.1723	990.527	-20.478
84.1723	1001.29	-12.6049
84.1723	1012.06	-15.1986
84.1723	1022.83	-34.5428
84.1723	1033.59	-32.2058
84.1723	1044.36	-31.7373
84.1723	1055.13	-14.3624
84.1723	1065.89	-8.2598
84.1723	1076.66	-14.6578
84.1723	1087.43	-30.8519
84.1723	1098.19	-30.0896
84.1723	1108.96	-26.1093
84.1723	1119.73	-8.68565
84.1723	1130.49	-3.59171
84.1723	1141.26	-16.4503
84.1723	1152.03	-28.5789
84.1723	1162.79	-25.7819
84.1723	1173.56	-16.7011
84.1723	1184.33	-1.14959
84.1723	1195.09	0.874449
84.1723	1205.86	-16.6093
84.1723	1216.63	-23.8258
84.1723	1227.39	-22.8282
84.1723	1238.16	-6.39849
84.1723	1248.93	8.19379
84.1723	1259.69	6.52055
84.1723	1270.46	-11.7817
84.1723	1281.23	-21.259
84.1723	1291.99	-26.5468
84.1723	1302.76	12.3442
84.1723	1313.53	23.0083
84.1723	1324.29	18.594
84.1723	1335.06	-7.46316
84.1723	1345.83	-28.3817
84.1723	1356.59	-20.5176
84.1723	1367.36	25.4988
87.0748	0	32.8344
87.0748	10.7666	25.4245
87.0748	21.5332	-12.9601
87.0748	32.2998	-18.7328
87.0748	43.0664	-10.2978
87.0748	53.833	18.7359
87.0748	64.5996	22.9772
87.0748	75.3662	12.5823
87.0748	86.1328	-17.1224
87.0748	96.8994	-34.3849
87.0748	107.666	-12.019
87.0748	118.433	6.64413
87.0748	129.199	8.36598
87.0748	139.966	-6.29274
87.0748	150.732	-42.2927
87.0748	161.499	-28.0427
87.0748	172.266	-12.6458
87.0748	183.032	0.625659
87.0748	193.799	-0.061897
87.0748	204.565	-21.5169
87.0748	215.332	-33.2445
87.0748	226.099	-29.0184
87.0748	236.865	-13.086
87.0748	247.632	-3.60775
87.0748	258.398	-6.69723
87.0748	269.165	-43.7222
87.0748	279.932	-32.7364
87.0748	290.698	-32.0286
87.0748	301.465	-13.4781
87.0748	312.231	-7.08387
87.0748	322.998	-12.6357
87.0748	333.765	-34.4786
87.0748	344.531	-34.5305
87.0748	355.298	-38.1078
87.0748	366.064	-13.9056
87.0748	376.831	-10.205
87.0748	387.598	-18.3342
87.0748	398.364	-34.9769
87.0748	409.131	-37.5282
87.0748	419.897	-43.3259
87.0748	430.664	-14.3889
87.0748	441.431	-13.1489
87.0748	452.197	-23.9922
87.0748	462.964	-37.6229
87.0748	473.73	-41.3085
87.0748	484.497	-34.2514
87.0748	495.264	-14.9032
87.0748	506.03	-15.9761
87.0748	516.797	-29.6437
87.0748	527.563	-40.9803
87.0748	538.33	-45.359
87.0748	549.097	-29.4158
87.0748	559.863	-15.3836
87.0748	570.63	-18.6752
87.0748	581.396	-35.2643
87.0748	592.163	-44.3142
87.0748	602.93	-48.561
87.0748	613.696	-26.2323
87.0748	624.463	-15.7354
87.0748	635.229	-21.2196
87.0748	645.996	-40.9951
87.0748	656.763	-46.7668
87.0748	667.529	-46.7109
87.0748	678.296	-23.662
87.0748	689.062	-15.8659
87.0748	699.829	-23.662
87.0748	710.596	-46.7109
87.0748	721.362	-46.7668
87.0748	732.129	-40.9951
87.0748	742.896	-21.2196
87.0748	753.662	-15.7354
87.0748	764.429	-26.2323
87.0748	775.195	-48.561
87.0748	785.962	-44.3142
87.0748	796.729	-35.2643
87.0748	807.495	-18.6752
87.0748	818.262	-15.3836
87.0748	829.028	-29.4158
87.0748	839.795	-45.359
87.0748	850.562	-40.9803
87.0748	861.328	-29.6437
87.0748	872.095	-15.9761
87.0748	882.861	-14.9032
87.0748	893.628	-34.2514
87.0748	904.395	-41.3085
87.0748	915.161	-37.6229
87.0748	925.928	-23.9922
87.0748	936.694	-13.1489
87.0748	947.461	-14.3889
87.0748	958.228	-43.3259
87.0748	968.994	-37.5282
87.0748	979.761	-34.9769
87.0748	990.527	-18.3342
87.0748	1001.29	-10.205
87.0748	1012.06	-13.9056
87.0748	1022.83	-38.1078
87.0748	1033.59	-34.5305
87.0748	1044.36	-34.4786
87.0748	1055.13	-12.6357
87.0748	1065.89	-7.08387
87.0748	1076.66	-13.4781
87.0748	1087.43	-32.0286
87.0748	1098.19	-32.7364
87.0748	1108.96	-43.7222
87.0748	1119.73	-6.69723
87.0748	1130.49	-3.60775
87.0748	1141.26	-13.086
87.0748	1152.03	-29.0184
87.0748	1162.79	-33.2445
87.0748	1173.56	-21.5169
87.0748	1184.33	-0.061897
87.0748	1195.09	0.625659
87.0748	1205.86	-12.6458
87.0748	1216.63	-28.0427
87.0748	1227.39	-42.2927
87.0748	1238.16	-6.29274
87.0748	1248.93	8.36598
87.0748	1259.69	6.64413
87.0748	1270.46	-12.019
87.0748	1281.23	-34.3849
87.0748	1291.99	-17.1224
87.0748	1302.76	12.5823
87.0748	1313.53	22.9772
87.0748	1324.29	18.7359
87.0748	1335.06	-10.2978
87.0748	1345.83	-18.7328
87.0748	1356.59	-12.9601
87.0748	1367.36	25.4245
89.9773	0	32.8145
89.9773	10.7666	25.4696
89.9773	21.5332	-17.6668
89.9773	32.2998	-26.2073
89.9773	43.0664	-7.86491
89.9773	53.833	18.6453
89.9773	64.5996	23.0313
89.9773	75.3662	12.4141
89.9773	86.1328	-24.3043
89.9773	96.8994	-21.7934
89.9773	107.666	-10.7497
89.9773	118.433	6.53004
89.9773	129.199	8.47946
89.9773	139.966	-6.82939
89.9773	150.732	-24.1465
89.9773	161.499	-22.4596
89.9773	172.266	-13.6964
89.9773	183.032	0.933653
89.9773	193.799	-0.288736
89.9773	204.565	-18.0996
89.9773	215.332	-24.7146
89.9773	226.099	-26.0077
89.9773	236.865	-16.2363
89.9773	247.632	-2.74956
89.9773	258.398	-7.8684
89.9773	269.165	-24.1497
89.9773	279.932	-27.5205
89.9773	290.698	-28.4769
89.9773	301.465	-16.1527
89.9773	312.231	-6.00296
89.9773	322.998	-14.8747
89.9773	333.765	-28.8017
89.9773	344.531	-29.6002
89.9773	355.298	-29.887
89.9773	366.064	-14.7207
89.9773	376.831	-9.45976
89.9773	387.598	-19.9936
89.9773	398.364	-30.4087
89.9773	409.131	-31.0192
89.9773	419.897	-35.4477
89.9773	430.664	-13.9458
89.9773	441.431	-13.2029
89.9773	452.197	-23.2427
89.9773	462.964	-31.344
89.9773	473.73	-32.765
89.9773	484.497	-39.9704
89.9773	495.264	-14.1483
89.9773	506.03	-16.6336
89.9773	516.797	-26.5619
89.9773	527.563	-32.8639
89.9773	538.33	-33.9481
89.9773	549.097	-27.7295
89.9773	559.863	-15.1302
89.9773	570.63	-18.7494
89.9773	581.396	-30.417
89.9773	592.163	-34.0012
89.9773	602.93	-34.2163
89.9773	613.696	-23.2015
89.9773	624.463	-16.3956
89.9773	635.229	-19.7944
89.9773	645.996	-33.6264
89.9773	656.763	-34.3853
89.9773	667.529	-34.4759
89.9773	678.296	-20.9632
89.9773	689.062	-17.027
89.9773	699.829	-20.9632
89.9773	710.596	-34.4759
89.9773	721.362	-34.3853
89.9773	732.129	-33.6264
89.9773	742.896	-19.7944
89.9773	753.662	-16.3956
89.9773	764.429	-23.2015
89.9773	775.195	-34.2163
89.9773	785.962	-34.0012
89.9773	796.729	-30.417
89.9773	807.495	-18.7494
89.9773	818.262	-15.1302
89.9773	829.028	-27.7295
89.9773	839.795	-33.9481
89.9773	850.562	-32.8639
89.9773	861.328	-26.5619
89.9773	872.095	-16.6336
89.9773	882.861	-14.1483
89.9773	893.628	-39.9704
89.9773	904.395	-32.765
89.9773	915.161	-31.344
89.9773	925.928	-23.2427
89.9773	936.694	-13.2029
89.9773	947.461	-13.9458
89.9773	958.228	-35.4477
89.9773	968.994	-31.0192
89.9773	979.761	-30.4087
89.9773	990.527	-19.9936
89.9773	1001.29	-9.45976
89.9773	1012.06	-14.7207
89.9773	1022.83	-29.887
89.9773	1033.59	-29.6002
89.9773	1044.36	-28.8017
89.9773	1055.13	-14.8747
89.9773	1065.89	-6.00296
89.9773	1076.66	-16.1527
89.9773	1087.43	-28.4769
89.9773	1098.19	-27.5205
89.9773	1108.96	-24.1497
89.9773	1119.73	-7.8684
89.9773	1130.49	-2.74956
89.9773	1141.26	-16.2363
89.9773	1152.03	-26.0077
89.9773	1162.79	-24.7146
89.9773	1173.56	-18.0996
89.9773	1184.33	-0.288736
89.9773	1195.09	0.933653
89.9773	1205.86	-13.6964
89.9773	1216.63	-22.4596
89.9773	1227.39	-24.1465
89.9773	1238.16	-6.82939
89.9773	1248.93	8.47946
89.9773	1259.69	6.53004
89.9773	1270.46	-10.7497
89.9773	1281.23	-21.7934
89.9773	1291.99	-24.3043
89.9773	1302.76	12.4141
89.9773	1313.53	23.0313
89.9773	1324.29	18.6453
89.9773	1335.06	-7.86491
89.9773	1345.83	-26.2073
89.9773	1356.59	-17.6668
89.9773	1367.36	25.4696

